#pseudo_abSOLiD_PROFILE
#pos	correct_base	wrong_base	error_rate_1st_read	error_rate_2nd_read
1	A	C	0.001491472	0.003540099
1	A	G	0.0005228	0.001881661
1	A	T	0.003993545	0.001631635
1	C	A	0.00084175	0.001688864
1	C	G	0.00017073	0.001217646
1	C	T	0.001824878	0.001543672
1	G	A	0.011333555	0.018190343
1	G	C	0.014223573	0.00469467
1	G	T	0.041205956	0.004096364
1	T	A	0.000668773	0.001219377
1	T	C	0.000637655	0.00193854
1	T	G	0.000275589	0.000919703
2	0	1	0.00104186	0.00203082
2	0	2	0.01380150	0.00751211
2	0	3	0.00171685	0.00162039
2	1	0	0.00102559	0.00101222
2	1	2	0.00195810	0.00192667
2	1	3	0.00220087	0.00097416
2	2	0	0.00118661	0.00082630
2	2	1	0.00108500	0.00039359
2	2	3	0.00137958	0.00027003
2	3	0	0.00172950	0.00129234
2	3	1	0.00194700	0.00120842
2	3	2	0.00212890	0.00127082
3	0	1	0.001041867	0.002030822
3	0	2	0.013801504	0.007512114
3	0	3	0.001716858	0.001620399
3	1	0	0.001025594	0.001012225
3	1	2	0.001958103	0.001926673
3	1	3	0.002200878	0.000974162
3	2	0	0.001186617	0.000826307
3	2	1	0.001085001	0.00039359
3	2	3	0.001379582	0.00027003
3	3	0	0.001729502	0.001292348
3	3	1	0.001947007	0.001208428
3	3	2	0.002128902	0.001270821
4	0	1	0.00376717	0.00236906
4	0	2	0.00891992	0.00536910
4	0	3	0.00400254	0.00214361
4	1	0	0.00237364	0.00159790
4	1	2	0.00404306	0.00195993
4	1	3	0.00360902	0.00172923
4	2	0	0.00163894	0.00077381
4	2	1	0.00163749	0.00052109
4	2	3	0.00172240	0.00041561
4	3	0	0.00249707	0.00157038
4	3	1	0.00322362	0.00174769
4	3	2	0.00289074	0.00170472
5	0	1	0.003767178	0.002369064
5	0	2	0.008919924	0.005369102
5	0	3	0.004002545	0.002143616
5	1	0	0.002373642	0.001597904
5	1	2	0.004043065	0.001959935
5	1	3	0.003609029	0.001729237
5	2	0	0.001638943	0.000773814
5	2	1	0.001637496	0.000521091
5	2	3	0.001722405	0.000415616
5	3	0	0.00249707	0.001570381
5	3	1	0.003223629	0.001747692
5	3	2	0.002890741	0.00170472
6	0	1	0.00242206	0.00309170
6	0	2	0.00806707	0.01027303
6	0	3	0.00230546	0.00241991
6	1	0	0.00250438	0.00314865
6	1	2	0.00122402	0.00652067
6	1	3	0.00146635	0.00225477
6	2	0	0.00090638	0.00173411
6	2	1	0.00035051	0.00154169
6	2	3	0.00030535	0.00093382
6	3	0	0.00329125	0.00245890
6	3	1	0.00175541	0.00234768
6	3	2	0.00098098	0.00327098
7	0	1	0.00242206	0.003091706
7	0	2	0.008067071	0.010273032
7	0	3	0.002305464	0.002419914
7	1	0	0.002504384	0.003148652
7	1	2	0.001224028	0.006520672
7	1	3	0.001466355	0.002254776
7	2	0	0.000906381	0.001734116
7	2	1	0.000350519	0.001541696
7	2	3	0.000305353	0.000933823
7	3	0	0.003291258	0.002458903
7	3	1	0.00175541	0.002347683
7	3	2	0.000980982	0.003270988
8	0	1	0.01785083	0.00463765
8	0	2	0.02684999	0.01393007
8	0	3	0.02926838	0.00940950
8	1	0	0.01512727	0.00096273
8	1	2	0.01739913	0.00276377
8	1	3	0.02451651	0.00681614
8	2	0	0.00818846	0.00062697
8	2	1	0.00746614	0.00070622
8	2	3	0.00708247	0.00459599
8	3	0	0.01533887	0.00220083
8	3	1	0.01292058	0.00303372
8	3	2	0.01313587	0.01697158
9	0	1	0.017850833	0.004637653
9	0	2	0.026849994	0.013930076
9	0	3	0.029268381	0.009409501
9	1	0	0.015127277	0.000962739
9	1	2	0.01739913	0.002763772
9	1	3	0.024516513	0.006816143
9	2	0	0.008188461	0.000626974
9	2	1	0.007466146	0.000706229
9	2	3	0.007082475	0.004595995
9	3	0	0.01533887	0.002200836
9	3	1	0.012920585	0.003033724
9	3	2	0.013135876	0.01697158
10	0	1	0.00378815	0.00134416
10	0	2	0.01763087	0.00693212
10	0	3	0.00537098	0.00157408
10	1	0	0.00737325	0.00153208
10	1	2	0.01370497	0.00212421
10	1	3	0.00536513	0.00187296
10	2	0	0.00240031	0.00073904
10	2	1	0.00088129	0.00036436
10	2	3	0.00190142	0.00053807
10	3	0	0.00777612	0.00164930
10	3	1	0.00459418	0.00156340
10	3	2	0.01406369	0.00204530
11	0	1	0.003788152	0.001344167
11	0	2	0.017630872	0.006932129
11	0	3	0.005370983	0.001574082
11	1	0	0.007373256	0.00153208
11	1	2	0.013704973	0.002124211
11	1	3	0.005365139	0.00187296
11	2	0	0.002400316	0.000739044
11	2	1	0.000881295	0.000364362
11	2	3	0.001901427	0.000538072
11	3	0	0.007776124	0.001649305
11	3	1	0.004594187	0.001563404
11	3	2	0.014063692	0.002045306
12	0	1	0.00186517	0.00233346
12	0	2	0.00796700	0.00769734
12	0	3	0.00185394	0.00330467
12	1	0	0.00279401	0.00200642
12	1	2	0.00326058	0.00315132
12	1	3	0.00211737	0.00297220
12	2	0	0.00073169	0.00104938
12	2	1	0.00037026	0.00093986
12	2	3	0.00057449	0.00158548
12	3	0	0.00276249	0.00227455
12	3	1	0.00203296	0.00249491
12	3	2	0.00291937	0.00412022
13	0	1	0.001865178	0.002333462
13	0	2	0.007967004	0.007697349
13	0	3	0.001853949	0.003304675
13	1	0	0.002794012	0.002006424
13	1	2	0.003260585	0.003151322
13	1	3	0.002117373	0.002972201
13	2	0	0.000731691	0.001049387
13	2	1	0.000370263	0.000939867
13	2	3	0.000574499	0.001585481
13	3	0	0.002762492	0.002274554
13	3	1	0.002032964	0.002494916
13	3	2	0.002919379	0.004120229
14	0	1	0.00593014	0.00562306
14	0	2	0.01010612	0.01457026
14	0	3	0.00345530	0.01145900
14	1	0	0.00514344	0.00425231
14	1	2	0.00492942	0.01147549
14	1	3	0.00319077	0.01093300
14	2	0	0.00195404	0.00279280
14	2	1	0.00254118	0.00393165
14	2	3	0.00109304	0.00802732
14	3	0	0.00523129	0.00696164
14	3	1	0.00642688	0.00778449
14	3	2	0.00444403	0.01749941
15	0	1	0.005930142	0.005623066
15	0	2	0.01010612	0.014570263
15	0	3	0.003455308	0.011459001
15	1	0	0.005143442	0.004252315
15	1	2	0.004929423	0.011475494
15	1	3	0.003190774	0.010933003
15	2	0	0.001954044	0.002792807
15	2	1	0.002541183	0.003931656
15	2	3	0.001093041	0.008027325
15	3	0	0.005231296	0.006961648
15	3	1	0.006426889	0.007784497
15	3	2	0.004444038	0.017499418
16	0	1	0.00155952	0.00371763
16	0	2	0.00562109	0.00658857
16	0	3	0.00116119	0.00327125
16	1	0	0.00356036	0.00364766
16	1	2	0.00167712	0.00664146
16	1	3	0.00172458	0.00390094
16	2	0	0.00121617	0.00179517
16	2	1	0.00049479	0.00225655
16	2	3	0.00035726	0.00194374
16	3	0	0.00350609	0.00437619
16	3	1	0.00209890	0.00423682
16	3	2	0.00129883	0.00359250
17	0	1	0.001559526	0.003717635
17	0	2	0.005621092	0.006588571
17	0	3	0.001161194	0.003271256
17	1	0	0.003560365	0.003647662
17	1	2	0.001677121	0.006641461
17	1	3	0.001724583	0.003900949
17	2	0	0.001216171	0.001795173
17	2	1	0.000494798	0.002256553
17	2	3	0.000357264	0.001943742
17	3	0	0.003506091	0.00437619
17	3	1	0.002098906	0.004236828
17	3	2	0.00129883	0.003592505
18	0	1	0.01044776	0.00473438
18	0	2	0.02324436	0.01066686
18	0	3	0.01303020	0.00308119
18	1	0	0.01302294	0.00293319
18	1	2	0.01234467	0.00575180
18	1	3	0.01299193	0.00257750
18	2	0	0.00526821	0.00125320
18	2	1	0.0069256	0.00202545
18	2	3	0.00506990	0.00088488
18	3	0	0.01253525	0.00357029
18	3	1	0.00836910	0.00493754
18	3	2	0.01710983	0.00510668
19	0	1	0.01044776	0.004734385
19	0	2	0.023244366	0.010666868
19	0	3	0.013030207	0.003081192
19	1	0	0.013022946	0.002933192
19	1	2	0.01234467	0.005751805
19	1	3	0.012991932	0.002577506
19	2	0	0.005268218	0.001253209
19	2	1	0.0069256	0.002025459
19	2	3	0.005069904	0.000884881
19	3	0	0.012535258	0.003570298
19	3	1	0.008369101	0.004937548
19	3	2	0.017109833	0.005106681
20	0	1	0.00669885	0.00395568
20	0	2	0.01466972	0.01419508
20	0	3	0.00636327	0.00457437
20	1	0	0.00455338	0.00296863
20	1	2	0.00689940	0.00720074
20	1	3	0.00511877	0.00466439
20	2	0	0.00300934	0.00106678
20	2	1	0.00374875	0.00191152
20	2	3	0.00318328	0.00219196
20	3	0	0.00420493	0.00446881
20	3	1	0.00503028	0.00535657
20	3	2	0.00686673	0.01197187
21	0	1	0.006698851	0.003955686
21	0	2	0.014669725	0.01419508
21	0	3	0.00636327	0.004574377
21	1	0	0.004553384	0.00296863
21	1	2	0.006899407	0.007200749
21	1	3	0.005118771	0.004664393
21	2	0	0.003009345	0.001066787
21	2	1	0.003748755	0.001911522
21	2	3	0.003183283	0.002191965
21	3	0	0.004204934	0.004468819
21	3	1	0.005030286	0.005356573
21	3	2	0.006866735	0.011971879
22	0	1	0.00262375	0.00592595
22	0	2	0.01000754	0.01342363
22	0	3	0.00424378	0.00755829
22	1	0	0.00316527	0.00333106
22	1	2	0.00463261	0.00638714
22	1	3	0.00398863	0.00627065
22	2	0	0.00137299	0.00250861
22	2	1	0.00079681	0.00441166
22	2	3	0.00155661	0.00484005
22	3	0	0.00233043	0.00435816
22	3	1	0.00198437	0.00611832
22	3	2	0.00365967	0.00883489
23	0	1	0.002623753	0.005925951
23	0	2	0.010007541	0.013423631
23	0	3	0.004243786	0.007558296
23	1	0	0.003165271	0.003331065
23	1	2	0.004632612	0.006387148
23	1	3	0.003988635	0.006270652
23	2	0	0.001372999	0.002508614
23	2	1	0.000796815	0.004411665
23	2	3	0.001556615	0.004840051
23	3	0	0.002330431	0.004358167
23	3	1	0.001984378	0.006118324
23	3	2	0.003659672	0.008834898
24	0	1	0.00789823	0.00382317
24	0	2	0.01180002	0.01268278
24	0	3	0.01107744	0.00499500
24	1	0	0.00508183	0.00531483
24	1	2	0.00573141	0.00959278
24	1	3	0.00764304	0.00467022
24	2	0	0.00298094	0.00221202
24	2	1	0.00335108	0.00218701
24	2	3	0.00539228	0.00248216
24	3	0	0.00808631	0.00817758
24	3	1	0.00932637	0.00520117
24	3	2	0.00700049	0.01509288
25	0	1	0.007898238	0.003823175
25	0	2	0.011800027	0.012682789
25	0	3	0.011077442	0.004995007
25	1	0	0.00508183	0.005314831
25	1	2	0.005731418	0.009592781
25	1	3	0.007643044	0.004670229
25	2	0	0.002980946	0.00221202
25	2	1	0.003351083	0.002187018
25	2	3	0.005392289	0.002482165
25	3	0	0.008086314	0.008177587
25	3	1	0.009326376	0.005201172
25	3	2	0.007000495	0.015092887
26	0	1	0.00299240	0.00317389
26	0	2	0.00747331	0.01161310
26	0	3	0.00210963	0.00300865
26	1	0	0.00304714	0.00244202
26	1	2	0.00168049	0.00412480
26	1	3	0.00180420	0.00188281
26	2	0	0.00123935	0.00080435
26	2	1	0.00093544	0.00051934
26	2	3	0.00060656	0.00047294
26	3	0	0.00389399	0.00277353
26	3	1	0.00343638	0.00243314
26	3	2	0.0023825	0.00441138
27	0	1	0.002992405	0.003173891
27	0	2	0.007473314	0.011613106
27	0	3	0.002109631	0.00300865
27	1	0	0.003047149	0.002442024
27	1	2	0.001680494	0.004124809
27	1	3	0.001804208	0.001882819
27	2	0	0.001239359	0.00080435
27	2	1	0.000935448	0.000519345
27	2	3	0.00060656	0.000472944
27	3	0	0.003893998	0.002773534
27	3	1	0.003436383	0.002433141
27	3	2	0.0023825	0.004411385
28	0	1	0.01708475	0.00418013
28	0	2	0.03013521	0.00933609
28	0	3	0.01494444	0.00386942
28	1	0	0.01464745	0.00383036
28	1	2	0.02262825	0.00333216
28	1	3	0.01202384	0.00265930
28	2	0	0.00788600	0.00181220
28	2	1	0.00877376	0.00122901
28	2	3	0.00622472	0.00107930
28	3	0	0.01479109	0.00455958
28	3	1	0.01526896	0.00355833
28	3	2	0.01970569	0.00432033
29	0	1	0.017084752	0.004180138
29	0	2	0.030135213	0.009336098
29	0	3	0.014944446	0.003869428
29	1	0	0.014647459	0.003830366
29	1	2	0.022628253	0.003332162
29	1	3	0.012023847	0.002659307
29	2	0	0.007886008	0.001812203
29	2	1	0.008773762	0.00122901
29	2	3	0.006224725	0.001079302
29	3	0	0.01479109	0.004559587
29	3	1	0.015268961	0.003558331
29	3	2	0.019705694	0.004320338
30	0	1	0.00575595	0.0043122
30	0	2	0.01231322	0.01170011
30	0	3	0.00388440	0.00474831
30	1	0	0.00554963	0.00616046
30	1	2	0.00636833	0.00648530
30	1	3	0.00328486	0.00414548
30	2	0	0.00296856	0.00255832
30	2	1	0.00230832	0.00149951
30	2	3	0.00138570	0.00194651
30	3	0	0.00606875	0.00612067
30	3	1	0.00557256	0.00402025
30	3	2	0.00652872	0.00625259
31	0	1	0.005755954	0.0043122
31	0	2	0.012313226	0.011700118
31	0	3	0.003884407	0.004748319
31	1	0	0.005549635	0.006160461
31	1	2	0.006368334	0.006485301
31	1	3	0.003284869	0.004145486
31	2	0	0.002968561	0.002558329
31	2	1	0.002308327	0.001499511
31	2	3	0.001385703	0.001946516
31	3	0	0.006068757	0.006120674
31	3	1	0.005572564	0.004020258
31	3	2	0.006528721	0.006252599
32	0	1	0.00389861	0.00528574
32	0	2	0.01473994	0.02077070
32	0	3	0.00447349	0.00648905
32	1	0	0.00434434	0.00626946
32	1	2	0.00877528	0.01180941
32	1	3	0.00404041	0.00541412
32	2	0	0.00367640	0.00231344
32	2	1	0.00412956	0.00167861
32	2	3	0.00271831	0.00183769
32	3	0	0.00277729	0.00844622
32	3	1	0.00276112	0.00607247
32	3	2	0.00544915	0.01215609
33	0	1	0.003898612	0.00528574
33	0	2	0.014739942	0.020770703
33	0	3	0.004473495	0.006489057
33	1	0	0.004344343	0.006269465
33	1	2	0.008775281	0.011809415
33	1	3	0.004040412	0.005414126
33	2	0	0.003676409	0.002313443
33	2	1	0.004129566	0.001678613
33	2	3	0.002718318	0.001837698
33	3	0	0.002777295	0.008446223
33	3	1	0.00276112	0.00607247
33	3	2	0.005449155	0.01215609
34	0	1	0.01864377	0.00805186
34	0	2	0.02613859	0.01761527
34	0	3	0.01700096	0.01362306
34	1	0	0.00929281	0.00791715
34	1	2	0.01589671	0.01119001
34	1	3	0.01276679	0.01180405
34	2	0	0.00482206	0.00529506
34	2	1	0.01002286	0.00457657
34	2	3	0.00745860	0.00854814
34	3	0	0.01111872	0.01791322
34	3	1	0.01762672	0.01443149
34	3	2	0.01640446	0.01722573
35	0	1	0.018643779	0.008051865
35	0	2	0.026138591	0.017615279
35	0	3	0.017000965	0.013623068
35	1	0	0.009292819	0.007917156
35	1	2	0.015896713	0.01119001
35	1	3	0.012766797	0.011804059
35	2	0	0.004822064	0.005295062
35	2	1	0.010022863	0.004576571
35	2	3	0.007458604	0.008548143
35	3	0	0.011118725	0.017913227
35	3	1	0.017626728	0.014431495
35	3	2	0.016404469	0.017225739
36	0	1	0.00601808	0.00662455
36	0	2	0.01086392	0.01650798
36	0	3	0.00538409	0.01191261
36	1	0	0.00650086	0.00563988
36	1	2	0.00515895	0.01119589
36	1	3	0.00428176	0.01075090
36	2	0	0.00271707	0.00479644
36	2	1	0.00145480	0.00455846
36	2	3	0.00142033	0.00818589
36	3	0	0.00897196	0.01802653
36	3	1	0.00689824	0.01381340
36	3	2	0.00613744	0.02216287
37	0	1	0.006018086	0.006624554
37	0	2	0.010863922	0.016507984
37	0	3	0.005384094	0.011912614
37	1	0	0.00650086	0.005639885
37	1	2	0.005158952	0.01119589
37	1	3	0.004281765	0.010750909
37	2	0	0.00271707	0.004796442
37	2	1	0.001454805	0.004558463
37	2	3	0.00142033	0.008185898
37	3	0	0.008971969	0.018026534
37	3	1	0.00689824	0.013813402
37	3	2	0.006137444	0.022162872
38	0	1	0.02543939	0.00723720
38	0	2	0.04526174	0.01532885
38	0	3	0.01986440	0.00601076
38	1	0	0.02044804	0.00738954
38	1	2	0.03186915	0.00903364
38	1	3	0.01380785	0.0047018
38	2	0	0.01001471	0.00284581
38	2	1	0.01592741	0.00302672
38	2	3	0.00694073	0.00185252
38	3	0	0.02299390	0.00705258
38	3	1	0.02108852	0.00608376
38	3	2	0.03583499	0.00810963
39	0	1	0.025439397	0.007237204
39	0	2	0.04526174	0.015328855
39	0	3	0.019864403	0.006010766
39	1	0	0.020448042	0.007389543
39	1	2	0.031869155	0.009033645
39	1	3	0.013807853	0.0047018
39	2	0	0.010014713	0.002845816
39	2	1	0.015927416	0.003026724
39	2	3	0.006940736	0.00185252
39	3	0	0.022993901	0.007052588
39	3	1	0.021088527	0.006083767
39	3	2	0.035834997	0.00810963
40	0	1	0.00978622	0.00762352
40	0	2	0.02737370	0.02056522
40	0	3	0.00684321	0.00785825
40	1	0	0.00681249	0.01252538
40	1	2	0.01435140	0.01770449
40	1	3	0.00474675	0.00816119
40	2	0	0.00364294	0.00747737
40	2	1	0.00290468	0.00352344
40	2	3	0.00209074	0.00403430
40	3	0	0.00978491	0.02358333
40	3	1	0.00933886	0.01315636
40	3	2	0.01686790	0.03261044
41	0	1	0.009786222	0.007623524
41	0	2	0.027373703	0.020565223
41	0	3	0.006843219	0.007858259
41	1	0	0.006812495	0.01252538
41	1	2	0.014351402	0.017704492
41	1	3	0.00474675	0.008161199
41	2	0	0.003642941	0.007477378
41	2	1	0.002904684	0.003523449
41	2	3	0.002090741	0.004034303
41	3	0	0.009784911	0.023583339
41	3	1	0.009338869	0.013156369
41	3	2	0.016867904	0.032610445
42	0	1	0.00393162	0.00733396
42	0	2	0.01005842	0.02066319
42	0	3	0.00381687	0.00953233
42	1	0	0.00728746	0.01466166
42	1	2	0.00569300	0.01620474
42	1	3	0.00443579	0.00917959
42	2	0	0.00321560	0.00834455
42	2	1	0.00172413	0.00471840
42	2	3	0.00180794	0.00518036
42	3	0	0.00677907	0.01435908
42	3	1	0.00430265	0.00848561
42	3	2	0.00555673	0.01656107
43	0	1	0.003931625	0.007333962
43	0	2	0.010058424	0.020663191
43	0	3	0.003816873	0.009532338
43	1	0	0.007287462	0.014661663
43	1	2	0.005693007	0.016204744
43	1	3	0.004435799	0.009179595
43	2	0	0.003215603	0.008344554
43	2	1	0.001724135	0.004718405
43	2	3	0.001807944	0.005180361
43	3	0	0.006779071	0.01435908
43	3	1	0.004302658	0.008485619
43	3	2	0.005556738	0.016561075
44	0	1	0.03815834	0.00807259
44	0	2	0.05773244	0.01944170
44	0	3	0.03042924	0.00838734
44	1	0	0.02370768	0.01294531
44	1	2	0.04761506	0.01269045
44	1	3	0.02341449	0.00627776
44	2	0	0.01216417	0.00659016
44	2	1	0.02733958	0.00356496
44	2	3	0.02604026	0.00286027
44	3	0	0.02272979	0.01476622
44	3	1	0.03607399	0.00752089
44	3	2	0.05084586	0.01274503
45	0	1	0.038158348	0.008072597
45	0	2	0.057732449	0.019441703
45	0	3	0.030429245	0.00838734
45	1	0	0.023707683	0.012945314
45	1	2	0.047615069	0.012690454
45	1	3	0.023414496	0.006277765
45	2	0	0.01216417	0.006590169
45	2	1	0.027339589	0.00356496
45	2	3	0.026040266	0.002860271
45	3	0	0.02272979	0.014766222
45	3	1	0.036073993	0.007520893
45	3	2	0.050845864	0.012745037
46	0	1	0.00880251	0.00918655
46	0	2	0.01381512	0.01637827
46	0	3	0.00793688	0.00706125
46	1	0	0.01162375	0.01022949
46	1	2	0.01223435	0.00989576
46	1	3	0.00825166	0.00602434
46	2	0	0.00532124	0.00472604
46	2	1	0.00363982	0.00334731
46	2	3	0.00331264	0.00299616
46	3	0	0.01314857	0.01286355
46	3	1	0.01053700	0.01134268
46	3	2	0.01105923	0.01428954
47	0	1	0.00880251	0.009186558
47	0	2	0.013815128	0.016378273
47	0	3	0.007936886	0.007061252
47	1	0	0.011623758	0.010229491
47	1	2	0.012234354	0.009895769
47	1	3	0.008251664	0.006024348
47	2	0	0.005321241	0.004726044
47	2	1	0.003639825	0.003347314
47	2	3	0.003312643	0.002996169
47	3	0	0.013148572	0.012863559
47	3	1	0.010537002	0.011342686
47	3	2	0.011059239	0.014289549
48	0	1	0.04800164	0.01514939
48	0	2	0.06259872	0.03492245
48	0	3	0.02493605	0.02718112
48	1	0	0.03462989	0.01411057
48	1	2	0.05247184	0.02702320
48	1	3	0.02136353	0.02358427
48	2	0	0.02237032	0.01127772
48	2	1	0.03377654	0.01109451
48	2	3	0.01207812	0.01656626
48	3	0	0.04339602	0.02343095
48	3	1	0.04803501	0.02255079
48	3	2	0.06777358	0.03810122
49	0	1	0.048001645	0.015149399
49	0	2	0.062598726	0.034922453
49	0	3	0.02493605	0.027181126
49	1	0	0.03462989	0.014110578
49	1	2	0.052471844	0.027023203
49	1	3	0.021363538	0.023584273
49	2	0	0.022370322	0.011277727
49	2	1	0.033776543	0.011094514
49	2	3	0.012078127	0.016566268
49	3	0	0.043396028	0.023430956
49	3	1	0.048035016	0.022550793
49	3	2	0.067773589	0.03810122
50	0	1	0.01849010	0.00958313
50	0	2	0.04106277	0.03772358
50	0	3	0.01291368	0.00776518
50	1	0	0.01496892	0.02301828
50	1	2	0.02704415	0.04120799
50	1	3	0.00917771	0.00710451
50	2	0	0.00443913	0.00958591
50	2	1	0.00461679	0.00323925
50	2	3	0.00301560	0.00198590
50	3	0	0.01147755	0.02490890
50	3	1	0.01200284	0.00939580
50	3	2	0.02295427	0.03840429
51	0	1	0.018490106	0.009583132
51	0	2	0.041062775	0.037723588
51	0	3	0.012913682	0.00776518
51	1	0	0.014968923	0.023018289
51	1	2	0.027044152	0.041207995
51	1	3	0.009177716	0.007104519
51	2	0	0.004439133	0.009585916
51	2	1	0.004616796	0.003239251
51	2	3	0.003015603	0.001985903
51	3	0	0.011477555	0.024908905
51	3	1	0.012002844	0.009395805
51	3	2	0.02295427	0.038404298
52	0	1	0.01292992	0.02451676
52	0	2	0.02925072	0.04220595
52	0	3	0.01983150	0.02339764
52	1	0	0.00972155	0.02673585
52	1	2	0.02281701	0.04179348
52	1	3	0.01545652	0.02045773
52	2	0	0.00492104	0.01733993
52	2	1	0.00566124	0.01641561
52	2	3	0.00751819	0.01341063
52	3	0	0.00999097	0.03261347
52	3	1	0.01096490	0.02552635
52	3	2	0.01997669	0.04319519
53	0	1	0.01292992	0.024516765
53	0	2	0.029250729	0.042205954
53	0	3	0.019831506	0.023397647
53	1	0	0.009721553	0.026735855
53	1	2	0.022817011	0.041793488
53	1	3	0.015456525	0.020457739
53	2	0	0.004921041	0.017339937
53	2	1	0.00566124	0.016415615
53	2	3	0.007518199	0.013410633
53	3	0	0.009990973	0.032613473
53	3	1	0.010964902	0.025526353
53	3	2	0.019976693	0.043195199
54	0	1	0.09947409	0.01114909
54	0	2	0.11218549	0.03693096
54	0	3	0.07648745	0.01090767
54	1	0	0.08575403	0.03316896
54	1	2	0.12189356	0.03255128
54	1	3	0.07541482	0.00954395
54	2	0	0.07083030	0.01519673
54	2	1	0.08185229	0.00501988
54	2	3	0.06601390	0.00335406
54	3	0	0.08760080	0.03573701
54	3	1	0.10308362	0.01118601
54	3	2	0.11737685	0.03317179
55	0	1	0.099474099	0.011149097
55	0	2	0.112185493	0.036930968
55	0	3	0.076487451	0.010907671
55	1	0	0.085754033	0.033168966
55	1	2	0.121893566	0.03255128
55	1	3	0.075414822	0.009543953
55	2	0	0.070830305	0.015196735
55	2	1	0.081852298	0.005019883
55	2	3	0.066013903	0.003354068
55	3	0	0.087600805	0.035737019
55	3	1	0.10308362	0.011186014
55	3	2	0.117376858	0.033171793
56	0	1	0.04005344	0.01592946
56	0	2	0.05671519	0.04747612
56	0	3	0.08490574	0.01880419
56	1	0	0.02333351	0.02002532
56	1	2	0.04720658	0.03983111
56	1	3	0.08881892	0.01513303
56	2	0	0.01646800	0.01312592
56	2	1	0.03195924	0.00997160
56	2	3	0.05458223	0.00922562
56	3	0	0.01403955	0.02628674
56	3	1	0.03339574	0.01671797
56	3	2	0.03670473	0.04906895
57	0	1	0.040053443	0.015929462
57	0	2	0.056715195	0.047476125
57	0	3	0.084905748	0.018804199
57	1	0	0.023333511	0.020025324
57	1	2	0.047206589	0.039831114
57	1	3	0.088818923	0.01513303
57	2	0	0.016468009	0.013125928
57	2	1	0.031959242	0.009971606
57	2	3	0.054582235	0.009225621
57	3	0	0.014039552	0.026286742
57	3	1	0.033395748	0.01671797
57	3	2	0.036704737	0.049068959
58	0	1	0.05430814	0.01761576
58	0	2	0.08473895	0.03433151
58	0	3	0.04166320	0.01598540
58	1	0	0.06414768	0.02732854
58	1	2	0.08207038	0.02785812
58	1	3	0.03381878	0.01358473
58	2	0	0.04952909	0.02245640
58	2	1	0.03973396	0.00997637
58	2	3	0.02290424	0.00999035
58	3	0	0.06524659	0.03964607
58	3	1	0.05236621	0.02253302
58	3	2	0.09580037	0.03344490
59	0	1	0.054308142	0.017615766
59	0	2	0.084738953	0.034331514
59	0	3	0.041663206	0.015985406
59	1	0	0.064147687	0.027328546
59	1	2	0.082070385	0.027858121
59	1	3	0.033818782	0.013584731
59	2	0	0.049529095	0.022456409
59	2	1	0.03973396	0.009976378
59	2	3	0.022904249	0.009990358
59	3	0	0.065246597	0.039646073
59	3	1	0.052366219	0.022533021
59	3	2	0.095800379	0.033444907
60	0	1	0.03443916	0.02737248
60	0	2	0.04258984	0.05603403
60	0	3	0.01704604	0.03305806
60	1	0	0.03548141	0.05892070
60	1	2	0.05122015	0.07691720
60	1	3	0.01829777	0.02514635
60	2	0	0.01520740	0.04703295
60	2	1	0.02068401	0.01497688
60	2	3	0.00842883	0.01453653
60	3	0	0.03364225	0.05665753
60	3	1	0.03938968	0.02219896
60	3	2	0.04045391	0.06902374
61	0	1	0.034439167	0.027372483
61	0	2	0.042589846	0.056034032
61	0	3	0.017046049	0.033058066
61	1	0	0.035481418	0.058920704
61	1	2	0.051220152	0.076917205
61	1	3	0.018297773	0.025146356
61	2	0	0.015207405	0.047032954
61	2	1	0.020684018	0.014976889
61	2	3	0.00842883	0.014536539
61	3	0	0.033642255	0.056657532
61	3	1	0.039389681	0.022198961
61	3	2	0.040453911	0.069023743
62	0	1	0.06265716	0.02920891
62	0	2	0.07560083	0.06199076
62	0	3	0.03627865	0.03632931
62	1	0	0.03560780	0.04956789
62	1	2	0.07262080	0.08320218
62	1	3	0.03507984	0.02909063
62	2	0	0.02580506	0.04415126
62	2	1	0.03300677	0.01538289
62	2	3	0.02739656	0.01557630
62	3	0	0.03787242	0.05197837
62	3	1	0.06308371	0.03008153
62	3	2	0.06873485	0.08222006
63	0	1	0.062657166	0.029208916
63	0	2	0.075600831	0.061990761
63	0	3	0.036278653	0.036329317
63	1	0	0.035607805	0.049567892
63	1	2	0.072620808	0.083202188
63	1	3	0.03507984	0.02909063
63	2	0	0.025805069	0.044151269
63	2	1	0.033006774	0.015382894
63	2	3	0.02739656	0.015576309
63	3	0	0.037872425	0.051978373
63	3	1	0.063083717	0.030081533
63	3	2	0.068734859	0.08222006
64	0	1	0.10011229	0.02257356
64	0	2	0.11323839	0.08066579
64	0	3	0.08882710	0.02211399
64	1	0	0.08660070	0.04151958
64	1	2	0.12020038	0.08292800
64	1	3	0.08382342	0.01897563
64	2	0	0.06291398	0.02716390
64	2	1	0.09315125	0.01113954
64	2	3	0.07255879	0.00674765
64	3	0	0.09096955	0.04171335
64	3	1	0.10329630	0.02320284
64	3	2	0.11418309	0.08095648
65	0	1	0.100112294	0.02257356
65	0	2	0.113238397	0.080665794
65	0	3	0.088827102	0.022113997
65	1	0	0.086600704	0.041519588
65	1	2	0.120200387	0.082928002
65	1	3	0.083823424	0.018975636
65	2	0	0.062913983	0.027163907
65	2	1	0.093151256	0.011139543
65	2	3	0.072558799	0.006747657
65	3	0	0.090969551	0.041713352
65	3	1	0.103296306	0.023202841
65	3	2	0.11418309	0.080956489
66	0	1	0.07107510	0.03051406
66	0	2	0.07993595	0.08820733
66	0	3	0.04088982	0.02451757
66	1	0	0.03616155	0.03599495
66	1	2	0.07413758	0.07172901
66	1	3	0.03823059	0.02055788
66	2	0	0.02482911	0.02851258
66	2	1	0.04861861	0.02100989
66	2	3	0.02615505	0.01200733
66	3	0	0.04429404	0.04698350
66	3	1	0.07261405	0.03932368
66	3	2	0.07956130	0.10128651
67	0	1	0.071075103	0.030514068
67	0	2	0.079935956	0.088207334
67	0	3	0.040889823	0.024517577
67	1	0	0.036161556	0.035994955
67	1	2	0.074137586	0.07172901
67	1	3	0.038230596	0.02055788
67	2	0	0.024829114	0.028512589
67	2	1	0.048618619	0.021009897
67	2	3	0.026155055	0.012007338
67	3	0	0.044294048	0.046983506
67	3	1	0.072614052	0.039323687
67	3	2	0.079561304	0.10128651
68	0	1	0.11159166	0.03040903
68	0	2	0.13715948	0.08079773
68	0	3	0.08507329	0.02162578
68	1	0	0.09990246	0.03840348
68	1	2	0.12375496	0.07190002
68	1	3	0.07293125	0.01709070
68	2	0	0.05962979	0.03470116
68	2	1	0.07903131	0.02098971
68	2	3	0.05894819	0.00970379
68	3	0	0.09796394	0.05029246
68	3	1	0.10651909	0.03874874
68	3	2	0.13598815	0.08715701
69	0	1	0.111591665	0.030409034
69	0	2	0.137159484	0.080797736
69	0	3	0.085073292	0.021625781
69	1	0	0.099902469	0.03840348
69	1	2	0.123754967	0.071900028
69	1	3	0.072931258	0.017090703
69	2	0	0.05962979	0.03470116
69	2	1	0.079031315	0.02098971
69	2	3	0.058948194	0.009703795
69	3	0	0.097963949	0.050292462
69	3	1	0.106519093	0.038748743
69	3	2	0.135988156	0.087157018
70	0	1	0.111591665	0.030409034
70	0	2	0.137159484	0.080797736
70	0	3	0.085073292	0.021625781
70	1	0	0.099902469	0.03840348
70	1	2	0.123754967	0.071900028
70	1	3	0.072931258	0.017090703
70	2	0	0.05962979	0.03470116
70	2	1	0.079031315	0.02098971
70	2	3	0.058948194	0.009703795
70	3	0	0.097963949	0.050292462
70	3	1	0.106519093	0.038748743
70	3	2	0.135988156	0.087157018
71	0	1	0.111591665	0.030409034
71	0	2	0.137159484	0.080797736
71	0	3	0.085073292	0.021625781
71	1	0	0.099902469	0.03840348
71	1	2	0.123754967	0.071900028
71	1	3	0.072931258	0.017090703
71	2	0	0.05962979	0.03470116
71	2	1	0.079031315	0.02098971
71	2	3	0.058948194	0.009703795
71	3	0	0.097963949	0.050292462
71	3	1	0.106519093	0.038748743
71	3	2	0.135988156	0.087157018
72	0	1	0.111591665	0.030409034
72	0	2	0.137159484	0.080797736
72	0	3	0.085073292	0.021625781
72	1	0	0.099902469	0.03840348
72	1	2	0.123754967	0.071900028
72	1	3	0.072931258	0.017090703
72	2	0	0.05962979	0.03470116
72	2	1	0.079031315	0.02098971
72	2	3	0.058948194	0.009703795
72	3	0	0.097963949	0.050292462
72	3	1	0.106519093	0.038748743
72	3	2	0.135988156	0.087157018
73	0	1	0.111591665	0.030409034
73	0	2	0.137159484	0.080797736
73	0	3	0.085073292	0.021625781
73	1	0	0.099902469	0.03840348
73	1	2	0.123754967	0.071900028
73	1	3	0.072931258	0.017090703
73	2	0	0.05962979	0.03470116
73	2	1	0.079031315	0.02098971
73	2	3	0.058948194	0.009703795
73	3	0	0.097963949	0.050292462
73	3	1	0.106519093	0.038748743
73	3	2	0.135988156	0.087157018
74	0	1	0.111591665	0.030409034
74	0	2	0.137159484	0.080797736
74	0	3	0.085073292	0.021625781
74	1	0	0.099902469	0.03840348
74	1	2	0.123754967	0.071900028
74	1	3	0.072931258	0.017090703
74	2	0	0.05962979	0.03470116
74	2	1	0.079031315	0.02098971
74	2	3	0.058948194	0.009703795
74	3	0	0.097963949	0.050292462
74	3	1	0.106519093	0.038748743
74	3	2	0.135988156	0.087157018
75	0	1	0.111591665	0.030409034
75	0	2	0.137159484	0.080797736
75	0	3	0.085073292	0.021625781
75	1	0	0.099902469	0.03840348
75	1	2	0.123754967	0.071900028
75	1	3	0.072931258	0.017090703
75	2	0	0.05962979	0.03470116
75	2	1	0.079031315	0.02098971
75	2	3	0.058948194	0.009703795
75	3	0	0.097963949	0.050292462
75	3	1	0.106519093	0.038748743
75	3	2	0.135988156	0.087157018
76	0	1	0.111591666	0.030409035
76	0	2	0.137159485	0.080797737
76	0	3	0.085073293	0.021625782
76	1	0	0.099902470	0.03840349
76	1	2	0.123754968	0.071900029
76	1	3	0.072931259	0.017090704
76	2	0	0.059629800	0.03470117
76	2	1	0.079031316	0.02098972
76	2	3	0.058948195	0.009703796
76	3	0	0.097963950	0.050292463
76	3	1	0.106519094	0.038748744
76	3	2	0.135988157	0.087157019
*end_of_profile
