.	0	2	3	4	5	6	7	8	9	10	11	12	13	14	15	16	17	18	19	20	21	22	23	24	25	26	27	28	29	30	31	32	33	34	35	36	37	38	39	40	
.	0	133338	614191	1675932	2790927	3375304	3981208	4613689	5278073	6760237	7582674	8438061	9433478	10439379	11538403	12715659	13970695	15326978	16896411	18399855	20112198	21906071	23596870	25599309	27695298	30364004	34137058	36151102	68189890	74673944	76039720	77378041	78692138	79974410	81226226	82444594	83632585	84784158	85900295	136948695	
.	1	2	3	4	5	6	7	8	9	10	11	12	13	14	15	16	17	18	19	20	21	22	23	24	25	26	27	28	29	30	31	32	33	34	35	36	37	38	39	40	
.	1	212243	875164	2297801	3773167	4532713	5309608	6108722	6931195	8749989	9727641	10725527	11855743	12978478	14187278	15440829	16770245	18165109	19802347	21311048	23000126	24816943	26453147	28413153	30476973	33171432	37177060	39139408	69986925	75821330	77019387	78190628	79337144	80456234	81545217	82605965	83638966	84636982	85607800	136948695	
.	2	2	3	4	5	6	7	8	9	10	11	12	13	14	15	16	17	18	19	20	21	22	23	24	25	26	27	28	29	30	31	32	33	34	35	36	37	38	39	40	
.	2	207954	862482	2268528	3726853	4478779	5247447	6038036	6854187	8660539	9631356	10621845	11743594	12854368	14054630	15296460	16617104	18001886	19622545	21110916	22777900	24573932	26193583	28122750	30157436	32808698	36732901	38655409	69435211	75480725	76662630	77817350	78944157	80042673	81111995	82153417	83165546	84146723	85099029	136948695	
.	3	2	3	4	5	6	7	8	9	10	11	12	13	14	15	16	17	18	19	20	21	22	23	24	25	26	27	28	29	30	31	32	33	34	35	36	37	38	39	40	
.	3	227209	921396	2371835	3877901	4653187	5443466	6258209	7098218	8948749	9947100	10960222	12109240	13249013	14476408	15748419	17100844	18514892	20160899	21686046	23384221	25200199	26844742	28801486	30851269	33509016	37372143	39308715	70278787	76361742	77559904	78729161	79868086	80975837	82052342	83096235	84108757	85085821	86033085	136948695	
.	4	2	3	4	5	6	7	8	9	10	11	12	13	14	15	16	17	18	19	20	21	22	23	24	25	26	27	28	29	30	31	32	33	34	35	36	37	38	39	40	
.	4	237014	959096	2455180	4010036	4814541	5640434	6491015	7373885	9329364	10385542	11461730	12674308	13887276	15197241	16550894	17990403	19487422	21239417	22851768	24649672	26592306	28335198	30412329	32599170	35412897	39619438	41699377	72382201	78001945	79233998	80433996	81604748	82738206	83837558	84900848	85931284	86923678	87883854	136948695	
.	5	2	3	4	5	6	7	8	9	10	11	12	13	14	15	16	17	18	19	20	21	22	23	24	25	26	27	28	29	30	31	32	33	34	35	36	37	38	39	40	
.	5	285548	1093361	2702308	4376747	5245941	6135448	7059183	8016001	10140867	11296327	12477643	13805987	15137920	16582159	18067975	19650686	21289145	23195137	24959347	26907039	29007258	30890735	33121706	35455684	38440187	42867997	45087579	75714367	81122592	82429444	83697510	84923224	86109421	87255320	88361920	89428505	90453103	91440739	136948695	
.	6	2	3	4	5	6	7	8	9	10	11	12	13	14	15	16	17	18	19	20	21	22	23	24	25	26	27	28	29	30	31	32	33	34	35	36	37	38	39	40	
.	6	305194	1158215	2825121	4567030	5471970	6404648	7374950	8388498	10646272	11878970	13141537	14562392	15985280	17517749	19100758	20776538	22504619	24501219	26367682	28399566	30564888	32508063	34810159	37200292	40262214	44749850	47015193	77450395	82825698	84139485	85409075	86634789	87817362	88958003	90057734	91116630	92132461	93109992	136948695	
.	7	2	3	4	5	6	7	8	9	10	11	12	13	14	15	16	17	18	19	20	21	22	23	24	25	26	27	28	29	30	31	32	33	34	35	36	37	38	39	40	
.	7	340800	1252186	2994954	4826273	5783585	6773127	7804209	8877342	11280895	12594295	13940441	15456374	16970944	18601542	20283598	22062754	23886127	25991562	27966800	30096419	32353283	34369351	36757686	39232187	42415465	47046557	49371876	79449312	84674855	85988594	87254811	88476028	89649755	90777924	91861352	92904033	93902677	94859697	136948695	
.	8	2	3	4	5	6	7	8	9	10	11	12	13	14	15	16	17	18	19	20	21	22	23	24	25	26	27	28	29	30	31	32	33	34	35	36	37	38	39	40	
.	8	397423	1405964	3273488	5243842	6277101	7346839	8466691	9638646	12263602	13696604	15165689	16803631	18444813	20210990	22020222	23927636	25873190	28116115	30212568	32462650	34846548	36966431	39459679	42054501	45394800	50235652	52678427	82459592	87545087	88911235	90225367	91491634	92708829	93875837	94997856	96073506	97105442	98096376	136948695	
.	9	2	3	4	5	6	7	8	9	10	11	12	13	14	15	16	17	18	19	20	21	22	23	24	25	26	27	28	29	30	31	32	33	34	35	36	37	38	39	40	
.	9	422395	1479245	3408593	5451378	6526435	7641289	8807069	10025982	12772926	14268710	15809368	17520730	19232713	21075408	22957569	24948050	26958415	29309412	31484060	33806985	36293080	38484295	41070195	43766245	47251677	52381219	54933532	83983962	88732715	90095022	91405981	92667666	93878240	95038719	96151945	97224949	98250729	99233392	136948695	
.	10	2	3	4	5	6	7	8	9	10	11	12	13	14	15	16	17	18	19	20	21	22	23	24	25	26	27	28	29	30	31	32	33	34	35	36	37	38	39	40	
.	10	454676	1577985	3588389	5736977	6876035	8063695	9316159	10635312	13616046	15244217	16917589	18769163	20618483	22604160	24615904	26738951	28869730	31355751	33636533	36057063	38650242	40886089	43544495	46326637	49885485	55131499	57735709	89423973	91086002	92442447	93743638	94994478	96189470	97334228	98431987	99484592	100492872	101456355	136948695	
.	11	2	3	4	5	6	7	8	9	10	11	12	13	14	15	16	17	18	19	20	21	22	23	24	25	26	27	28	29	30	31	32	33	34	35	36	37	38	39	40	
.	11	483067	1670532	3766393	6016114	7214184	8462690	9782533	11173462	14317287	16029995	17790104	19718656	21655588	23738092	25842204	28041625	30252864	32823687	35165118	37648208	40321830	42610939	45316620	48193941	51826666	57205808	59867022	91146263	92824371	94192317	95505887	96763926	97966714	99118673	100222621	101278755	102292634	103260324	136948695	
.	12	2	3	4	5	6	7	8	9	10	11	12	13	14	15	16	17	18	19	20	21	22	23	24	25	26	27	28	29	30	31	32	33	34	35	36	37	38	39	40	
.	12	532017	1805659	4033391	6660259	7950021	9361995	10891376	12541102	15995814	17849063	19813213	21881759	24017986	26210578	28499226	30918891	33243734	35850433	38275446	40849388	43701408	46165773	49023520	52160203	55678072	61336785	64094233	94303661	95998304	97407209	98754863	100043931	101275548	102454131	103578659	104654541	105682220	106662340	136948695	
.	13	2	3	4	5	6	7	8	9	10	11	12	13	14	15	16	17	18	19	20	21	22	23	24	25	26	27	28	29	30	31	32	33	34	35	36	37	38	39	40	
.	13	648679	2090014	4478686	7298924	8689364	10209630	11861803	13641425	17387512	19391280	21516488	23746975	26049004	28407230	30849133	33431924	35895999	38658103	41209260	43909005	46903661	49483299	52463505	55739800	59408609	65307154	68188414	97504841	99220091	100648267	102006789	103302442	104537784	105715105	106836387	107906198	108924265	109895727	136948695	
.	14	2	3	4	5	6	7	8	9	10	11	12	13	14	15	16	17	18	19	20	21	22	23	24	25	26	27	28	29	30	31	32	33	34	35	36	37	38	39	40	
.	14	668973	2167773	4661735	7649091	9133805	10775739	12570904	14513173	18599034	20783520	23096404	25508329	27996002	30533514	33134261	35883516	38484640	41389082	44047120	46852187	49962757	52627235	55686544	59046932	62785775	68809001	71791053	100519469	102224240	103639840	104983873	106263764	107478548	108629362	109724604	110765368	111752487	112690268	136948695	
.	15	2	3	4	5	6	7	8	9	10	11	12	13	14	15	16	17	18	19	20	21	22	23	24	25	26	27	28	29	30	31	32	33	34	35	36	37	38	39	40	
.	15	727252	2312492	4937414	8034919	9596806	11332054	13233219	15292483	19617267	21921988	24353780	26881225	29484219	32124334	34827304	37672518	40323191	43301646	46016025	48877528	52046478	54758727	57857689	61283718	65132748	71227950	74304121	102145445	103812284	105193465	106503532	107747644	108927128	110044903	111104529	112111292	113064462	113969012	136948695	
.	16	2	3	4	5	6	7	8	9	10	11	12	13	14	15	16	17	18	19	20	21	22	23	24	25	26	27	28	29	30	31	32	33	34	35	36	37	38	39	40	
.	16	840863	2594484	5403549	8718653	10396851	12271793	14319475	16559940	21254415	23756039	26406401	29142777	31948380	34797636	37694571	40752819	43571925	46732471	49594481	52603745	55924861	58746474	61963660	65528110	69493486	75787593	78993861	105710988	107347718	108705088	109982553	111187947	112324932	113396320	114407620	115363151	116264662	117113666	136948695	
.	17	2	3	4	5	6	7	8	9	10	11	12	13	14	15	16	17	18	19	20	21	22	23	24	25	26	27	28	29	30	31	32	33	34	35	36	37	38	39	40	
.	17	928672	2811855	5785533	9327068	11142816	13172575	15392616	17812429	22877516	25554917	28372375	31256653	34207916	37185790	40182492	43336035	46216077	49457283	52355987	55405803	58787894	61642750	64889949	68526722	72550737	78992193	82271786	108077425	109674468	110992743	112234807	113401968	114498185	115530846	116501530	117417134	118274242	119080828	136948695	
.	18	2	3	4	5	6	7	8	9	10	11	12	13	14	15	16	17	18	19	20	21	22	23	24	25	26	27	28	29	30	31	32	33	34	35	36	37	38	39	40	
.	18	1051220	3095919	6238517	10006189	11945069	14125213	16515317	19119059	24581759	27465732	30496648	33581732	36728023	39891636	43036171	46345921	49344979	52710501	55689767	58801677	62269287	65169991	68444015	72143122	76204558	82759495	86089407	110952114	112474627	113725538	114897338	115991672	117016171	117978045	118876067	119718545	120508531	121248992	136948695	
.	19	2	3	4	5	6	7	8	9	10	11	12	13	14	15	16	17	18	19	20	21	22	23	24	25	26	27	28	29	30	31	32	33	34	35	36	37	38	39	40	
.	19	1170309	3378113	6736038	10803335	12910678	15280668	17884906	20708160	26592479	29663887	32868572	36098154	39379451	42656063	45877498	49264805	52297178	55699810	58702717	61814014	65309083	68225017	71482034	75220862	79296062	85930850	89292692	113244484	114701183	115896863	117012484	118053929	119023040	119928016	120772833	121560738	122297924	122985657	136948695	
.	20	2	3	4	5	6	7	8	9	10	11	12	13	14	15	16	17	18	19	20	21	22	23	24	25	26	27	28	29	30	31	32	33	34	35	36	37	38	39	40	
.	20	1313561	3701400	7256384	11581597	13827395	16352414	19124152	22129039	28371954	31598547	34963955	38324533	41719622	45102297	48386831	51854155	54916127	58368993	61362747	64511353	68039058	70953381	74213863	78018661	82130969	88902845	92316640	115094007	116408084	117548484	118609201	119596240	120517033	121374225	122175986	122924081	123623020	124275394	136948695	
.	21	2	3	4	5	6	7	8	9	10	11	12	13	14	15	16	17	18	19	20	21	22	23	24	25	26	27	28	29	30	31	32	33	34	35	36	37	38	39	40	
.	21	1486746	4098677	7917587	12581632	15014093	17749323	20735930	23959936	30610666	34019186	37559741	41060386	44592784	48092560	51459819	55018200	58125560	61642910	64666054	67832139	71412924	74337790	77589271	81441108	85552598	92361867	95809856	117501982	118727377	119788420	120768862	121680064	122525409	123309334	124039139	124717419	125347794	125934208	136948695	
.	22	2	3	4	5	6	7	8	9	10	11	12	13	14	15	16	17	18	19	20	21	22	23	24	25	26	27	28	29	30	31	32	33	34	35	36	37	38	39	40	
.	22	1698270	4552609	8648839	13649206	16260141	19196038	22387670	25820682	32845268	36402683	40068489	43664864	47282450	50852759	54240142	57829667	60926216	64447753	67450388	70587784	74166453	77081786	80291419	84165852	88256202	95076864	98542569	119421340	120567957	121566686	122486146	123337218	124122354	124848567	125520530	126142248	126717031	127251362	136948695	
.	23	2	3	4	5	6	7	8	9	10	11	12	13	14	15	16	17	18	19	20	21	22	23	24	25	26	27	28	29	30	31	32	33	34	35	36	37	38	39	40	
.	23	1914661	5000429	9356461	14681685	17466565	20592408	23981077	27614779	34974463	38669821	42456724	46141751	49832696	53462960	56861095	60480851	63564245	67092933	70072612	73191408	76766022	79675939	82842944	86733380	90793472	97622160	101148742	121119099	122193532	123131023	123994837	124790645	125523859	126199570	126823788	127400635	127933200	128424578	136948695	
.	24	2	3	4	5	6	7	8	9	10	11	12	13	14	15	16	17	18	19	20	21	22	23	24	25	26	27	28	29	30	31	32	33	34	35	36	37	38	39	40	
.	24	2162346	5525749	10215527	15954207	18955212	22315175	25945371	29813286	37556296	41399574	45310462	49073821	52833091	56523058	59927991	63582791	66648229	70194613	73146889	76259931	79845574	82753445	85885239	89814506	93855323	100655345	104257291	123002876	123988652	124848609	125635455	126357908	127018456	127625631	128183639	128695327	129165347	129598724	136948695	
.	25	0	1	2	3	4	5	6	7	8	9	10	11	12	13	14	15	16	17	18	19	20	21	22	23	24	25	26	27	28	29	30	31	32	33	34	35	36	37	38	39	40	
.	25	41314	985011	3248673	6706955	11517298	17430464	20522251	23990628	27751969	31711258	39590488	43696753	47560637	51318636	55080964	58648696	62323823	66089995	69050161	72538042	75186695	78408048	82100485	85020091	88143449	91798485	95830079	102612828	106418265	123973095	124860949	125672597	126413010	127089973	127710812	128278902	128800333	129279308	129718720	130122922	136948695	
.	26	0	1	2	3	4	5	6	7	8	9	10	11	12	13	14	15	16	17	18	19	20	21	22	23	24	25	26	27	28	29	30	31	32	33	34	35	36	37	38	39	40	
.	26	47973	1114050	3629131	7333140	12454713	18756785	22052440	25738812	29711491	33867882	42050250	46287158	50228962	54022198	57815079	61389791	65071578	68864486	71777544	75253432	77842435	81048008	84755645	87670761	90745990	94418818	98409606	105126345	108956061	125387307	126206990	126951264	127625061	128241630	128801144	129313574	129782330	130211129	130603088	130961527	136948695	
.	27	0	1	2	3	4	5	6	7	8	9	10	11	12	13	14	15	16	17	18	19	20	21	22	23	24	25	26	27	28	29	30	31	32	33	34	35	36	37	38	39	40	
.	27	155167	1376463	4158837	8130599	13557923	20197288	23647980	27495473	31615562	35908376	44256756	48559818	52511610	56296747	60076717	63619857	67282555	71073842	73921848	77359550	79886874	83075353	86796326	89718783	92740129	96424139	100371359	107047283	110931823	126321855	127090321	127786838	128417841	128993500	129516723	129993553	130426920	130823241	131184778	131515882	136948695	
.	28	0	1	2	3	4	5	6	7	8	9	10	11	12	13	14	15	16	17	18	19	20	21	22	23	24	25	26	27	28	29	30	31	32	33	34	35	36	37	38	39	40	
.	28	75238	1470674	4565250	8829394	14610892	21671614	25322422	29370971	33684918	38135943	46711771	51105323	55089236	58872338	62646134	66168706	69809536	73608825	76381162	79785862	82244020	85390027	89097836	92017232	94974904	98652965	102548437	109108612	113006910	127374492	128080796	128718385	129292898	129815990	130290790	130721662	131113677	131472091	131797886	132094769	136948695	
.	29	0	1	2	3	4	5	6	7	8	9	10	11	12	13	14	15	16	17	18	19	20	21	22	23	24	25	26	27	28	29	30	31	32	33	34	35	36	37	38	39	40	
.	29	86527	1668219	5068884	9648303	15790262	23248453	27089500	31322238	35804504	40401042	49148828	53605235	57590063	61338642	65075015	68555644	72183172	75978002	78675556	82029868	84428961	87529514	91237026	94151981	97046042	100705035	104532248	111000498	114844899	128414407	129060010	129639899	130160743	130632146	131057920	131443180	131792669	132111004	132400152	132663437	136948695	
.	30	0	1	2	3	4	5	6	7	8	9	10	11	12	13	14	15	16	17	18	19	20	21	22	23	24	25	26	27	28	29	30	31	32	33	34	35	36	37	38	39	40	
.	30	96819	1878869	5640943	10554660	17194571	25275575	29289340	33438193	38263160	42770616	51565675	56308370	60324527	63945838	67500859	71163331	74892878	78515504	81195821	84506697	86863601	89838236	93536187	96421542	99430477	102869842	106671380	113349453	119756308	129319606	129920734	130441907	130910684	131333742	131715143	132059388	132369643	132651166	132906157	133137910	136948695	
.	31	0	1	2	3	4	5	6	7	8	9	10	11	12	13	14	15	16	17	18	19	20	21	22	23	24	25	26	27	28	29	30	31	32	33	34	35	36	37	38	39	40	
.	31	114362	2113832	6194004	11414197	18439890	26946821	31144759	35441050	40427150	45038731	53929861	58751377	62762799	66330925	69812481	73435318	77142599	80761458	83361229	86617625	88908316	91840430	95531019	98432724	101389236	104803482	108539615	115042293	121138432	130065562	130615668	131091496	131519305	131902072	132246758	132557833	132838646	133092315	133321207	133529439	136948695	
.	32	0	1	2	3	4	5	6	7	8	9	10	11	12	13	14	15	16	17	18	19	20	21	22	23	24	25	26	27	28	29	30	31	32	33	34	35	36	37	38	39	40	
.	32	127031	2366554	6827822	12401787	19823557	28744199	33115520	37547503	42670593	47377464	56367868	61258942	65271798	68779952	72195562	75760249	79465766	83111847	85626947	88827164	91048899	93929257	97616208	100540039	103427545	106810897	110466791	116757027	122589276	130858192	131352755	131779244	132162319	132503806	132810537	133085067	133332828	133556345	133758646	133942442	136948695	
.	33	0	1	2	3	4	5	6	7	8	9	10	11	12	13	14	15	16	17	18	19	20	21	22	23	24	25	26	27	28	29	30	31	32	33	34	35	36	37	38	39	40	
.	33	167644	2678435	7563944	13577325	21473333	30848654	35397689	39957951	45202046	49976326	58984287	63910055	67878196	71291402	74607692	78086079	81760808	85414387	87839142	90960743	93104673	95922379	99600868	102550921	105348330	108674245	112241497	118328358	123904442	131542860	131989227	132372131	132712856	133017709	133289717	133533877	133754068	133951990	134130446	134291028	136948695	
.	34	0	1	2	3	4	5	6	7	8	9	10	11	12	13	14	15	16	17	18	19	20	21	22	23	24	25	26	27	28	29	30	31	32	33	34	35	36	37	38	39	40	
.	34	145303	2782899	7954128	14293731	22577599	32352908	37075631	41772664	47172831	52051777	61147836	66138629	70103066	73452233	76694388	80110603	83799769	87497388	89837875	92900187	94985430	97734820	101429122	104410606	107121247	110369514	113833781	119718113	125109841	132126259	132524718	132864325	133163917	133432467	133671865	133885106	134076248	134248528	134403515	134544646	136948695	
.	35	3	4	5	7	8	9	10	11	12	13	14	15	16	17	18	19	20	21	22	23	24	25	26	27	28	29	30	31	
.	35	119735	346381	972868	972870	1243345	1688837	2088789	2414386	2624391	2738211	2969287	3586342	3887497	4093638	4549610	5041138	5491619	6038913	7015674	7475127	8272301	9219896	10699299	18233687	18241372	18243731	18256842	18256877	
A	0	2	3	4	5	6	7	8	9	10	11	12	13	14	15	16	17	18	19	20	21	22	23	24	25	26	27	28	29	30	31	32	33	34	35	36	37	38	39	40	
A	0	31555	163135	490375	862228	1068970	1292939	1536402	1803522	2439657	2814350	3214451	3668357	4155472	4706602	5282481	5902805	6580852	7359409	8073625	8903553	9842628	10678235	11688804	12700315	13956653	15984852	16995974	27573026	29932173	30538752	31126881	31695327	32242501	32769519	33275325	33760733	34223779	34667015	49131171	
A	1	2	3	4	5	6	7	8	9	10	11	12	13	14	15	16	17	18	19	20	21	22	23	24	25	26	27	28	29	30	31	32	33	34	35	36	37	38	39	40	
A	1	46214	213602	596127	1004052	1219539	1444344	1680869	1929668	2504795	2827891	3165133	3542026	3938216	4386935	4841620	5330867	5856513	6482703	7035242	7685344	8440237	9086563	9878708	10682193	11743588	13543360	14349555	23291830	25204675	25658104	26098218	26528031	26945210	27348836	27738761	28116784	28480302	28831901	43013655	
A	2	2	3	4	5	6	7	8	9	10	11	12	13	14	15	16	17	18	19	20	21	22	23	24	25	26	27	28	29	30	31	32	33	34	35	36	37	38	39	40	
A	2	45038	208768	584719	984698	1196031	1416469	1648653	1894527	2461851	2780406	3112782	3483868	3873174	4316158	4765358	5248708	5768261	6383681	6923538	7560023	8297328	8930288	9701508	10483954	11514370	13240268	14013695	22746021	24794036	25236170	25667056	26084821	26490151	26882661	27263323	27630459	27984540	28326468	42569245	
A	3	2	3	4	5	6	7	8	9	10	11	12	13	14	15	16	17	18	19	20	21	22	23	24	25	26	27	28	29	30	31	32	33	34	35	36	37	38	39	40	
A	3	48458	218098	595974	997164	1208626	1428603	1660095	1902986	2461828	2778082	3105027	3470733	3855579	4291917	4735296	5213500	5725043	6327156	6859751	7485272	8202173	8818805	9568586	10319865	11303930	12921134	13670789	22081836	24042874	24471315	24887092	25289197	25677319	26052315	26413059	26760005	27091941	27411030	41070160	
A	4	2	3	4	5	6	7	8	9	10	11	12	13	14	15	16	17	18	19	20	21	22	23	24	25	26	27	28	29	30	31	32	33	34	35	36	37	38	39	40	
A	4	50876	229947	626940	1049807	1275195	1511124	1759931	2025338	2635526	2980566	3341203	3743002	4168037	4650392	5142542	5669633	6229943	6895301	7480058	8167312	8965123	9642261	10466782	11297739	12369757	14209122	15033361	23814100	25629144	26083676	26523008	26947686	27356261	27748969	28125443	28487679	28833213	29164282	42213156	
A	5	2	3	4	5	6	7	8	9	10	11	12	13	14	15	16	17	18	19	20	21	22	23	24	25	26	27	28	29	30	31	32	33	34	35	36	37	38	39	40	
A	5	63335	270890	705128	1167957	1413975	1672504	1946447	2238224	2917751	3304574	3710608	4162542	4640369	5185705	5738742	6331542	6952128	7686237	8337272	9086406	9955063	10685922	11574702	12458690	13584968	15509320	16384312	25091732	26718781	27192501	27647766	28082594	28499730	28897914	29278666	29642157	29986644	30314170	42090746	
A	6	2	3	4	5	6	7	8	9	10	11	12	13	14	15	16	17	18	19	20	21	22	23	24	25	26	27	28	29	30	31	32	33	34	35	36	37	38	39	40	
A	6	67106	287238	738734	1226930	1488540	1766697	2064031	2384990	3136034	3567885	4022162	4529406	5060019	5658431	6266749	6912529	7583966	8367143	9070591	9861756	10758382	11518340	12440697	13340342	14485106	16411352	17302857	25871816	27458425	27929859	28379410	28806605	29214789	29602083	29971331	30321991	30654706	30970242	41827851	
A	7	2	3	4	5	6	7	8	9	10	11	12	13	14	15	16	17	18	19	20	21	22	23	24	25	26	27	28	29	30	31	32	33	34	35	36	37	38	39	40	
A	7	77431	312136	785092	1296311	1572000	1864833	2178605	2516219	3312796	3770584	4252391	4794176	5356018	5990087	6632073	7314106	8015151	8835956	9572369	10392795	11315885	12092805	13038712	13951385	15117436	17068308	17961637	26278447	27722920	28182294	28617871	29032392	29425858	29798431	30151730	30488093	30805578	31105610	41331027	
A	8	2	3	4	5	6	7	8	9	10	11	12	13	14	15	16	17	18	19	20	21	22	23	24	25	26	27	28	29	30	31	32	33	34	35	36	37	38	39	40	
A	8	90983	351411	858771	1414590	1716639	2039859	2389119	2767770	3659994	4171452	4710415	5307386	5925038	6617375	7315785	8052305	8800615	9675447	10453782	11314902	12285267	13092029	14066969	15010688	16217050	18223543	19139100	27352516	28707198	29171783	29611075	30027577	30422898	30794101	31146756	31479125	31793320	32090070	40884464	
A	9	2	3	4	5	6	7	8	9	10	11	12	13	14	15	16	17	18	19	20	21	22	23	24	25	26	27	28	29	30	31	32	33	34	35	36	37	38	39	40	
A	9	97681	373788	900157	1477127	1793210	2132571	2497193	2893583	3832838	4368072	4937653	5567956	6215014	6942989	7675556	8450622	9225597	10158375	10967764	11866940	12893319	13738937	14764539	15757733	17038486	19191159	20156178	28241284	29477929	29942346	30381181	30798759	31192594	31563755	31913425	32246106	32559984	32855376	41373367	
A	10	2	3	4	5	6	7	8	9	10	11	12	13	14	15	16	17	18	19	20	21	22	23	24	25	26	27	28	29	30	31	32	33	34	35	36	37	38	39	40	
A	10	104641	396478	945595	1559093	1898337	2265526	2666505	3105038	4149205	4745185	5373104	6064152	6769415	7555608	8338431	9157620	9969389	10941268	11774363	12690765	13738192	14580934	15611037	16609761	17870303	20005753	20956788	29561158	30063833	30512025	30935645	31336208	31712858	32067768	32403631	32720121	33019164	33301327	41175606	
A	11	2	3	4	5	6	7	8	9	10	11	12	13	14	15	16	17	18	19	20	21	22	23	24	25	26	27	28	29	30	31	32	33	34	35	36	37	38	39	40	
A	11	111435	417286	985085	1623766	1979547	2363846	2784960	3246020	4339698	4961979	5619315	6327185	7060174	7878208	8691123	9529424	10363615	11346600	12179873	13103653	14169679	15021514	16043440	17056722	18296190	20427023	21362844	29906811	30407664	30852977	31273592	31669227	32040048	32388522	32717114	33026982	33318245	33591684	40859760	
A	12	2	3	4	5	6	7	8	9	10	11	12	13	14	15	16	17	18	19	20	21	22	23	24	25	26	27	28	29	30	31	32	33	34	35	36	37	38	39	40	
A	12	123483	452054	1061219	1805307	2196768	2638051	3131601	3673973	4897966	5579089	6314127	7090123	7909560	8776823	9665485	10599992	11487501	12505135	13383160	14362475	15451545	16363054	17447798	18535412	19769423	21924078	22855763	31083019	31585027	32029548	32444841	32833480	33195769	33534995	33851539	34146558	34421684	34679130	40725085	
A	13	2	3	4	5	6	7	8	9	10	11	12	13	14	15	16	17	18	19	20	21	22	23	24	25	26	27	28	29	30	31	32	33	34	35	36	37	38	39	40	
A	13	150156	528542	1183193	1986548	2414443	2893787	3435464	4029368	5380307	6128428	6937636	7785424	8674015	9612132	10568430	11568596	12509832	13588929	14508941	15530355	16658715	17601707	18717279	19836849	21112333	23304351	24240856	32113845	32598822	33025810	33422292	33788571	34129488	34444040	34736557	35008364	35260436	35494807	40573593	
A	14	2	3	4	5	6	7	8	9	10	11	12	13	14	15	16	17	18	19	20	21	22	23	24	25	26	27	28	29	30	31	32	33	34	35	36	37	38	39	40	
A	14	157904	549929	1248090	2124015	2596825	3136220	3746379	4420519	5940851	6775443	7671638	8599477	9566007	10574947	11590170	12646636	13625465	14744695	15685292	16723517	17871800	18812462	19926592	21043361	22305241	24492156	25437330	33117142	33572015	33969152	34334694	34671480	34981630	35267086	35530165	35773371	35997901	36205565	40530629	
A	15	2	3	4	5	6	7	8	9	10	11	12	13	14	15	16	17	18	19	20	21	22	23	24	25	26	27	28	29	30	31	32	33	34	35	36	37	38	39	40	
A	15	172192	585206	1311595	2214569	2707836	3272663	3912546	4618857	6205809	7073230	7997887	8952658	9941087	10966304	11999817	13064010	14033620	15152877	16086615	17126764	18265686	19193973	20298028	21415059	22657800	24833274	25810729	33252084	33693029	34074596	34425975	34750661	35049836	35325691	35579693	35814284	36031554	36231964	40377324	
A	16	2	3	4	5	6	7	8	9	10	11	12	13	14	15	16	17	18	19	20	21	22	23	24	25	26	27	28	29	30	31	32	33	34	35	36	37	38	39	40	
A	16	199110	660484	1441042	2412729	2945476	3557548	4248698	5019618	6746089	7686500	8694529	9724715	10784674	11884110	12985991	14120638	15140351	16318251	17290847	18375402	19549180	20499239	21629900	22778936	24050691	26262448	27272850	34333271	34751403	35108036	35432705	35731002	36003137	36252169	36481194	36691879	36884543	37061754	40559092	
A	17	2	3	4	5	6	7	8	9	10	11	12	13	14	15	16	17	18	19	20	21	22	23	24	25	26	27	28	29	30	31	32	33	34	35	36	37	38	39	40	
A	17	223158	719637	1554222	2609166	3200018	3881160	4651135	5504636	7403497	8423499	9501936	10590787	11696835	12829200	13952753	15096606	16107324	17286911	18237664	19297558	20448532	21371070	22467915	23597346	24854405	27038512	28027594	34732890	35109635	35425914	35714770	35976994	36216156	36435424	36635416	36820213	36987681	37142007	40208211	
A	18	2	3	4	5	6	7	8	9	10	11	12	13	14	15	16	17	18	19	20	21	22	23	24	25	26	27	28	29	30	31	32	33	34	35	36	37	38	39	40	
A	18	253880	793938	1677838	2797152	3425839	4154281	4978737	5888867	7919892	9006466	10155073	11303778	12466724	13651099	14811541	15986936	17019726	18223471	19177536	20237874	21397874	22312207	23393421	24527652	25774686	27951202	28936514	35408916	35759848	36053485	36319607	36560157	36778570	36977433	37158379	37324104	37475693	37614905	40327536	
A	19	2	3	4	5	6	7	8	9	10	11	12	13	14	15	16	17	18	19	20	21	22	23	24	25	26	27	28	29	30	31	32	33	34	35	36	37	38	39	40	
A	19	284421	873411	1833558	3074557	3778800	4594630	5512854	6518520	8726342	9882981	11085851	12268943	13452964	14643616	15797919	16953618	17952945	19119848	20035225	21043108	22160258	23032295	24055520	25157605	26358449	28490709	29430704	35814616	36132554	36394499	36631425	36845597	37038411	37214819	37374776	37521386	37656249	37779403	40147835	
A	20	2	3	4	5	6	7	8	9	10	11	12	13	14	15	16	17	18	19	20	21	22	23	24	25	26	27	28	29	30	31	32	33	34	35	36	37	38	39	40	
A	20	320184	961729	1970259	3274815	4014213	4868903	5832150	6885920	9194899	10391437	11646652	12864209	14074412	15292424	16467901	17643553	18648518	19834807	20752041	21770158	22901042	23783478	24817825	25951513	27188857	29354400	30314640	36319301	36601960	36850938	37075195	37277291	37460258	37626674	37778103	37915934	38043053	38159458	40304299	
A	21	2	3	4	5	6	7	8	9	10	11	12	13	14	15	16	17	18	19	20	21	22	23	24	25	26	27	28	29	30	31	32	33	34	35	36	37	38	39	40	
A	21	364446	1064011	2148229	3560830	4367504	5293409	6327463	7445259	9873505	11114395	12408553	13648840	14874990	16101961	17277916	18456914	19446738	20632770	21533481	22534526	23661079	24525826	25539429	26669224	27898823	30028636	30987319	36630248	36888038	37113252	37315277	37497461	37661214	37809974	37945818	38069021	38182013	38285048	40144812	
A	22	2	3	4	5	6	7	8	9	10	11	12	13	14	15	16	17	18	19	20	21	22	23	24	25	26	27	28	29	30	31	32	33	34	35	36	37	38	39	40	
A	22	425214	1203588	2384942	3929571	4809590	5818303	6936135	8138234	10710251	12004526	13334053	14596934	15836201	17063132	18221507	19375848	20331644	21486706	22351169	23307006	24399852	25227220	26193889	27305223	28490623	30576189	31521761	37060162	37288234	37487303	37665398	37825672	37970378	38100753	38219280	38327313	38425266	38515115	40156549	
A	23	2	3	4	5	6	7	8	9	10	11	12	13	14	15	16	17	18	19	20	21	22	23	24	25	26	27	28	29	30	31	32	33	34	35	36	37	38	39	40	
A	23	479093	1324186	2572403	4201704	5126633	6186678	7353729	8603995	11243535	12558758	13905691	15171624	16411061	17636706	18781115	19925207	20864027	22010061	22859932	23805665	24886326	25703574	26652115	27765341	28922183	30980527	31963547	37311633	37525610	37711717	37877757	38026487	38159815	38280294	38388638	38487064	38576165	38657555	40060543	
A	24	2	3	4	5	6	7	8	9	10	11	12	13	14	15	16	17	18	19	20	21	22	23	24	25	26	27	28	29	30	31	32	33	34	35	36	37	38	39	40	
A	24	552753	1488385	2858264	4656423	5674881	6832891	8096401	9433709	12202355	13554962	14926577	16193029	17424472	18634613	19746626	20866142	21760675	22881373	23694428	24619323	25681083	26478663	27398451	28520026	29665212	31688291	32726316	37635416	37821795	37982513	38124926	38253050	38367902	38470875	38563628	38647940	38724143	38793360	39991859	
A	25	1	2	3	4	5	6	7	8	9	10	11	12	13	14	15	16	17	18	19	20	21	22	23	24	25	26	27	28	29	30	31	32	33	34	35	36	37	38	39	40	
A	25	202697	791029	1757564	3157876	4997591	6032477	7209560	8492657	9835845	12600254	14022843	15349798	16603521	17820700	18981458	20187498	21345193	22198968	23269266	23995350	24965902	26059829	26871479	27782269	28813361	29959828	31965357	33061894	37664807	37837088	37989394	38125272	38246389	38354723	38452259	38540264	38619361	38691545	38757094	39912739	
A	26	1	2	3	4	5	6	7	8	9	10	11	12	13	14	15	16	17	18	19	20	21	22	23	24	25	26	27	28	29	30	31	32	33	34	35	36	37	38	39	40	
A	26	233431	896165	1944815	3452262	5432876	6542766	7796129	9147744	10551096	13394412	14841667	16172357	17412074	18612588	19745982	20931595	22077288	22891837	23940317	24630118	25580877	26661238	27466788	28354836	29384554	30522136	32463467	33568201	37850818	38004969	38141631	38261938	38370033	38466283	38552873	38630889	38701268	38764851	38822594	39830731	
A	27	1	2	3	4	5	6	7	8	9	10	11	12	13	14	15	16	17	18	19	20	21	22	23	24	25	26	27	28	29	30	31	32	33	34	35	36	37	38	39	40	
A	27	271610	1020017	2149072	3734132	5796705	6936434	8220985	9593287	11010692	13853154	15297406	16609773	17829354	19009562	20121202	21298367	22432825	23224375	24251480	24925495	25869241	26951214	27754597	28619579	29659173	30774682	32701614	33835245	37892444	38036507	38163801	38276665	38377479	38467069	38547251	38619337	38684346	38743337	38796537	39724755	
A	28	1	2	3	4	5	6	7	8	9	10	11	12	13	14	15	16	17	18	19	20	21	22	23	24	25	26	27	28	29	30	31	32	33	34	35	36	37	38	39	40	
A	28	313918	1158600	2378422	4071460	6260102	7460408	8795277	10211989	11654278	14518819	15966721	17263829	18457748	19610173	20691740	21842153	22964619	23720942	24727020	25371109	26292845	27363597	28165038	29008143	30043052	31148162	33001634	34141042	37894300	38024071	38138304	38239441	38329209	38409294	38480726	38545155	38603363	38655999	38703479	39545293	
A	29	1	2	3	4	5	6	7	8	9	10	11	12	13	14	15	16	17	18	19	20	21	22	23	24	25	26	27	28	29	30	31	32	33	34	35	36	37	38	39	40	
A	29	367511	1313094	2632879	4436217	6749737	8008274	9395174	10857032	12329982	15219242	16668050	17940739	19096478	20213006	21252031	22378714	23468761	24181534	25140479	25752230	26631981	27680258	28461477	29274865	30285217	31357864	33163417	34277982	37938909	38055314	38157904	38248293	38328361	38399824	38463269	38520832	38572869	38619724	38662321	39415341	
A	30	1	2	3	4	5	6	7	8	9	10	11	12	13	14	15	16	17	18	19	20	21	22	23	24	25	26	27	28	29	30	31	32	33	34	35	36	37	38	39	40	
A	30	424360	1498785	2937278	4894207	7399639	8710810	10082133	11629510	13078703	15949271	17460956	18726274	19833602	20882858	21944116	23087476	24138911	24824790	25761986	26358520	27193854	28240536	29018863	29874032	30821116	31892210	33753877	35728996	38183462	38292019	38383552	38464495	38536417	38600495	38657972	38709142	38755276	38796750	38834513	39517605	
A	31	1	2	3	4	5	6	7	8	9	10	11	12	13	14	15	16	17	18	19	20	21	22	23	24	25	26	27	28	29	30	31	32	33	34	35	36	37	38	39	40	
A	31	484417	1666651	3199194	5261390	7878146	9229634	10626895	12196088	13650954	16500566	18012127	19252927	20326988	21339608	22375491	23498111	24540379	25200414	26114896	26694700	27516567	28563138	29346058	30189212	31132177	32183265	33989177	35849101	38137199	38236054	38319026	38392706	38456911	38514360	38566040	38612395	38653570	38690709	38724160	39341693	
A	32	1	2	3	4	5	6	7	8	9	10	11	12	13	14	15	16	17	18	19	20	21	22	23	24	25	26	27	28	29	30	31	32	33	34	35	36	37	38	39	40	
A	32	557836	1874726	3511040	5668854	8377369	9761708	11179114	12774150	14237238	17096100	18624952	19862762	20917739	21906869	22930295	24052592	25106641	25743383	26642416	27206200	28012086	29051089	29848841	30679371	31620679	32654188	34367469	36128754	38252097	38339084	38412030	38476284	38532508	38582248	38626334	38665681	38701205	38733155	38762083	39298752	
A	33	1	2	3	4	5	6	7	8	9	10	11	12	13	14	15	16	17	18	19	20	21	22	23	24	25	26	27	28	29	30	31	32	33	34	35	36	37	38	39	40	
A	33	634803	2105608	3882841	6176936	9011933	10434648	11875539	13485702	14943993	17754076	19265449	20461410	21462087	22403235	23375835	24472713	25517774	26120203	26978431	27513331	28292080	29324209	30119777	30915971	31837479	32840810	34486418	36190154	38151607	38228142	38291869	38347537	38396222	38439232	38477280	38511744	38542274	38569861	38594347	39080465	
A	34	1	2	3	4	5	6	7	8	9	10	11	12	13	14	15	16	17	18	19	20	21	22	23	24	25	26	27	28	29	30	31	32	33	34	35	36	37	38	39	40	
A	34	680590	2255532	4129481	6515105	9435211	10900367	12368845	14006831	15477674	18279494	19782044	20955414	21919172	22818187	23743267	24824839	25869993	26437016	27262553	27775141	28520123	29554054	30357899	31127732	32028061	33014431	34608115	36321277	38089173	38159859	38217967	38268771	38314066	38353966	38388782	38419981	38448230	38473311	38496178	38946601	
A	35	3	4	5	7	8	9	10	11	12	13	14	15	16	17	18	19	20	21	22	23	24	25	26	27	28	29	30	31	
A	35	22010	69042	204439	204440	251076	341653	436428	510525	555918	585752	631117	783077	861256	916430	1035716	1156992	1283895	1465602	1732603	1855542	2122696	2442374	2965878	5330460	5331736	5332223	5335970	5335982	
T	0	2	3	4	5	6	7	8	9	10	11	12	13	14	15	16	17	18	19	20	21	22	23	24	25	26	27	28	29	30	31	32	33	34	35	36	37	38	39	40	
T	0	31149	141219	384035	640498	775643	915293	1060424	1210734	1542993	1721878	1905504	2132899	2345561	2570417	2827692	3103169	3398378	3735539	4081617	4463509	4832892	5211958	5653414	6134668	6748705	7501748	7932015	17006043	18659096	19000147	19337307	19670204	19997020	20317794	20631608	20939893	21239621	21529901	35820143	
T	1	2	3	4	5	6	7	8	9	10	11	12	13	14	15	16	17	18	19	20	21	22	23	24	25	26	27	28	29	30	31	32	33	34	35	36	37	38	39	40	
T	1	56603	234323	631989	1053098	1271423	1495388	1727668	1967956	2500526	2783533	3067255	3399847	3715686	4044378	4396041	4771617	5156199	5591955	6006196	6448175	6903293	7325619	7823295	8355219	9040999	9977961	10451536	18909924	20373954	20686654	20993959	21295112	21589674	21876245	22157200	22430589	22694038	22950510	37552640	
T	2	2	3	4	5	6	7	8	9	10	11	12	13	14	15	16	17	18	19	20	21	22	23	24	25	26	27	28	29	30	31	32	33	34	35	36	37	38	39	40	
T	2	56985	238364	643792	1071993	1293746	1521548	1757125	2001363	2546983	2838677	3129220	3471047	3794920	4133259	4491302	4876907	5269598	5719051	6142490	6593840	7064462	7498861	8010041	8561477	9276814	10271368	10768572	19745239	21328444	21646991	21958981	22263806	22561592	22851831	23135724	23411567	23679748	23940483	39300725	
T	3	2	3	4	5	6	7	8	9	10	11	12	13	14	15	16	17	18	19	20	21	22	23	24	25	26	27	28	29	30	31	32	33	34	35	36	37	38	39	40	
T	3	63151	256181	672847	1113438	1342481	1576487	1819294	2072736	2632601	2932060	3231207	3580124	3910684	4257967	4624954	5019534	5418873	5873714	6305003	6763508	7238858	7681956	8200111	8754678	9462704	10431407	10937041	19589779	21173077	21503930	21827884	22144177	22453281	22753748	23046189	23331650	23607751	23876152	38736205	
T	4	2	3	4	5	6	7	8	9	10	11	12	13	14	15	16	17	18	19	20	21	22	23	24	25	26	27	28	29	30	31	32	33	34	35	36	37	38	39	40	
T	4	64142	260920	683359	1130155	1362674	1601975	1849155	2107370	2682144	2989248	3296185	3650965	3991862	4349460	4724515	5128258	5537796	6004193	6444261	6912860	7406628	7862494	8396102	8970201	9698558	10722285	11246511	19863056	21373382	21707203	22034425	22356591	22670108	22975065	23271986	23560994	23840226	24112786	38446090	
T	5	2	3	4	5	6	7	8	9	10	11	12	13	14	15	16	17	18	19	20	21	22	23	24	25	26	27	28	29	30	31	32	33	34	35	36	37	38	39	40	
T	5	73754	281186	712550	1166879	1403076	1643972	1895505	2157812	2736010	3045948	3355973	3714142	4058185	4419157	4797875	5203659	5617019	6084126	6527435	6998875	7491120	7949566	8484278	9051657	9766008	10759132	11286519	19390818	20812315	21154455	21490054	21817587	22136032	22447198	22749281	23043260	23327902	23604914	36870947	
T	6	2	3	4	5	6	7	8	9	10	11	12	13	14	15	16	17	18	19	20	21	22	23	24	25	26	27	28	29	30	31	32	33	34	35	36	37	38	39	40	
T	6	79785	300063	750502	1226413	1472622	1726447	1990457	2266609	2878938	3208895	3538108	3920223	4287119	4670908	5075948	5509887	5951219	6451455	6929052	7433485	7960897	8452237	9027791	9637910	10401217	11474660	12046725	20885175	22455665	22818092	23174485	23522310	23859944	24189350	24510733	24822653	25123908	25416369	38697534	
T	7	2	3	4	5	6	7	8	9	10	11	12	13	14	15	16	17	18	19	20	21	22	23	24	25	26	27	28	29	30	31	32	33	34	35	36	37	38	39	40	
T	7	87067	323498	800388	1302649	1564453	1833352	2113358	2403203	3046630	3391312	3736138	4132758	4513261	4913516	5334156	5783296	6238407	6752931	7245204	7764191	8305341	8810370	9397986	10020741	10796519	11886607	12476234	21313140	22926683	23298645	23661748	24018422	24364304	24701109	25028059	25345660	25652411	25949506	39269339	
T	8	2	3	4	5	6	7	8	9	10	11	12	13	14	15	16	17	18	19	20	21	22	23	24	25	26	27	28	29	30	31	32	33	34	35	36	37	38	39	40	
T	8	101771	362858	866114	1398381	1675696	1961350	2258566	2568240	3256715	3625534	3995235	4416802	4825798	5256868	5706303	6185827	6672054	7219608	7742692	8293209	8871120	9409219	10033040	10693496	11505126	12652068	13280547	22072912	23687109	24085305	24473095	24852381	25221531	25579916	25926869	26263934	26589719	26905707	39288825	
T	9	2	3	4	5	6	7	8	9	10	11	12	13	14	15	16	17	18	19	20	21	22	23	24	25	26	27	28	29	30	31	32	33	34	35	36	37	38	39	40	
T	9	106113	375041	890678	1432364	1712652	2000999	2299186	2609786	3299412	3668083	4037756	4456158	4861713	5290125	5735223	6213403	6696038	7240123	7757574	8301821	8879593	9414732	10035665	10692135	11498696	12652668	13283696	21834155	23388961	23781165	24164475	24538483	24902721	25256707	25601440	25935877	26257742	26570431	38778610	
T	10	2	3	4	5	6	7	8	9	10	11	12	13	14	15	16	17	18	19	20	21	22	23	24	25	26	27	28	29	30	31	32	33	34	35	36	37	38	39	40	
T	10	114173	400398	940351	1507832	1802859	2107605	2424657	2756690	3491811	3885781	4281289	4726159	5158444	5616533	6088428	6597533	7107021	7682592	8225568	8795842	9404900	9959953	10609651	11296029	12124423	13322003	13981279	23705271	24138609	24540332	24930942	25312999	25682230	26040133	26386592	26723313	27047511	27359174	38968253	
T	11	2	3	4	5	6	7	8	9	10	11	12	13	14	15	16	17	18	19	20	21	22	23	24	25	26	27	28	29	30	31	32	33	34	35	36	37	38	39	40	
T	11	119821	425178	989943	1582078	1890384	2206071	2536209	2880344	3645172	4052993	4461208	4916724	5362681	5837417	6322198	6843799	7368727	7962672	8516938	9099653	9732340	10302772	10968054	11676863	12525112	13773977	14452516	24381619	24825167	25236024	25636639	26026832	26404927	26772389	27127206	27470828	27804808	28125090	39510604	
T	12	2	3	4	5	6	7	8	9	10	11	12	13	14	15	16	17	18	19	20	21	22	23	24	25	26	27	28	29	30	31	32	33	34	35	36	37	38	39	40	
T	12	130668	456230	1052216	1743269	2070211	2425166	2807050	3212351	4037946	4471988	4923160	5404116	5897877	6399430	6927625	7494503	8046380	8656083	9239314	9858952	10537366	11155350	11868940	12636767	13490500	14802341	15513666	25345617	25813077	26250479	26676065	27088731	27489573	27878047	28252403	28615408	28965683	29301631	39741443	
T	13	2	3	4	5	6	7	8	9	10	11	12	13	14	15	16	17	18	19	20	21	22	23	24	25	26	27	28	29	30	31	32	33	34	35	36	37	38	39	40	
T	13	164324	532057	1161997	1889697	2235019	2607755	3009487	3434614	4304494	4762800	5238642	5745504	6267119	6798670	7352979	7952035	8530366	9171114	9782137	10430531	11141138	11787745	12531513	13329301	14214729	15581588	16322424	25975606	26460456	26912402	27349186	27774314	28185041	28582038	28964885	29332891	29686795	30026747	39559613	
T	14	2	3	4	5	6	7	8	9	10	11	12	13	14	15	16	17	18	19	20	21	22	23	24	25	26	27	28	29	30	31	32	33	34	35	36	37	38	39	40	
T	14	163601	541076	1192367	1954833	2317397	2714597	3143609	3602629	4536383	5030214	5544979	6090675	6653066	7226821	7821899	8462411	9080012	9762056	10406921	11094660	11840078	12520340	13301795	14135171	15049298	16460861	17244300	26740761	27233855	27693999	28139382	28569070	28982676	29380015	29761988	30128528	30478082	30812805	39441295	
T	15	2	3	4	5	6	7	8	9	10	11	12	13	14	15	16	17	18	19	20	21	22	23	24	25	26	27	28	29	30	31	32	33	34	35	36	37	38	39	40	
T	15	175383	577197	1269617	2059614	2440163	2856854	3307031	3789741	4771699	5287993	5827329	6394443	6981738	7579901	8196027	8861098	9494304	10199311	10863922	11571063	12337368	13034621	13831485	14685988	15621457	17078495	17892954	27214583	27705497	28161367	28601983	29026657	29434370	29825020	30199380	30558336	30901351	31228762	39654381	
T	16	2	3	4	5	6	7	8	9	10	11	12	13	14	15	16	17	18	19	20	21	22	23	24	25	26	27	28	29	30	31	32	33	34	35	36	37	38	39	40	
T	16	203879	646571	1380639	2216295	2618967	3064018	3541723	4058389	5105515	5657824	6236411	6843553	7469667	8110636	8766630	9477878	10150074	10899580	11601974	12351946	13161358	13896084	14732038	15631772	16606830	18130823	18994382	28121937	28626801	29095963	29545130	29976274	30389248	30783673	31160110	31519036	31860372	32184862	39678449	
T	17	2	3	4	5	6	7	8	9	10	11	12	13	14	15	16	17	18	19	20	21	22	23	24	25	26	27	28	29	30	31	32	33	34	35	36	37	38	39	40	
T	17	225467	702923	1478668	2364801	2795757	3271039	3782879	4335558	5458790	6050744	6671540	7316774	7987905	8673894	9370234	10125029	10833772	11628159	12365263	13153445	14000615	14766717	15634895	16576004	17583061	19168848	20067572	29007121	29513780	29981990	30430348	30857750	31263953	31650452	32018051	32366541	32694616	33004214	39814644	
T	18	2	3	4	5	6	7	8	9	10	11	12	13	14	15	16	17	18	19	20	21	22	23	24	25	26	27	28	29	30	31	32	33	34	35	36	37	38	39	40	
T	18	250413	765854	1580844	2516263	2971386	3475302	4018060	4605900	5801256	6431258	7091397	7773266	8480903	9206161	9933686	10722999	11464954	12295330	13058586	13871056	14747565	15535158	16423728	17390035	18417227	20051891	20967341	29724987	30227490	30689787	31130519	31548146	31943834	32319476	32672150	33006026	33320085	33615752	39762982	
T	19	2	3	4	5	6	7	8	9	10	11	12	13	14	15	16	17	18	19	20	21	22	23	24	25	26	27	28	29	30	31	32	33	34	35	36	37	38	39	40	
T	19	279608	836698	1703595	2701904	3189140	3729343	4315569	4946496	6232525	6908127	7616802	8343487	9099643	9874640	10642909	11475353	12252089	13119099	13914625	14752811	15660298	16470984	17376654	18366872	19411972	21089833	22019596	30549393	31042586	31491809	31916778	32318127	32697075	33053036	33387251	33700817	33994910	34269641	39776816	
T	20	2	3	4	5	6	7	8	9	10	11	12	13	14	15	16	17	18	19	20	21	22	23	24	25	26	27	28	29	30	31	32	33	34	35	36	37	38	39	40	
T	20	313541	920923	1839910	2896959	3414283	3985848	4603679	5269546	6624861	7331193	8072863	8825547	9606121	10407650	11195067	12051074	12841288	13729407	14534073	15386836	16312596	17130770	18045962	19057940	20114785	21841324	22787900	31068803	31538637	31977633	32391442	32780011	33145496	33487990	33810724	34113387	34396424	34660362	39775862	
T	21	2	3	4	5	6	7	8	9	10	11	12	13	14	15	16	17	18	19	20	21	22	23	24	25	26	27	28	29	30	31	32	33	34	35	36	37	38	39	40	
T	21	358924	1030955	2020887	3159717	3718301	4338384	5004442	5724670	7184209	7941102	8734609	9534123	10361621	11210909	12033800	12926936	13746392	14666192	15493834	16367675	17316724	18147021	19071973	20104684	21169449	22930516	23896490	31953397	32406724	32827388	33220855	33590195	33935511	34257935	34559915	34841475	35103730	35347954	39903791	
T	22	2	3	4	5	6	7	8	9	10	11	12	13	14	15	16	17	18	19	20	21	22	23	24	25	26	27	28	29	30	31	32	33	34	35	36	37	38	39	40	
T	22	412995	1150762	2207942	3418949	4013054	4674022	5382681	6147409	7692241	8488879	9325482	10160940	11027534	11915821	12770636	13699800	14543447	15493881	16345032	17242432	18216405	19064875	20002137	21060384	22142299	23946561	24935455	32771772	33211176	33618621	33997385	34351504	34679629	34985316	35268660	35531059	35774450	35999739	40059383	
T	23	2	3	4	5	6	7	8	9	10	11	12	13	14	15	16	17	18	19	20	21	22	23	24	25	26	27	28	29	30	31	32	33	34	35	36	37	38	39	40	
T	23	467514	1272701	2396372	3680964	4313758	5014831	5763905	6571003	8190351	9021545	9891977	10754731	11645719	12560123	13427500	14372549	15222381	16182297	17039136	17936502	18912097	19758755	20688233	21751778	22824933	24646732	25648348	33203226	33625669	34014267	34376363	34713365	35026155	35315924	35584635	35833951	36063711	36276306	39963179	
T	24	2	3	4	5	6	7	8	9	10	11	12	13	14	15	16	17	18	19	20	21	22	23	24	25	26	27	28	29	30	31	32	33	34	35	36	37	38	39	40	
T	24	530541	1407242	2604671	3970837	4644377	5392678	6191913	7054855	8779638	9663233	10585660	11492582	12428138	13389588	14292682	15274087	16149944	17142257	18020734	18938820	19934723	20794987	21733824	22824511	23908532	25770294	26802431	34033985	34433285	34799159	35137085	35449266	35735495	36000062	36243621	36467547	36672981	36861918	40065245	
T	25	0	1	2	3	4	5	6	7	8	9	10	11	12	13	14	15	16	17	18	19	20	21	22	23	24	25	26	27	28	29	30	31	32	33	34	35	36	37	38	39	40	
T	25	6337	205438	756679	1662055	2891935	4293036	4983536	5753180	6574969	7455928	9210266	10158538	11068007	11977728	12921268	13860060	14820854	15830961	16692953	17673873	18495827	19439161	20460478	21322999	22260417	23302627	24396387	26293460	27371747	34214204	34597674	34953033	35280285	35582029	35861017	36116935	36352685	36569198	36768339	36952276	40048808	
T	26	0	1	2	3	4	5	6	7	8	9	10	11	12	13	14	15	16	17	18	19	20	21	22	23	24	25	26	27	28	29	30	31	32	33	34	35	36	37	38	39	40	
T	26	7402	232853	844168	1811913	3113905	4597728	5331156	6151050	7021839	7953628	9805445	10808048	11764253	12711810	13690979	14665235	15658098	16699463	17574233	18574865	19402467	20358441	21398443	22266838	23202168	24256693	25353597	27279367	28372532	34916102	35276602	35607791	35910155	36188501	36442799	36675995	36889625	37085775	37265290	37429179	40187783	
T	27	0	1	2	3	4	5	6	7	8	9	10	11	12	13	14	15	16	17	18	19	20	21	22	23	24	25	26	27	28	29	30	31	32	33	34	35	36	37	38	39	40	
T	27	8603	266394	944935	1993785	3372457	4930061	5695392	6547443	7450400	8413290	10317194	11347687	12321429	13278343	14272261	15258516	16267321	17327883	18202751	19211937	20040815	21008002	22064872	22946114	23886424	24957903	26062864	28027401	29154225	35411369	35764566	36087930	36383811	36655262	36903274	37130677	37337941	37527455	37700666	37859334	40458372	
T	28	0	1	2	3	4	5	6	7	8	9	10	11	12	13	14	15	16	17	18	19	20	21	22	23	24	25	26	27	28	29	30	31	32	33	34	35	36	37	38	39	40	
T	28	10312	308491	1065366	2199326	3668454	5327420	6140438	7048318	8004259	9017902	11011900	12089691	13095851	14079584	15098303	16104329	17131296	18212048	19086148	20099043	20924130	21888553	22952770	23837120	24766306	25842926	26942935	28922315	30063386	36012398	36345056	36649000	36925094	37177980	37408846	37618876	37810994	37986623	38146215	38291441	40655241	
T	29	0	1	2	3	4	5	6	7	8	9	10	11	12	13	14	15	16	17	18	19	20	21	22	23	24	25	26	27	28	29	30	31	32	33	34	35	36	37	38	39	40	
T	29	12313	351475	1186967	2404379	3962263	5706913	6563611	7515844	8513961	9573376	11641904	12762572	13801636	14809138	15849397	16877185	17932235	19038146	19919299	20939995	21765872	22733493	23811930	24699609	25620700	26697374	27792977	29781423	30927064	36603778	36911679	37190950	37443538	37673565	37882247	38071343	38243015	38399160	38541148	38669784	40777748	
T	30	0	1	2	3	4	5	6	7	8	9	10	11	12	13	14	15	16	17	18	19	20	21	22	23	24	25	26	27	28	29	30	31	32	33	34	35	36	37	38	39	40	
T	30	14221	398486	1318564	2625598	4312329	6204038	7100808	8025266	9108825	10160628	12272221	13478290	14541744	15548425	16562856	17645963	18745694	19836717	20732759	21741492	22548224	23485302	24565620	25450273	26386601	27430375	28522805	30636899	32872184	36972765	37263965	37519703	37751255	37960897	38150612	38321260	38476456	38616951	38743985	38859832	40767842	
T	31	0	1	2	3	4	5	6	7	8	9	10	11	12	13	14	15	16	17	18	19	20	21	22	23	24	25	26	27	28	29	30	31	32	33	34	35	36	37	38	39	40	
T	31	16135	448689	1445832	2841212	4632916	6636825	7586690	8557639	9695782	10797316	12987243	14244697	15338206	16358646	17384739	18485792	19602499	20714552	21606464	22606791	23403690	24335420	25424029	26317647	27242433	28285100	29369510	31472412	33627675	37490430	37761344	37998692	38212632	38405686	38579705	38736407	38878862	39007928	39123524	39229517	40958226	
T	32	0	1	2	3	4	5	6	7	8	9	10	11	12	13	14	15	16	17	18	19	20	21	22	23	24	25	26	27	28	29	30	31	32	33	34	35	36	37	38	39	40	
T	32	18578	505415	1601728	3112610	5022234	7138919	8133581	9143077	10319901	11458280	13698649	14997063	16109544	17137998	18168132	19278607	20417532	21552485	22445030	23440393	24233626	25165491	26271972	27181014	28094603	29143673	30221898	32318902	34385237	38017721	38269009	38489239	38688030	38866172	39025998	39169715	39299563	39416972	39523049	39619406	41184376	
T	33	0	1	2	3	4	5	6	7	8	9	10	11	12	13	14	15	16	17	18	19	20	21	22	23	24	25	26	27	28	29	30	31	32	33	34	35	36	37	38	39	40	
T	33	21006	563731	1768992	3411580	5450373	7686632	8737135	9792276	11016152	12193126	14495191	15835298	16965587	18001133	19032007	20145181	21296542	22453982	23335301	24313282	25088661	26005534	27112445	28030684	28917190	29949360	31000338	33052728	35046377	38457300	38689443	38891893	39072585	39235142	39380600	39511126	39628972	39735123	39830450	39916594	41301352	
T	34	0	1	2	3	4	5	6	7	8	9	10	11	12	13	14	15	16	17	18	19	20	21	22	23	24	25	26	27	28	29	30	31	32	33	34	35	36	37	38	39	40	
T	34	21177	592096	1874267	3623701	5789094	8139375	9236987	10334602	11606789	12827107	15193538	16582778	17733730	18777770	19814360	20934291	22105894	23287935	24153275	25113261	25866241	26763438	27866711	28784718	29641513	30651794	31669518	33676060	35684827	38875883	39081694	39259812	39417529	39558862	39685398	39798318	39900226	39991558	40074046	40149347	41410225	
T	35	3	4	5	8	9	10	11	12	13	14	15	16	17	18	19	20	21	22	23	24	25	26	27	28	29	30	31	
T	35	41642	127115	305435	366518	459432	546484	605153	634633	663041	695785	820998	897627	929617	1030015	1114976	1231997	1326401	1540966	1613728	1821309	2031855	2441591	5432006	5437618	5439089	5445924	5445942	
G	0	2	3	4	5	6	7	8	9	10	11	12	13	14	15	16	17	18	19	20	21	22	23	24	25	26	27	28	29	30	31	32	33	34	35	36	37	38	39	40	
G	0	25077	123154	359499	611025	742487	877305	1015289	1157488	1456723	1615498	1774686	1967946	2148583	2335784	2535210	2738511	2956302	3221909	3475230	3767955	4030618	4291809	4602393	4940302	5445381	5995243	6261273	14067135	15903808	16131272	16357948	16588125	16818059	17049304	17279598	17510461	17740216	17968456	32312243	
G	1	2	3	4	5	6	7	8	9	10	11	12	13	14	15	16	17	18	19	20	21	22	23	24	25	26	27	28	29	30	31	32	33	34	35	36	37	38	39	40	
G	1	30511	138862	395189	655960	787279	919977	1053804	1188653	1471352	1619175	1765669	1942886	2108884	2280184	2460815	2646385	2844327	3086629	3315335	3579645	3821001	4053006	4333561	4639592	5109854	5637829	5885446	13034259	14653396	14849821	15046410	15242603	15438361	15633952	15828960	16022553	16214976	16405701	30133322	
G	2	2	3	4	5	6	7	8	9	10	11	12	13	14	15	16	17	18	19	20	21	22	23	24	25	26	27	28	29	30	31	32	33	34	35	36	37	38	39	40	
G	2	29342	133124	378045	626894	752997	879915	1007278	1136092	1403865	1542429	1680320	1845493	1999520	2160010	2327286	2499765	2682898	2906343	3115973	3360068	3582319	3796561	4050513	4328466	4755168	5228371	5453169	12055405	13599088	13781976	13964623	14147717	14329806	14511317	14691988	14872053	15050239	15226703	28512030	
G	3	2	3	4	5	6	7	8	9	10	11	12	13	14	15	16	17	18	19	20	21	22	23	24	25	26	27	28	29	30	31	32	33	34	35	36	37	38	39	40	
G	3	33921	148103	407774	672894	806761	941423	1077705	1214875	1504113	1654642	1804205	1984839	2154856	2330724	2514933	2705367	2908602	3155588	3388658	3657505	3905060	4142710	4426354	4739709	5219504	5760937	6008294	13276858	14912334	15106623	15301272	15495148	15688109	15879676	16070121	16258838	16445114	16629352	29986484	
G	4	2	3	4	5	6	7	8	9	10	11	12	13	14	15	16	17	18	19	20	21	22	23	24	25	26	27	28	29	30	31	32	33	34	35	36	37	38	39	40	
G	4	35690	154742	424183	699210	838810	981013	1124367	1269401	1577742	1739219	1899564	2092585	2274773	2463203	2663167	2869779	3088666	3351517	3603166	3888883	4150840	4403590	4708819	5045922	5558388	6117304	6382239	13310723	14846320	15050627	15254988	15458474	15659584	15859639	16057406	16253381	16446262	16636381	29609095	
G	5	2	3	4	5	6	7	8	9	10	11	12	13	14	15	16	17	18	19	20	21	22	23	24	25	26	27	28	29	30	31	32	33	34	35	36	37	38	39	40	
G	5	45496	178749	471655	772904	926829	1082196	1241064	1402073	1743772	1925147	2104731	2320995	2525498	2736139	2958914	3191639	3438861	3731406	4014631	4333506	4626717	4909212	5247558	5622343	6200150	6822528	7113486	14109459	15669375	15891612	16113117	16331354	16548228	16762369	16974279	17182558	17387613	17589223	29986953	
G	6	2	3	4	5	6	7	8	9	10	11	12	13	14	15	16	17	18	19	20	21	22	23	24	25	26	27	28	29	30	31	32	33	34	35	36	37	38	39	40	
G	6	51617	196958	500933	814364	975466	1139269	1306786	1478310	1846473	2040908	2235423	2469374	2690987	2919111	3162469	3413934	3680726	3994420	4305662	4647481	4957386	5254670	5611212	6007107	6621757	7258073	7561070	14119170	15561196	15793512	16021827	16247630	16469966	16689909	16905700	17118088	17326089	17530179	29277872	
G	7	2	3	4	5	6	7	8	9	10	11	12	13	14	15	16	17	18	19	20	21	22	23	24	25	26	27	28	29	30	31	32	33	34	35	36	37	38	39	40	
G	7	52103	199084	509396	833796	1000896	1171519	1346023	1524987	1907804	2110570	2312138	2557055	2788028	3022747	3276006	3537194	3814333	4140158	4471436	4826168	5144810	5449167	5816916	6232037	6893666	7560685	7868004	14207147	15597562	15826579	16052831	16275544	16495688	16711823	16924007	17132349	17336444	17536084	28528727	
G	8	2	3	4	5	6	7	8	9	10	11	12	13	14	15	16	17	18	19	20	21	22	23	24	25	26	27	28	29	30	31	32	33	34	35	36	37	38	39	40	
G	8	64306	230499	568717	923442	1107397	1296090	1489785	1688881	2117545	2345588	2571541	2843327	3101213	3363397	3644296	3932656	4239902	4598584	4963675	5352816	5698574	6028847	6423555	6870600	7589638	8300375	8630414	14812444	16187364	16432659	16675012	16913769	17148152	17377753	17604540	17825399	18042454	18255046	28636749	
G	9	2	3	4	5	6	7	8	9	10	11	12	13	14	15	16	17	18	19	20	21	22	23	24	25	26	27	28	29	30	31	32	33	34	35	36	37	38	39	40	
G	9	68523	244779	601865	980313	1177273	1379803	1588289	1801627	2265620	2511305	2754566	3048098	3326273	3605667	3906459	4214809	4542614	4924215	5319597	5730072	6093749	6438433	6855690	7329506	8090526	8848336	9193405	15199066	16505040	16753947	17000226	17241701	17478474	17710538	17937751	18161193	18378522	18590840	28688490	
G	10	2	3	4	5	6	7	8	9	10	11	12	13	14	15	16	17	18	19	20	21	22	23	24	25	26	27	28	29	30	31	32	33	34	35	36	37	38	39	40	
G	10	73084	262376	637477	1039481	1250428	1468310	1693045	1925983	2434574	2704135	2971581	3293904	3599875	3907092	4236213	4576730	4938313	5355505	5790108	6238135	6632098	7002948	7445265	7951733	8783404	9592303	9955593	16715461	17162143	17419084	17670822	17917155	18158365	18394052	18624386	18849046	19067588	19280489	28742674	
G	11	2	3	4	5	6	7	8	9	10	11	12	13	14	15	16	17	18	19	20	21	22	23	24	25	26	27	28	29	30	31	32	33	34	35	36	37	38	39	40	
G	11	76766	277998	674631	1100562	1325581	1558454	1798851	2047919	2591622	2880235	3165300	3510024	3834397	4159217	4512259	4871836	5253659	5697839	6158011	6629496	7039738	7421805	7884515	8421911	9301757	10132736	10511188	16920930	17375171	17637617	17894297	18144616	18389419	18628441	18861915	19088803	19309968	19524421	28368283	
G	12	2	3	4	5	6	7	8	9	10	11	12	13	14	15	16	17	18	19	20	21	22	23	24	25	26	27	28	29	30	31	32	33	34	35	36	37	38	39	40	
G	12	86642	306142	731455	1244094	1487922	1753553	2038737	2349805	2965122	3289583	3625893	3990154	4352928	4695963	5087913	5486839	5881751	6310593	6767722	7209770	7716660	8155168	8637645	9268289	10031813	11023381	11443465	17612940	18057893	18333458	18603380	18866419	19122906	19373480	19617330	19854990	20085642	20309177	28409653	
G	13	2	3	4	5	6	7	8	9	10	11	12	13	14	15	16	17	18	19	20	21	22	23	24	25	26	27	28	29	30	31	32	33	34	35	36	37	38	39	40	
G	13	115718	369390	828662	1385261	1648805	1938564	2250445	2589211	3259838	3612613	3976960	4373471	4769023	5141450	5562841	5995196	6421418	6879804	7368193	7838183	8383005	8852155	9367570	10030755	10833924	11882043	12333435	18349717	18805977	19096639	19378917	19653333	19920643	20180555	20432190	20677173	20913436	21142872	28480699	
G	14	2	3	4	5	6	7	8	9	10	11	12	13	14	15	16	17	18	19	20	21	22	23	24	25	26	27	28	29	30	31	32	33	34	35	36	37	38	39	40	
G	14	113054	376850	858626	1449510	1731603	2041849	2379189	2746366	3471117	3853013	4248572	4677111	5108349	5514841	5967889	6440516	6902356	7395775	7912266	8413250	8996697	9503512	10048589	10740574	11580903	12664368	13141993	19013889	19481208	19782459	20075158	20359757	20635971	20901452	21159803	21408598	21649308	21881041	28510334	
G	15	2	3	4	5	6	7	8	9	10	11	12	13	14	15	16	17	18	19	20	21	22	23	24	25	26	27	28	29	30	31	32	33	34	35	36	37	38	39	40	
G	15	120805	402339	917130	1542477	1844192	2178866	2544503	2944425	3729831	4144308	4570187	5033963	5500333	5933845	6416919	6925993	7414957	7937803	8479906	9004820	9618372	10156672	10728483	11438725	12377412	13442062	13935021	19541067	19995552	20293145	20580599	20858782	21127787	21387538	21638013	21879285	22109934	22333222	28507839	
G	16	2	3	4	5	6	7	8	9	10	11	12	13	14	15	16	17	18	19	20	21	22	23	24	25	26	27	28	29	30	31	32	33	34	35	36	37	38	39	40	
G	16	146354	459238	1011577	1683787	2008605	2373462	2770043	3211594	4065751	4517469	4984921	5490085	5996234	6466517	6989096	7544936	8070527	8628017	9205586	9760089	10410531	10975636	11578829	12312426	13277367	14376850	14892477	20266104	20711140	21012026	21302091	21580183	21847692	22104203	22350721	22587738	22815144	23031852	28422103	
G	17	2	3	4	5	6	7	8	9	10	11	12	13	14	15	16	17	18	19	20	21	22	23	24	25	26	27	28	29	30	31	32	33	34	35	36	37	38	39	40	
G	17	159137	497479	1086049	1807612	2159949	2553337	2982689	3458007	4378809	4861418	5358391	5895710	6436535	6940473	7492190	8083887	8643165	9230811	9830114	10411341	11100119	11690561	12318615	13072094	14060066	15204640	15738536	20936384	21379717	21682319	21971339	22248280	22512465	22765055	23005982	23235032	23453168	23660852	28373140	
G	18	2	3	4	5	6	7	8	9	10	11	12	13	14	15	16	17	18	19	20	21	22	23	24	25	26	27	28	29	30	31	32	33	34	35	36	37	38	39	40	
G	18	181318	551284	1176292	1946985	2322933	2746421	3210148	3724691	4715383	5235433	5770315	6348679	6931347	7469839	8054457	8691337	9283342	9904027	10533567	11139760	11860429	12480893	13133760	13902442	14919101	16099267	16647774	21658327	22088411	22386755	22671078	22941232	23198499	23444320	23676557	23896597	24105499	24302437	28445978	
G	19	2	3	4	5	6	7	8	9	10	11	12	13	14	15	16	17	18	19	20	21	22	23	24	25	26	27	28	29	30	31	32	33	34	35	36	37	38	39	40	
G	19	200798	602772	1271049	2103461	2511661	2969848	3478079	4040515	5118291	5682118	6261691	6883191	7510838	8087691	8708943	9389669	10012719	10666152	11318791	11945980	12695400	13339330	14008273	14782921	15819530	17023813	17573287	22339444	22742661	23029721	23301892	23558172	23799602	24028100	24244254	24446464	24636732	24816203	28399449	
G	20	2	3	4	5	6	7	8	9	10	11	12	13	14	15	16	17	18	19	20	21	22	23	24	25	26	27	28	29	30	31	32	33	34	35	36	37	38	39	40	
G	20	225149	662137	1375667	2268681	2705015	3197121	3742809	4350472	5500944	6096811	6706308	7360595	8020123	8623443	9261843	9973475	10615529	11284313	11930979	12591193	13346951	13994896	14672114	15449543	16488536	17718534	18273357	22859765	23228667	23506401	23768019	24015304	24248999	24468139	24674993	24869089	25050876	25222978	28511942	
G	21	2	3	4	5	6	7	8	9	10	11	12	13	14	15	16	17	18	19	20	21	22	23	24	25	26	27	28	29	30	31	32	33	34	35	36	37	38	39	40	
G	21	258403	740854	1508241	2474990	2950721	3489256	4085900	4749199	5997214	6640112	7295338	7990480	8694002	9332111	10001202	10748378	11416988	12108636	12766400	13441323	14218553	14878419	15561187	16337423	17374802	18618772	19174880	23529470	23870624	24130436	24373539	24601731	24815829	25015535	25202253	25376887	25539742	25691370	28436815	
G	22	2	3	4	5	6	7	8	9	10	11	12	13	14	15	16	17	18	19	20	21	22	23	24	25	26	27	28	29	30	31	32	33	34	35	36	37	38	39	40	
G	22	300147	834625	1661495	2699625	3214611	3794794	4437342	5149110	6483355	7165473	7857248	8586797	9324822	9995048	10686316	11466511	12155067	12868680	13527330	14208621	14997996	15668159	16352841	17122156	18164810	19408969	19957474	24114847	24425966	24668419	24893017	25102589	25296939	25477695	25645481	25801412	25945601	26080365	28411198	
G	23	2	3	4	5	6	7	8	9	10	11	12	13	14	15	16	17	18	19	20	21	22	23	24	25	26	27	28	29	30	31	32	33	34	35	36	37	38	39	40	
G	23	340867	923993	1813206	2931315	3488108	4115451	4811030	5580948	7007290	7730515	8459276	9224411	9995652	10690049	11398659	12209101	12910132	13641301	14295803	14987118	15786955	16471003	17153866	17920240	18970168	20225376	20780521	24689823	24975653	25203553	25414847	25610283	25791310	25959043	26114802	26258356	26392002	26515185	28563393	
G	24	2	3	4	5	6	7	8	9	10	11	12	13	14	15	16	17	18	19	20	21	22	23	24	25	26	27	28	29	30	31	32	33	34	35	36	37	38	39	40	
G	24	397170	1044642	2012057	3230451	3837499	4524858	5284109	6121241	7656874	8427022	9198209	9999574	10808447	11534726	12257883	13099796	13816103	14566336	15210795	15907587	16715395	17402327	18074217	18835492	19874636	21128074	21684281	25285554	25540749	25746203	25935378	26108984	26268751	26415963	26551814	26675651	26789939	26896076	28594584	
G	25	0	1	2	3	4	5	6	7	8	9	10	11	12	13	14	15	16	17	18	19	20	21	22	23	24	25	26	27	28	29	30	31	32	33	34	35	36	37	38	39	40	
G	25	4839	142786	552326	1224134	2228138	3502278	4142414	4869527	5672706	6547689	8152457	8967657	9761040	10569453	11394131	12124202	12868792	13724541	14427192	15204290	15810962	16496157	17297706	17990950	18654110	19438212	20439210	21698549	22262024	25680045	25884362	26071926	26244298	26402566	26548048	26681099	26803583	26916761	27019815	27114360	28637228	
G	26	0	1	2	3	4	5	6	7	8	9	10	11	12	13	14	15	16	17	18	19	20	21	22	23	24	25	26	27	28	29	30	31	32	33	34	35	36	37	38	39	40	
G	26	5551	161576	624160	1353449	2430312	3794384	4479333	5255765	6108769	7034515	8705073	9546248	10358431	11179549	12014546	12750112	13489534	14350419	15045528	15817923	16403095	17079767	17874623	18550546	19194083	19965415	20935069	22181217	22735689	25889240	26072870	26239886	26392153	26531874	26658689	26775031	26881347	26978486	27067375	27148820	28438385	
G	27	0	1	2	3	4	5	6	7	8	9	10	11	12	13	14	15	16	17	18	19	20	21	22	23	24	25	26	27	28	29	30	31	32	33	34	35	36	37	38	39	40	
G	27	6600	187544	707086	1500130	2662371	4130191	4865447	5695555	6603261	7584763	9327276	10195209	11021710	11856097	12702024	13437932	14167325	15032268	15716400	16486846	17048203	17721422	18513415	19188124	19813091	20573285	21531315	22762543	23319096	26150928	26315303	26465118	26601007	26724869	26837704	26940032	27033380	27119117	27196489	27268100	28384975	
G	28	0	1	2	3	4	5	6	7	8	9	10	11	12	13	14	15	16	17	18	19	20	21	22	23	24	25	26	27	28	29	30	31	32	33	34	35	36	37	38	39	40	
G	28	7679	213446	794668	1652550	2893987	4461638	5242668	6123193	7081788	8108963	9908857	10796213	11631462	12466487	13310932	14043427	14759908	15621533	16286459	17052307	17591110	18253000	19030660	19690739	20300503	21048846	21983804	23199944	23751983	26377805	26525183	26658226	26778871	26888918	26988423	27078967	27160806	27235759	27303844	27365983	28335518	
G	29	0	1	2	3	4	5	6	7	8	9	10	11	12	13	14	15	16	17	18	19	20	21	22	23	24	25	26	27	28	29	30	31	32	33	34	35	36	37	38	39	40	
G	29	9389	247232	902111	1837677	3166125	4836650	5664261	6588124	7591436	8661037	10503521	11404169	12243058	13076270	13911908	14637862	15346528	16210444	16857148	17622291	18140766	18798239	19571496	20220774	20819028	21554520	22469313	23669016	24215583	26648835	26782154	26901954	27010722	27108802	27197051	27277070	27349464	27415554	27475536	27530156	28364673	
G	30	0	1	2	3	4	5	6	7	8	9	10	11	12	13	14	15	16	17	18	19	20	21	22	23	24	25	26	27	28	29	30	31	32	33	34	35	36	37	38	39	40	
G	30	11068	281402	1012319	2022586	3474284	5293928	6167443	7078999	8205300	9217947	11101433	12086089	12915663	13696573	14512533	15342050	16055080	16824903	17461403	18238634	18775595	19428765	20180202	20803090	21431249	22099036	23002914	24274097	25227274	26896008	27018467	27124668	27219998	27305761	27382900	27452977	27515236	27571977	27623431	27669846	28388634	
G	31	0	1	2	3	4	5	6	7	8	9	10	11	12	13	14	15	16	17	18	19	20	21	22	23	24	25	26	27	28	29	30	31	32	33	34	35	36	37	38	39	40	
G	31	12410	318818	1127704	2212919	3760114	5689526	6609164	7558576	8730753	9771188	11681353	12687436	13520922	14291558	15086850	15911324	16614885	17376375	17992781	18769768	19288391	19936397	20673155	21291501	21907994	22566401	23454094	24680844	25543675	27069482	27179493	27274907	27360861	27437167	27505683	27567509	27622822	27672799	27718629	27759650	28392414	
G	32	0	1	2	3	4	5	6	7	8	9	10	11	12	13	14	15	16	17	18	19	20	21	22	23	24	25	26	27	28	29	30	31	32	33	34	35	36	37	38	39	40	
G	32	14457	361767	1259764	2427258	4062749	6082806	7033684	8004552	9195255	10248226	12153412	13153987	13978795	14722412	15495011	16289933	16976095	17730260	18315586	19079981	19571406	20206121	20929180	21529832	22127967	22768658	23631770	24808702	25661968	27070451	27168505	27252679	27328139	27395580	27456378	27510347	27558891	27602310	27641830	27677470	28223972	
G	33	0	1	2	3	4	5	6	7	8	9	10	11	12	13	14	15	16	17	18	19	20	21	22	23	24	25	26	27	28	29	30	31	32	33	34	35	36	37	38	39	40	
G	33	16831	408246	1403550	2668394	4416597	6552800	7550474	8559327	9787539	10870365	12801150	13822136	14650791	15380396	16132834	16916868	17594647	18343535	18905948	19666808	20139260	20764057	21475811	22074709	22656402	23280937	24128009	25259747	26047882	27299102	27384366	27456962	27521708	27579675	27631231	27677492	27718506	27755646	27788941	27818837	28285029	
G	34	0	1	2	3	4	5	6	7	8	9	10	11	12	13	14	15	16	17	18	19	20	21	22	23	24	25	26	27	28	29	30	31	32	33	34	35	36	37	38	39	40	
G	34	18438	449282	1531726	2877172	4708665	6929795	7955125	8979334	10238408	11337749	13268297	14293815	15123382	15832599	16564034	17335455	18012560	18764099	19303221	20068937	20527980	21151995	21864641	22452591	23029629	23634853	24464184	25556613	26314631	27435836	27512739	27579008	27637310	27689368	27735753	27777431	27814125	27847364	27877110	27903893	28329191	
G	35	3	4	5	7	8	9	10	11	12	13	14	15	16	17	18	19	20	21	22	23	24	25	26	27	28	29	30	31	
G	35	33157	89543	267941	267942	380450	545543	669661	787954	874393	899546	1000370	1203354	1247943	1343436	1463964	1651203	1724965	1900111	2135749	2320912	2458239	2713484	2997148	3769908	3770403	3770748	3771532	3771533	
C	0	2	3	4	5	6	7	8	9	10	11	12	13	14	15	16	17	18	19	20	21	22	23	24	25	26	27	28	29	30	31	32	33	34	35	36	37	38	39	40	
C	0	45557	186683	442023	677176	788204	895671	1001574	1106329	1320864	1430948	1543420	1664276	1789763	1925600	2070276	2226210	2391446	2579554	2769383	2977181	3199933	3414868	3654698	3920013	4213265	4655215	4961840	9543686	10178867	10369549	10555905	10738482	10916830	11089609	11258063	11421498	11580542	11734923	19685138	
C	1	2	3	4	5	6	7	8	9	10	11	12	13	14	15	16	17	18	19	20	21	22	23	24	25	26	27	28	29	30	31	32	33	34	35	36	37	38	39	40	
C	1	78915	288377	674496	1060057	1254472	1449899	1646381	1844918	2273316	2497042	2727470	2970984	3215692	3475781	3742353	4021376	4308070	4641060	4954275	5286962	5652412	5987959	6377589	6799969	7276991	8017910	8452871	14750912	15589305	15824808	16052041	16271398	16482989	16686184	16881044	17069040	17247666	17419688	26249078	
C	2	2	3	4	5	6	7	8	9	10	11	12	13	14	15	16	17	18	19	20	21	22	23	24	25	26	27	28	29	30	31	32	33	34	35	36	37	38	39	40	
C	2	76589	282226	661972	1043268	1236005	1429515	1624980	1822205	2247840	2469844	2699523	2943186	3186754	3445203	3712514	3991724	4281129	4613470	4928915	5263969	5629823	5967873	6360688	6783539	7262346	7992894	8419973	14888546	15759157	15997493	16226690	16447813	16661124	16866186	17062382	17251467	17432196	17605375	26566695	
C	3	2	3	4	5	6	7	8	9	10	11	12	13	14	15	16	17	18	19	20	21	22	23	24	25	26	27	28	29	30	31	32	33	34	35	36	37	38	39	40	
C	3	81679	299014	695240	1094405	1295319	1496953	1701115	1907621	2350207	2582316	2819783	3073544	3327894	3595800	3873236	4162443	4462374	4804441	5132634	5477936	5854108	6201271	6606435	7037017	7522878	8258665	8692591	15330314	16233457	16478036	16712913	16939564	17157128	17366603	17566866	17758264	17941015	18116551	27155846	
C	4	2	3	4	5	6	7	8	9	10	11	12	13	14	15	16	17	18	19	20	21	22	23	24	25	26	27	28	29	30	31	32	33	34	35	36	37	38	39	40	
C	4	86306	313487	720698	1130864	1337862	1546322	1757562	1971776	2433952	2676509	2924778	3187756	3452604	3734186	4020670	4322733	4631017	4988406	5324283	5680617	6069715	6426853	6840626	7285308	7786194	8570727	9037266	15394322	16153099	16392492	16621575	16841997	17052253	17253885	17446013	17629230	17803977	17970405	26680354	
C	5	2	3	4	5	6	7	8	9	10	11	12	13	14	15	16	17	18	19	20	21	22	23	24	25	26	27	28	29	30	31	32	33	34	35	36	37	38	39	40	
C	5	102963	362536	812975	1269007	1502061	1736776	1976167	2217892	2743334	3020658	3306331	3608308	3913868	4241158	4572444	4923846	5281137	5693368	6080009	6488252	6934358	7346035	7815168	8322994	8889061	9777017	10303262	17122358	17922121	18190876	18446573	18691689	18925431	19147839	19359694	19560530	19750944	19932432	28000049	
C	6	2	3	4	5	6	7	8	9	10	11	12	13	14	15	16	17	18	19	20	21	22	23	24	25	26	27	28	29	30	31	32	33	34	35	36	37	38	39	40	
C	6	106686	373956	834952	1299323	1535342	1772235	2013676	2258589	2784827	3061282	3345844	3643389	3947155	4269299	4595592	4940188	5288708	5688201	6062377	6456844	6888223	7282816	7730459	8214933	8754134	9605765	10104541	16574234	17350412	17598022	17833353	18058244	18272663	18476661	18669970	18853898	19027758	19193202	27145438	
C	7	2	3	4	5	6	7	8	9	10	11	12	13	14	15	16	17	18	19	20	21	22	23	24	25	26	27	28	29	30	31	32	33	34	35	36	37	38	39	40	
C	7	124199	417468	900078	1393517	1646236	1903423	2166223	2432933	3013665	3321829	3639774	3972385	4313637	4675192	5041363	5428158	5818236	6262517	6677791	7113265	7587247	8017009	8504072	9028024	9607844	10530957	11066001	17650578	18427690	18681076	18922361	19149670	19363905	19566561	19757556	19937931	20108244	20268497	27819602	
C	8	2	3	4	5	6	7	8	9	10	11	12	13	14	15	16	17	18	19	20	21	22	23	24	25	26	27	28	29	30	31	32	33	34	35	36	37	38	39	40	
C	8	140363	461196	979886	1507429	1777369	2049540	2329221	2613755	3229348	3554030	3888498	4236116	4592764	4973350	5353838	5756848	6160619	6622476	7052419	7501723	7991587	8436336	8936115	9479717	10082986	11059666	11628366	18221720	18963416	19221488	19466185	19697907	19916248	20124067	20319691	20505048	20679949	20845553	28138657	
C	9	2	3	4	5	6	7	8	9	10	11	12	13	14	15	16	17	18	19	20	21	22	23	24	25	26	27	28	29	30	31	32	33	34	35	36	37	38	39	40	
C	9	150078	485637	1015893	1561574	1843300	2127916	2422401	2720986	3375056	3721250	4079393	4448518	4829713	5236627	5640331	6069216	6494166	6986699	7439125	7908152	8426419	8892193	9414301	9986871	10623969	11689056	12300253	18709457	19360785	19617564	19860099	20088723	20304451	20507719	20699329	20881773	21054481	21216745	28108228	
C	10	2	3	4	5	6	7	8	9	10	11	12	13	14	15	16	17	18	19	20	21	22	23	24	25	26	27	28	29	30	31	32	33	34	35	36	37	38	39	40	
C	10	162778	518733	1064966	1630571	1924411	2222254	2531952	2847601	3540456	3909116	4291615	4684948	5090749	5524927	5952832	6407068	6855007	7376386	7846494	8332321	8875052	9342254	9878542	10469114	11107355	12211440	12842049	19442083	19721417	19971006	20206229	20428116	20636017	20832275	21017378	21192112	21358609	21515365	28062162	
C	11	2	3	4	5	6	7	8	9	10	11	12	13	14	15	16	17	18	19	20	21	22	23	24	25	26	27	28	29	30	31	32	33	34	35	36	37	38	39	40	
C	11	175045	550070	1116734	1709708	2018672	2334319	2662513	2999179	3740795	4134788	4544281	4964723	5398336	5863250	6316624	6796566	7266863	7816576	8310296	8815406	9380073	9864848	10420611	11038445	11703607	12872072	13540474	19936903	20216369	20465699	20701359	20923251	21132320	21329321	21516386	21692142	21859613	22019129	28210048	
C	12	2	3	4	5	6	7	8	9	10	11	12	13	14	15	16	17	18	19	20	21	22	23	24	25	26	27	28	29	30	31	32	33	34	35	36	37	38	39	40	
C	12	191224	591233	1188501	1867589	2195120	2545225	2913988	3304973	4094780	4508403	4950033	5397366	5857621	6338362	6818203	7337557	7828102	8378622	8885250	9418191	9995837	10492201	11069137	11719735	12386336	13586985	14281339	20262085	20542307	20793724	21030577	21255301	21467300	21667609	21857387	22037585	22209211	22372402	28072514	
C	13	2	3	4	5	6	7	8	9	10	11	12	13	14	15	16	17	18	19	20	21	22	23	24	25	26	27	28	29	30	31	32	33	34	35	36	37	38	39	40	
C	13	218481	660025	1304834	2037418	2391097	2769524	3166407	3588232	4442873	4887439	5363250	5842576	6338847	6854978	7364883	7916097	8434383	9018256	9549989	10109936	10720803	11241692	11847143	12542895	13247623	14539172	15291699	21065673	21354836	21613416	21856394	22086224	22302612	22508472	22702755	22887770	23063598	23231301	28334790	
C	14	2	3	4	5	6	7	8	9	10	11	12	13	14	15	16	17	18	19	20	21	22	23	24	25	26	27	28	29	30	31	32	33	34	35	36	37	38	39	40	
C	14	234414	699918	1362652	2120733	2487980	2883073	3301727	3743659	4650683	5124850	5631215	6141066	6668580	7216905	7754303	8333953	8876807	9486556	10042641	10620760	11254182	11790921	12409568	13127826	13850333	15191616	15967430	21647677	21937162	22194230	22434639	22663457	22878271	23080809	23272648	23454871	23627196	23790857	28466437	
C	15	2	3	4	5	6	7	8	9	10	11	12	13	14	15	16	17	18	19	20	21	22	23	24	25	26	27	28	29	30	31	32	33	34	35	36	37	38	39	40	
C	15	258872	747750	1439072	2218259	2604615	3023671	3469139	3939460	4909928	5416457	5958377	6500161	7061061	7644284	8214541	8821417	9380310	10011655	10585582	11174881	11825052	12373461	12999693	13743946	14476079	15874119	16665417	22137711	22418206	22664357	22894975	23111544	23315135	23506654	23687443	23859387	24021623	24175064	28409151	
C	16	2	3	4	5	6	7	8	9	10	11	12	13	14	15	16	17	18	19	20	21	22	23	24	25	26	27	28	29	30	31	32	33	34	35	36	37	38	39	40	
C	16	291520	828191	1570291	2405842	2823803	3276765	3759011	4270339	5337060	5894246	6490540	7084424	7697805	8336373	8952854	9609367	10210973	10886623	11496074	12116308	12803792	13375515	14022893	14804976	15558598	17017472	17834152	22989676	23258374	23489063	23702627	23900488	24084855	24256275	24415595	24564498	24704603	24835198	28289051	
C	17	2	3	4	5	6	7	8	9	10	11	12	13	14	15	16	17	18	19	20	21	22	23	24	25	26	27	28	29	30	31	32	33	34	35	36	37	38	39	40	
C	17	320910	891816	1666594	2545489	2987092	3467039	3975913	4514228	5636420	6219256	6840508	7453382	8086641	8742223	9367315	10030513	10631816	11311402	11922946	12543459	13238628	13814402	14468524	15281278	16053205	17580193	18438084	23401030	23671336	23902520	24118350	24318944	24505611	24679915	24842081	24995348	25138777	25273755	28552700	
C	18	2	3	4	5	6	7	8	9	10	11	12	13	14	15	16	17	18	19	20	21	22	23	24	25	26	27	28	29	30	31	32	33	34	35	36	37	38	39	40	
C	18	365609	984843	1803543	2745789	3224911	3749209	4308372	4899601	6145228	6792575	7479863	8156009	8849049	9564537	10236487	10944649	11576957	12287673	12920078	13552987	14263419	14841733	15493106	16322993	17093544	18657135	19537778	24159884	24398878	24595511	24776134	24942137	25095268	25236816	25368981	25491818	25607254	25715898	28412199	
C	19	2	3	4	5	6	7	8	9	10	11	12	13	14	15	16	17	18	19	20	21	22	23	24	25	26	27	28	29	30	31	32	33	34	35	36	37	38	39	40	
C	19	405482	1065232	1927836	2923413	3431077	3986847	4578404	5202629	6515321	7190661	7904228	8602533	9316006	10050116	10727727	11446165	12079425	12794711	13434076	14072115	14793127	15382408	16041587	16913464	17706111	19326495	20269105	24541031	24783382	24980834	25162389	25332033	25487952	25632061	25766552	25892071	26010033	26120410	28624595	
C	20	2	3	4	5	6	7	8	9	10	11	12	13	14	15	16	17	18	19	20	21	22	23	24	25	26	27	28	29	30	31	32	33	34	35	36	37	38	39	40	
C	20	454687	1156611	2070548	3141142	3693884	4300542	4945514	5623101	7051250	7779106	8538132	9274182	10018966	10778780	11462020	12186053	12810792	13520466	14145654	14763166	15478469	16044237	16677962	17559665	18338791	19988587	20940743	24846138	25038820	25213512	25374545	25523634	25662280	25791422	25912166	26025671	26132667	26232596	28356592	
C	21	2	3	4	5	6	7	8	9	10	11	12	13	14	15	16	17	18	19	20	21	22	23	24	25	26	27	28	29	30	31	32	33	34	35	36	37	38	39	40	
C	21	504973	1262857	2240230	3386095	3977567	4628274	5318125	6040808	7555738	8323577	9121241	9886943	10662171	11447579	12146901	12885972	13515442	14235312	14872339	15488615	16216568	16786524	17416682	18329777	19109524	20783943	21751167	25388867	25561991	25717344	25859191	25990677	26112855	26225890	26331153	26430036	26522309	26609836	28463277	
C	22	2	3	4	5	6	7	8	9	10	11	12	13	14	15	16	17	18	19	20	21	22	23	24	25	26	27	28	29	30	31	32	33	34	35	36	37	38	39	40	
C	22	559914	1363634	2394460	3601061	4222886	4908919	5631512	6385929	7959421	8743805	9551706	10320193	11093893	11878758	12561683	13287508	13896058	14598486	15226857	15829725	16552200	17121532	17742552	18678089	19458470	21145145	22127879	25474559	25642581	25792343	25930346	26057453	26175408	26284803	26387109	26482464	26571714	26656143	28321565	
C	23	2	3	4	5	6	7	8	9	10	11	12	13	14	15	16	17	18	19	20	21	22	23	24	25	26	27	28	29	30	31	32	33	34	35	36	37	38	39	40	
C	23	627187	1479549	2574480	3867702	4538066	5275448	6052413	6858833	8533287	9359003	10199780	10990985	11780264	12576082	13253821	13973994	14567705	15259274	15877741	16462123	17180644	17742607	18348730	19296021	20076188	21769525	22756326	25914417	26066600	26201486	26325870	26440510	26546579	26644309	26735713	26821264	26901322	26975532	28361580	
C	24	2	3	4	5	6	7	8	9	10	11	12	13	14	15	16	17	18	19	20	21	22	23	24	25	26	27	28	29	30	31	32	33	34	35	36	37	38	39	40	
C	24	681882	1585480	2740535	4096496	4798455	5564748	6372948	7203481	8917429	9754357	10600016	11388636	12172034	12964131	13630800	14342766	14921507	15604647	16220932	16794201	17514373	18077468	18678747	19634477	20406943	22068686	23044263	26047921	26192823	26320734	26438066	26546608	26646308	26738731	26824576	26904189	26978284	27047370	28297007	
C	25	0	1	2	3	4	5	6	7	8	9	10	11	12	13	14	15	16	17	18	19	20	21	22	23	24	25	26	27	28	29	30	31	32	33	34	35	36	37	38	39	40	
C	25	15472	419282	1133831	2048394	3224499	4622210	5348475	6143012	6996288	7856447	9612162	10532366	11366443	12152585	12929516	13667627	14431330	15173951	15715699	16375264	16869207	17491479	18267123	18819314	19431304	20228936	21019305	22640113	23707251	26398690	26526476	26642895	26747806	26843640	26931675	27013260	27088452	27158639	27223672	27283843	28334571	
C	26	0	1	2	3	4	5	6	7	8	9	10	11	12	13	14	15	16	17	18	19	20	21	22	23	24	25	26	27	28	29	30	31	32	33	34	35	36	37	38	39	40	
C	26	18345	469162	1247610	2205935	3441130	4914642	5682030	6518713	7415984	8311488	10128165	11074040	11916766	12701610	13479811	14211307	14975196	15720161	16248791	16903172	17389600	18011768	18804186	19369434	19977748	20795001	21581649	23185139	24262484	26713992	26835394	26944801	27043660	27134067	27216218	27292520	27363314	27428445	27488417	27543779	28474641	
C	27	0	1	2	3	4	5	6	7	8	9	10	11	12	13	14	15	16	17	18	19	20	21	22	23	24	25	26	27	28	29	30	31	32	33	34	35	36	37	38	39	40	
C	27	21797	532632	1368516	2369329	3670072	5221367	6031743	6912526	7849650	8780667	10640168	11600552	12439734	13213989	13973906	14683243	15430578	16161902	16659358	17290323	17753397	18357724	19147861	19710984	20302071	21114814	21883534	23436761	24504293	26748150	26854981	26951025	27037394	27116926	27189712	27256629	27317298	27373359	27425322	27472947	28261629	
C	28	0	1	2	3	4	5	6	7	8	9	10	11	12	13	14	15	16	17	18	19	20	21	22	23	24	25	26	27	28	29	30	31	32	33	34	35	36	37	38	39	40	
C	28	25923	603381	1515178	2567658	3944894	5590255	6446709	7371984	8354683	9322601	11239996	12220499	13065895	13836320	14594527	15297011	16043980	16778426	17255414	17875293	18325472	18923430	19718610	20292136	20867753	21685942	22441337	23952520	25018300	27057790	27154287	27240656	27317293	27387684	27452028	27510894	27564523	27614147	27659629	27701667	28380444	
C	29	0	1	2	3	4	5	6	7	8	9	10	11	12	13	14	15	16	17	18	19	20	21	22	23	24	25	26	27	28	29	30	31	32	33	34	35	36	37	38	39	40	
C	29	30678	667391	1632102	2738758	4190990	5920429	6818630	7788372	8807351	9801923	11749437	12735720	13569906	14322032	15065980	15753842	16490971	17225927	17682851	18292379	18735369	19331077	20138618	20735397	21296725	22133200	22877370	24351918	25389546	27188161	27276139	27354367	27423466	27486694	27544074	27596774	27644634	27688697	27729020	27766452	28356209	
C	30	0	1	2	3	4	5	6	7	8	9	10	11	12	13	14	15	16	17	18	19	20	21	22	23	24	25	26	27	28	29	30	31	32	33	34	35	36	37	38	39	40	
C	30	34701	737277	1773931	2931854	4476255	6340450	7272759	8214275	9282005	10275818	12205230	13245515	14103326	14829718	15505092	16193682	16967108	17677453	18139349	18727065	19143742	19692795	20512309	21111796	21701075	22481795	23215931	24647060	25890334	27229851	27308763	27376464	27437416	27493147	27543616	27589659	27631289	27669442	27704471	27736199	28237094	
C	31	0	1	2	3	4	5	6	7	8	9	10	11	12	13	14	15	16	17	18	19	20	21	22	23	24	25	26	27	28	29	30	31	32	33	34	35	36	37	38	39	40	
C	31	40427	816448	1908357	3115412	4739907	6696639	7673586	8652255	9758842	10773588	12715014	13761432	14605059	15308048	15955599	16617026	17381419	18084467	18515885	19080485	19475850	20006361	20825012	21431833	22003912	22774119	23487061	24854175	26072296	27322766	27393092	27453186	27507421	27556623	27601325	27642192	27678882	27712333	27742660	27770427	28210677	
C	32	0	1	2	3	4	5	6	7	8	9	10	11	12	13	14	15	16	17	18	19	20	21	22	23	24	25	26	27	28	29	30	31	32	33	34	35	36	37	38	39	40	
C	32	44970	892410	2042478	3301753	5020399	7095769	8137211	9171424	10331951	11384384	13370371	14433604	15271361	15952467	16576214	17212078	17970211	18673125	19073612	19615038	19988331	20496223	21314631	21931016	22476268	23228551	23909599	25212618	26363981	27468587	27526821	27575960	27620530	27660210	27696577	27729335	27759357	27786522	27811276	27834147	28192259	
C	33	0	1	2	3	4	5	6	7	8	9	10	11	12	13	14	15	16	17	18	19	20	21	22	23	24	25	26	27	28	29	30	31	32	33	34	35	36	37	38	39	40	
C	33	49720	976443	2190582	3519298	5333707	7501549	8579692	9635069	10816913	11873102	13838130	14891432	15704668	16352046	16943876	17552455	18301166	19003356	19381950	19906482	20267681	20764968	21592663	22230011	22763027	23510729	24176600	25433725	26524289	27539111	27591536	27635667	27675286	27710930	27742914	27772239	27799106	27823207	27845454	27865510	28186109	
C	34	0	1	2	3	4	5	6	7	8	9	10	11	12	13	14	15	16	17	18	19	20	21	22	23	24	25	26	27	28	29	30	31	32	33	34	35	36	37	38	39	40	
C	34	48999	1002767	2234439	3605213	5506440	7789616	8924241	10030972	11261892	12350336	14347596	15421081	16231629	16863781	17438896	18038679	18797565	19516450	19885452	20396525	20757157	21240353	22084805	22756487	23263462	23995895	24626737	25818414	26730195	27666456	27711515	27748627	27781396	27811260	27837837	27861664	27883005	27902465	27920137	27936317	28203767	
C	35	3	4	5	8	9	10	11	12	13	14	15	16	17	18	19	20	21	22	23	24	25	26	27	28	29	30	31	
C	35	22902	60596	194968	245216	342124	436131	510669	559362	589787	641930	778828	880586	904070	1019830	1117882	1250677	1346714	1606271	1684860	1869972	2032098	2294597	3701228	3701530	3701586	3703331	3703335	

