.	0	2	3	4	5	6	7	8	9	10	11	12	13	14	15	16	17	18	19	20	21	22	23	24	25	26	27	28	29	30	31	32	33	34	35	36	37	38	39	40	
.	0	629	8950	42707	167288	181663	263657	444504	609404	879111	999403	1104600	1258891	1349141	1480472	1621947	1863242	2063405	2307684	2656035	2995358	3472321	3820505	4307084	4927567	5795922	15043215	19452386	22121491	22884008	23721363	25443576	26569190	26877376	27548427	27582916	27594785	27606827	27618664	34701516	
.	1	2	3	4	5	6	7	8	9	10	11	12	13	14	15	16	17	18	19	20	21	22	23	24	25	26	27	28	29	30	31	32	33	34	35	36	37	38	39	40	
.	1	460	7828	38936	209682	248377	340442	532274	682030	877447	968052	1093991	1260212	1365547	1508924	1699061	1974209	2223438	2468003	2810043	3164481	3663504	4057134	4603049	5253165	6106813	15276553	19732088	22311763	23071341	23799131	25445114	26503373	26906611	27481181	27516078	27525947	27535210	27544822	34701516	
.	2	2	3	4	5	6	7	8	9	10	11	12	13	14	15	16	17	18	19	20	21	22	23	24	25	26	27	28	29	30	31	32	33	34	35	36	37	38	39	40	
.	2	532	8412	41885	227031	271975	375584	575891	731536	927219	1022491	1157196	1327877	1441806	1596755	1797268	2078989	2341444	2594344	2946149	3314661	3830009	4233194	4809297	5480503	6369657	15585189	19911045	22668870	23449887	24165779	25705476	26672427	27050881	27505803	27540265	27550409	27560400	27570339	34701516	
.	3	2	3	4	5	6	7	8	9	10	11	12	13	14	15	16	17	18	19	20	21	22	23	24	25	26	27	28	29	30	31	32	33	34	35	36	37	38	39	40	
.	3	588	9088	44991	245705	297789	413516	626542	784694	983271	1085308	1227380	1404008	1529106	1694113	1905527	2193703	2472249	2732770	3097518	3469266	3994282	4402382	4995793	5665478	6573297	15788351	19966283	22870872	23611262	24303632	25778504	26717737	27086783	27543729	27576938	27588430	27599447	27610699	34701516	
.	4	2	3	4	5	6	7	8	9	10	11	12	13	14	15	16	17	18	19	20	21	22	23	24	25	26	27	28	29	30	31	32	33	34	35	36	37	38	39	40	
.	4	653	9830	47669	255185	311555	434828	654797	814713	1020702	1125118	1276418	1460053	1594231	1762987	1987189	2285183	2571781	2845697	3227866	3615220	4159984	4580876	5179642	5872998	6779840	15937218	20277181	22998173	23710458	24383583	25814289	26745754	27113336	27586284	27619850	27633176	27646102	27659248	34701516	
.	5	2	3	4	5	6	7	8	9	10	11	12	13	14	15	16	17	18	19	20	21	22	23	24	25	26	27	28	29	30	31	32	33	34	35	36	37	38	39	40	
.	5	755	10958	52810	274199	334661	463782	690317	851823	1065781	1174793	1338009	1533045	1677754	1852868	2095246	2412046	2709712	2997971	3401203	3807931	4373482	4813352	5420189	6128969	7031432	16102542	20536479	23096265	23782496	24442942	25847105	26779257	27148479	27643244	27677824	27693133	27708105	27723437	34701516	
.	6	2	3	4	5	6	7	8	9	10	11	12	13	14	15	16	17	18	19	20	21	22	23	24	25	26	27	28	29	30	31	32	33	34	35	36	37	38	39	40	
.	6	989	12091	57364	288341	351907	483771	715463	878555	1099953	1214391	1384049	1584755	1737057	1916330	2164810	2485903	2794885	3089038	3499823	3912717	4483285	4923205	5537263	6251767	7163884	16176603	20586632	23157047	23825672	24481829	25872944	26811479	27183857	27702708	27739478	27757476	27775177	27792931	34701516	
.	7	2	3	4	5	6	7	8	9	10	11	12	13	14	15	16	17	18	19	20	21	22	23	24	25	26	27	28	29	30	31	32	33	34	35	36	37	38	39	40	
.	7	1134	13567	63119	313041	381190	518652	763813	929998	1164537	1284227	1471503	1689024	1852606	2037105	2312365	2660327	2983492	3292740	3727694	4163964	4752983	5219308	5841030	6573125	7464595	16349430	20892265	23254999	23910715	24560273	25934776	26877747	27255766	27797019	27837505	27859733	27881476	27903593	34701516	
.	8	2	3	4	5	6	7	8	9	10	11	12	13	14	15	16	17	18	19	20	21	22	23	24	25	26	27	28	29	30	31	32	33	34	35	36	37	38	39	40	
.	8	1396	14911	68865	335126	406192	549000	802672	972122	1217445	1344001	1538063	1763619	1939182	2128132	2412401	2767046	3103711	3422196	3871947	4315351	4916490	5387190	6011244	6763560	7658021	16466159	21062036	23370080	24008763	24650913	26000740	26943674	27324638	27885047	27928736	27954969	27980712	28006979	34701516	
.	9	2	3	4	5	6	7	8	9	10	11	12	13	14	15	16	17	18	19	20	21	22	23	24	25	26	27	28	29	30	31	32	33	34	35	36	37	38	39	40	
.	9	1674	17065	75578	353861	427134	570807	828186	998018	1256321	1387326	1591877	1828209	2014169	2206320	2508600	2877136	3225261	3560818	4032270	4491149	5107882	5592178	6223850	6995032	7887160	16589228	21294028	23460648	24093003	24737161	26083447	27036344	27423961	28003538	28052081	28084044	28115027	28146644	34701516	
.	10	2	3	4	5	6	7	8	9	10	11	12	13	14	15	16	17	18	19	20	21	22	23	24	25	26	27	28	29	30	31	32	33	34	35	36	37	38	39	40	
.	10	2038	18832	82814	373633	448372	592908	856885	1029324	1302271	1438709	1654058	1900053	2092859	2289999	2604195	2985195	3343136	3687709	4177938	4645811	5269044	5760836	6395667	7172955	8057007	16663396	21428177	23495643	24128253	24780987	26153918	27132846	27532491	28140120	28194658	28233007	28270550	28308692	34701516	
.	11	2	3	4	5	6	7	8	9	10	11	12	13	14	15	16	17	18	19	20	21	22	23	24	25	26	27	28	29	30	31	32	33	34	35	36	37	38	39	40	
.	11	2539	21465	90681	391091	465589	608485	874157	1047575	1336254	1477544	1701385	1957295	2157406	2353979	2679650	3071764	3435972	3792050	4295415	4769502	5401520	5902144	6537177	7323915	8197004	16716637	21549809	23531848	24168868	24832384	26232331	27236619	27647706	28284660	28345920	28389425	28433264	28477475	34701516	
.	12	2	3	4	5	6	7	8	9	10	11	12	13	14	15	16	17	18	19	20	21	22	23	24	25	26	27	28	29	30	31	32	33	34	35	36	37	38	39	40	
.	12	2927	23879	98793	395346	494350	639172	901196	1061110	1333326	1512704	1705525	1941664	2160051	2389897	2685825	3101740	3504914	3860028	4352462	4817475	5524565	6010581	6709477	7530205	8358194	16900820	21773867	23617848	24248682	24918759	26325349	27349928	27773318	28442657	28509950	28560759	28611073	28661888	34701516	
.	13	2	3	4	5	6	7	8	9	10	11	12	13	14	15	16	17	18	19	20	21	22	23	24	25	26	27	28	29	30	31	32	33	34	35	36	37	38	39	40	
.	13	3580	26621	107201	421007	524911	673532	942419	1107305	1393387	1582425	1785490	2031629	2264364	2503341	2816489	3251708	3671476	4045873	4560525	5039572	5769401	6269500	6988004	7820669	8646581	17097684	22027857	23780817	24410718	25085056	26483607	27514526	27942355	28632577	28707186	28766329	28824496	28883066	34701516	
.	14	2	3	4	5	6	7	8	9	10	11	12	13	14	15	16	17	18	19	20	21	22	23	24	25	26	27	28	29	30	31	32	33	34	35	36	37	38	39	40	
.	14	4451	29788	115636	445721	555149	711666	991123	1159773	1461593	1661670	1878342	2138187	2386776	2639277	2976045	3436705	3878660	4273839	4816874	5315387	6082353	6608743	7342200	8190023	9009938	17379414	22393505	24015715	24635953	25307068	26670031	27693988	28123123	28824639	28904696	28970834	29034943	29099235	34701516	
.	15	2	3	4	5	6	7	8	9	10	11	12	13	14	15	16	17	18	19	20	21	22	23	24	25	26	27	28	29	30	31	32	33	34	35	36	37	38	39	40	
.	15	5619	34576	128571	488149	608046	776523	1075133	1255582	1577387	1794977	2031101	2310259	2584729	2855805	3232748	3723576	4195231	4606292	5189927	5722337	6537552	7062015	7818496	8683354	9499558	17721383	22774183	24297251	24904304	25569757	26889189	27901678	28329272	29039350	29125367	29198127	29269780	29340527	34701516	
.	16	2	3	4	5	6	7	8	9	10	11	12	13	14	15	16	17	18	19	20	21	22	23	24	25	26	27	28	29	30	31	32	33	34	35	36	37	38	39	40	
.	16	7267	40360	143724	519991	648109	823568	1130719	1316805	1654580	1882136	2132265	2423095	2716682	3001781	3403438	3916978	4408065	4842272	5456760	6008903	6861359	7402062	8181773	9058583	9880155	17985191	23092141	24544948	25145656	25810495	27101789	28110291	28539258	29265996	29357341	29437255	29514801	29591926	34701516	
.	17	2	3	4	5	6	7	8	9	10	11	12	13	14	15	16	17	18	19	20	21	22	23	24	25	26	27	28	29	30	31	32	33	34	35	36	37	38	39	40	
.	17	7714	42997	152770	552315	686449	867095	1185776	1378064	1741252	1985435	2252043	2558520	2873521	3176417	3604971	4144272	4658984	5118234	5764718	6337596	7235213	7792108	8590647	9481238	10297645	18262832	23399369	24761317	25361878	26030725	27308391	28319392	28750375	29496545	29594030	29680180	29762994	29845662	34701516	
.	18	2	3	4	5	6	7	8	9	10	11	12	13	14	15	16	17	18	19	20	21	22	23	24	25	26	27	28	29	30	31	32	33	34	35	36	37	38	39	40	
.	18	9056	48624	167292	600899	749059	947293	1286674	1490742	1876585	2138467	2429230	2758418	3102154	3429087	3895940	4470810	5022567	5516008	6210769	6816332	7770824	8354153	9172835	10078595	10897122	18716949	23877389	25156011	25740964	26399355	27601108	28580489	28999666	29743294	29844536	29936940	30024592	30111595	34701516	
.	19	2	3	4	5	6	7	8	9	10	11	12	13	14	15	16	17	18	19	20	21	22	23	24	25	26	27	28	29	30	31	32	33	34	35	36	37	38	39	40	
.	19	11319	55614	183642	650475	811693	1025275	1384062	1599869	2011878	2293319	2608272	2957695	3334737	3688551	4194254	4803658	5393045	5922981	6667070	7301725	8319901	8930946	9772077	10697628	11519669	19194570	24359248	25558656	26133262	26784862	27918793	28867318	29277180	30014991	30120679	30218028	30309956	30401107	34701516	
.	20	2	3	4	5	6	7	8	9	10	11	12	13	14	15	16	17	18	19	20	21	22	23	24	25	26	27	28	29	30	31	32	33	34	35	36	37	38	39	40	
.	20	13868	64163	202832	700744	873872	1102677	1479769	1707808	2148271	2470515	2788989	3162821	3577763	3951207	4498024	5147246	5773647	6343025	7139783	7805174	8891258	9527839	10393273	11337151	12158249	19664082	24848009	25969217	26537082	27183205	28262177	29185203	29586979	30319164	30427625	30529868	30625706	30720196	34701516	
.	21	2	3	4	5	6	7	8	9	10	11	12	13	14	15	16	17	18	19	20	21	22	23	24	25	26	27	28	29	30	31	32	33	34	35	36	37	38	39	40	
.	21	16885	73801	225151	755666	942518	1187877	1584598	1826203	2299759	2644525	2984979	3381484	3828069	4227126	4810162	5493339	6154653	6757356	7601208	8286820	9437905	10099072	10980786	11940067	12761097	20123011	25294968	26353121	26916690	27563207	28595563	29497726	29890418	30619305	30729747	30835185	30932853	31029021	34701516	
.	22	2	3	4	5	6	7	8	9	10	11	12	13	14	15	16	17	18	19	20	21	22	23	24	25	26	27	28	29	30	31	32	33	34	35	36	37	38	39	40	
.	22	32490	114613	295776	870701	1073427	1334031	1750545	2009803	2522238	2890632	3255877	3673765	4151254	4576247	5194083	5906060	6597076	7235088	8118672	8821519	10031250	10704160	11602208	12572624	13391771	20567482	25738956	26756744	27316650	27966394	28974014	29868456	30255453	30990287	31101262	31208759	31305750	31400805	34701516	
.	23	2	3	4	5	6	7	8	9	10	11	12	13	14	15	16	17	18	19	20	21	22	23	24	25	26	27	28	29	30	31	32	33	34	35	36	37	38	39	40	
.	23	52315	166942	385603	1013436	1240058	1527984	1975248	2253917	2809179	3207197	3597489	4040567	4555667	5011535	5673017	6421842	7153773	7838668	8778996	9506752	10801819	11497105	12414427	13403220	14220155	21161799	26312230	27275869	27825698	28471176	29410541	30263704	30632614	31344727	31453064	31559394	31654886	31747687	34701516	
.	24	2	3	4	5	6	7	8	9	10	11	12	13	14	15	16	17	18	19	20	21	22	23	24	25	26	27	28	29	30	31	32	33	34	35	36	37	38	39	40	
.	24	87914	256132	533745	1236591	1495346	1803762	2279923	2584888	3200962	3633012	4057272	4527645	5082366	5566361	6265263	7048133	7810886	8541309	9529408	10269936	11630566	12335141	13270265	14268178	15075278	21705364	26820021	27734419	28280719	28924534	29845850	30690109	31050079	31761106	31864175	31966344	32055938	32142434	34701516	
.	25	0	1	2	3	4	5	6	7	8	9	10	11	12	13	14	15	16	17	18	19	20	21	22	23	24	25	26	27	28	29	30	31	32	33	34	35	36	37	38	39	40	
.	25	1602	85589	147508	278425	533488	1264103	1527241	1843986	2343525	2666497	3327137	3793748	4242437	4747388	5337086	5857911	6606237	7434958	8250384	9060176	10075419	10836522	12355038	13075545	14033344	14971081	15765462	22171938	27186964	28039862	28584203	29229473	30112929	30936820	31287687	31985048	32086911	32189433	32278833	32364680	34701516	
.	26	0	1	2	3	4	5	6	7	8	9	10	11	12	13	14	15	16	17	18	19	20	21	22	23	24	25	26	27	28	29	30	31	32	33	34	35	36	37	38	39	40	
.	26	1222	93758	159593	299345	574164	1352271	1638906	1982071	2512864	2857596	3567277	4066682	4548077	5081124	5708903	6265336	7054878	7920183	8773208	9637034	10701756	11474176	13085341	13820576	14800266	15739572	16531126	22675327	27644136	28459162	28995987	29638583	30465262	31253760	31586070	32255660	32353410	32454422	32539824	32621544	34701516	
.	27	0	1	2	3	4	5	6	7	8	9	10	11	12	13	14	15	16	17	18	19	20	21	22	23	24	25	26	27	28	29	30	31	32	33	34	35	36	37	38	39	40	
.	27	2274	111439	190206	347410	642044	1467318	1767139	2121078	2670135	3031257	3789020	4315135	4814031	5372241	6027302	6609533	7433476	8327033	9213019	10115882	11228105	12004088	13690653	14430265	15421489	16354139	17131309	23053101	27934831	28716157	29250898	29897443	30703357	31484155	31809330	32479895	32574496	32672596	32754017	32831978	34701516	
.	28	0	1	2	3	4	5	6	7	8	9	10	11	12	13	14	15	16	17	18	19	20	21	22	23	24	25	26	27	28	29	30	31	32	33	34	35	36	37	38	39	40	
.	28	723	102778	174634	324658	625111	1469756	1779134	2137288	2701079	3081113	3890913	4444775	4966129	5546371	6222108	6831321	7681955	8601272	9515479	10458651	11605658	12378851	14136217	14877812	15879723	16808492	17576010	23283246	28109708	28875344	29412094	30067260	30889489	31686411	32012748	32701237	32791637	32886053	32963204	33037072	34701516	
.	29	0	1	2	3	4	5	6	7	8	9	10	11	12	13	14	15	16	17	18	19	20	21	22	23	24	25	26	27	28	29	30	31	32	33	34	35	36	37	38	39	40	
.	29	1143	124921	209711	379198	708232	1605564	1937108	2318954	2911529	3312001	4169987	4753636	5301560	5908406	6612231	7251343	8135292	9083365	10030760	11018639	12209650	12982842	14819101	15566043	16580527	17505847	18265632	23728033	28478301	29217776	29747449	30399705	31176793	31943663	32254655	32914536	32999436	33091045	33163876	33232885	34701516	
.	30	0	1	2	3	4	5	6	7	8	9	10	11	12	13	14	15	16	17	18	19	20	21	22	23	24	25	26	27	28	29	30	31	32	33	34	35	36	37	38	39	40	
.	30	628	143849	239298	424271	890572	1730537	2081375	2490102	3123069	3544895	4480455	5082754	5654056	6374782	7108369	7687497	8994715	9980570	10840037	11868402	12997711	14246561	15451554	16267178	17211427	18161262	18866435	24113494	28816335	29448476	29971629	30618001	31387401	32148534	32455229	33114391	33193956	33279231	33346465	33409734	34701516	
.	31	0	1	2	3	4	5	6	7	8	9	10	11	12	13	14	15	16	17	18	19	20	21	22	23	24	25	26	27	28	29	30	31	32	33	34	35	36	37	38	39	40	
.	31	2120	167246	277515	484637	988679	1866967	2233932	2656112	3308971	3750716	4736911	5365271	5950975	6703325	7454767	8046286	9417845	10428570	11303678	12344776	13521101	14783894	16023011	16843508	17797346	18726524	19419555	24452297	29023810	29653958	30171613	30813732	31570463	32326207	32626843	33279478	33354141	33434051	33495997	33554957	34701516	
.	32	0	1	2	3	4	5	6	7	8	9	10	11	12	13	14	15	16	17	18	19	20	21	22	23	24	25	26	27	28	29	30	31	32	33	34	35	36	37	38	39	40	
.	32	3437	191492	318054	550101	1100225	2040611	2427945	2858336	3537006	4003584	5054183	5716470	6323270	7115822	7883356	8486616	9929708	10959685	11849898	12906657	14123265	15394376	16673909	17487069	18436597	19333034	20004395	24770597	29137537	29766144	30282147	30928010	31698392	32469353	32770700	33442108	33511097	33586779	33643518	33697126	34701516	
.	33	0	1	2	3	4	5	6	7	8	9	10	11	12	13	14	15	16	17	18	19	20	21	22	23	24	25	26	27	28	29	30	31	32	33	34	35	36	37	38	39	40	
.	33	4825	226779	372008	630569	1215388	2206299	2617089	3069752	3775117	4262567	5365950	6054869	6678456	7506196	8287941	8897540	10407851	11456126	12356931	13422974	14674762	15953121	17266303	18076367	19031692	19909836	20570517	25095356	29350790	29972055	30482239	31130513	31882984	32642373	32934288	33599953	33662693	33733424	33784454	33832899	34701516	
.	34	0	1	2	3	4	5	6	7	8	9	10	11	12	13	14	15	16	17	18	19	20	21	22	23	24	25	26	27	28	29	30	31	32	33	34	35	36	37	38	39	40	
.	34	3080	245259	398522	668198	1289340	2338745	2769812	3243563	3983710	4498106	5662747	6384020	7029159	7901122	8703926	9328451	10919044	11992596	12914050	13993693	15297567	16577793	17942212	18748902	19708580	20555420	21205169	25509941	29558974	30173770	30679274	31332904	32057203	32802207	33081756	33732741	33790481	33858363	33905361	33949181	34701516	
.	35	5	6	7	8	9	10	11	12	13	14	15	16	17	18	19	20	21	22	23	24	25	26	27	28	29	30	31	32	33	34	35	36	37	
.	35	135808	221170	440606	658135	755231	816551	898244	1023182	1122107	1294548	1436746	1667409	1860914	2132146	2400455	2711537	3015349	3384259	3783660	4120543	4555983	5050149	5471663	5966334	6492701	6900371	7419424	8022682	8627256	8834135	9323382	9327909	9341477	
A	0	2	3	4	5	6	7	8	9	10	11	12	13	14	15	16	17	18	19	20	21	22	23	24	25	26	27	28	29	30	31	32	33	34	35	36	37	38	39	40	
A	0	169	2520	11890	43742	47855	67161	106946	141421	201279	223914	250515	285615	309295	341434	385955	452042	504885	570867	662908	773644	929244	1041323	1178992	1370668	1614520	4334378	5999161	6617028	6884846	7154461	7744276	8176974	8305850	8585635	8601195	8605531	8609926	8614205	10834724	
A	1	2	3	4	5	6	7	8	9	10	11	12	13	14	15	16	17	18	19	20	21	22	23	24	25	26	27	28	29	30	31	32	33	34	35	36	37	38	39	40	
A	1	115	2039	9925	50013	58425	76589	115598	145078	190461	207948	240429	278382	307247	341844	399458	474692	537480	607330	700279	821034	987014	1115254	1271960	1469222	1704552	4433524	6166838	6771232	7048069	7294041	7852786	8261978	8431785	8661489	8677316	8680672	8683879	8687239	10910489	
A	2	2	3	4	5	6	7	8	9	10	11	12	13	14	15	16	17	18	19	20	21	22	23	24	25	26	27	28	29	30	31	32	33	34	35	36	37	38	39	40	
A	2	113	2178	10498	52114	61349	81266	120795	151107	195329	213092	245362	283743	311964	348464	404144	478591	542217	608775	701125	820291	983665	1108929	1270681	1466845	1710958	4353319	5949355	6591289	6864325	7099730	7600747	7958165	8107875	8281359	8295720	8298840	8301929	8304929	10457103	
A	3	2	3	4	5	6	7	8	9	10	11	12	13	14	15	16	17	18	19	20	21	22	23	24	25	26	27	28	29	30	31	32	33	34	35	36	37	38	39	40	
A	3	143	2333	11170	53981	64256	85449	126317	157136	201933	220637	253613	291094	319729	357262	411635	483908	547403	611573	702436	816063	971051	1091566	1249862	1437882	1678438	4212770	5655077	6339615	6596481	6823481	7302259	7649378	7794039	7969491	7983012	7986612	7990027	7993740	10057709	
A	4	2	3	4	5	6	7	8	9	10	11	12	13	14	15	16	17	18	19	20	21	22	23	24	25	26	27	28	29	30	31	32	33	34	35	36	37	38	39	40	
A	4	165	2431	11874	57125	68330	91498	135077	166941	215990	236555	273344	314456	347984	386985	447493	523801	593002	666011	762769	885927	1050910	1177542	1341043	1541385	1785975	4368560	5925258	6579645	6835148	7063736	7548328	7904706	8054176	8243681	8257819	8262259	8266653	8271149	10349218	
A	5	2	3	4	5	6	7	8	9	10	11	12	13	14	15	16	17	18	19	20	21	22	23	24	25	26	27	28	29	30	31	32	33	34	35	36	37	38	39	40	
A	5	161	2793	13144	62491	74678	98365	144543	176567	228974	250762	292718	337470	374510	413847	483116	568473	639785	718908	821802	952989	1123808	1259160	1422856	1622576	1856134	4394885	5988008	6571906	6814280	7035300	7506262	7862577	8012710	8212623	8226946	8232111	8237234	8242579	10302159	
A	6	2	3	4	5	6	7	8	9	10	11	12	13	14	15	16	17	18	19	20	21	22	23	24	25	26	27	28	29	30	31	32	33	34	35	36	37	38	39	40	
A	6	218	2939	14065	65767	78519	103135	149995	183117	237702	260782	303655	349510	387840	428522	498586	582703	656272	736460	839248	969869	1139472	1272105	1435580	1633667	1867483	4387458	5949015	6549527	6785273	7003999	7467232	7823516	7973469	8180439	8195499	8201711	8207947	8214186	10241451	
A	7	2	3	4	5	6	7	8	9	10	11	12	13	14	15	16	17	18	19	20	21	22	23	24	25	26	27	28	29	30	31	32	33	34	35	36	37	38	39	40	
A	7	270	3368	15658	73415	87229	113421	166055	200003	260529	285308	336794	389665	431730	473240	557622	655829	732747	819656	932273	1073784	1250457	1398682	1565993	1767354	1988789	4483910	6087996	6598278	6830886	7049525	7514767	7877865	8031467	8249133	8266072	8274230	8282271	8290620	10283302	
A	8	2	3	4	5	6	7	8	9	10	11	12	13	14	15	16	17	18	19	20	21	22	23	24	25	26	27	28	29	30	31	32	33	34	35	36	37	38	39	40	
A	8	328	3621	16664	76518	90703	117675	169941	203846	265156	291165	340969	392326	436348	477289	558841	651922	729793	817558	928804	1064940	1241970	1383611	1547530	1751522	1975230	4457426	6049768	6583181	6808432	7023597	7478003	7838038	7991843	8216341	8234304	8244251	8254059	8264020	10193675	
A	9	2	3	4	5	6	7	8	9	10	11	12	13	14	15	16	17	18	19	20	21	22	23	24	25	26	27	28	29	30	31	32	33	34	35	36	37	38	39	40	
A	9	368	4102	18537	83491	98759	126587	181316	216028	284309	312111	367570	423699	472322	515137	607524	708640	791450	889788	1010810	1154584	1341176	1491434	1660316	1872406	2094340	4568455	6216341	6710519	6935104	7152346	7609271	7973998	8130927	8363647	8383908	8396309	8408423	8420911	10293921	
A	10	2	3	4	5	6	7	8	9	10	11	12	13	14	15	16	17	18	19	20	21	22	23	24	25	26	27	28	29	30	31	32	33	34	35	36	37	38	39	40	
A	10	438	4617	20426	88878	104784	133155	190484	226272	299551	330271	389720	448401	501232	545656	644533	750196	835857	938775	1067449	1213882	1402122	1555767	1724498	1938956	2156981	4587727	6238659	6703196	6927260	7145348	7603151	7971995	8132345	8369084	8392014	8407422	8422803	8438288	10237274	
A	11	2	3	4	5	6	7	8	9	10	11	12	13	14	15	16	17	18	19	20	21	22	23	24	25	26	27	28	29	30	31	32	33	34	35	36	37	38	39	40	
A	11	531	5151	22329	94329	110741	139607	197757	233783	312459	344931	408600	470501	526952	572400	677614	787974	877234	988136	1123457	1273738	1468709	1626642	1795472	2014308	2229800	4624688	6274695	6720712	6944591	7162982	7618247	7988222	8149286	8390294	8416033	8433813	8451841	8470051	10190531	
A	12	2	3	4	5	6	7	8	9	10	11	12	13	14	15	16	17	18	19	20	21	22	23	24	25	26	27	28	29	30	31	32	33	34	35	36	37	38	39	40	
A	12	635	5773	24720	93902	117420	147210	205601	240446	310942	355632	406229	467280	524948	585422	674106	794439	904351	1006811	1143006	1290667	1510449	1655212	1838454	2082624	2298386	4703929	6342366	6757560	6979956	7200577	7660840	8039858	8207141	8462436	8490745	8511446	8532291	8553281	10196691	
A	13	2	3	4	5	6	7	8	9	10	11	12	13	14	15	16	17	18	19	20	21	22	23	24	25	26	27	28	29	30	31	32	33	34	35	36	37	38	39	40	
A	13	813	6538	26640	100974	126023	157423	217605	253938	328892	376857	431176	495608	557981	622229	716771	843618	959206	1069624	1213768	1365342	1594309	1744968	1933310	2183177	2399904	4775220	6417115	6819330	7040968	7261738	7715366	8093499	8260933	8520629	8552563	8576726	8600725	8625129	10157321	
A	14	2	3	4	5	6	7	8	9	10	11	12	13	14	15	16	17	18	19	20	21	22	23	24	25	26	27	28	29	30	31	32	33	34	35	36	37	38	39	40	
A	14	942	7010	28744	107851	135146	167972	231727	269713	352209	405266	465720	536228	605591	675957	781368	920447	1046163	1168538	1326542	1485767	1732082	1891937	2087892	2344852	2560131	4869402	6519122	6889431	7106918	7326983	7769407	8142853	8311081	8574550	8607590	8633928	8659774	8685632	10149424	
A	15	2	3	4	5	6	7	8	9	10	11	12	13	14	15	16	17	18	19	20	21	22	23	24	25	26	27	28	29	30	31	32	33	34	35	36	37	38	39	40	
A	15	1256	8296	31741	117655	146867	182400	251176	292577	380528	438029	501973	577531	652214	727281	845903	991925	1126224	1249568	1421283	1588468	1849461	2007126	2206155	2469420	2681916	4970552	6616726	6961870	7174758	7393870	7826912	8199904	8367376	8637254	8671951	8700250	8728378	8755998	10122399	
A	16	2	3	4	5	6	7	8	9	10	11	12	13	14	15	16	17	18	19	20	21	22	23	24	25	26	27	28	29	30	31	32	33	34	35	36	37	38	39	40	
A	16	1537	9645	35835	126443	157457	195194	265480	308729	402132	462997	530764	609872	689755	769927	895364	1047842	1187191	1318547	1500974	1671511	1946172	2107688	2313575	2582863	2800372	5063485	6725893	7066026	7275516	7495374	7919993	8291345	8458769	8734082	8770828	8801708	8831997	8861604	10113931	
A	17	2	3	4	5	6	7	8	9	10	11	12	13	14	15	16	17	18	19	20	21	22	23	24	25	26	27	28	29	30	31	32	33	34	35	36	37	38	39	40	
A	17	1776	10511	38252	135085	168239	207938	281343	327356	429599	495851	569778	654804	741345	826938	962014	1123483	1271690	1413046	1608680	1784839	2077686	2245523	2458924	2733393	2950645	5161733	6814385	7133709	7341529	7559870	7975720	8342738	8508494	8787846	8825896	8858057	8889099	8919810	10074203	
A	18	2	3	4	5	6	7	8	9	10	11	12	13	14	15	16	17	18	19	20	21	22	23	24	25	26	27	28	29	30	31	32	33	34	35	36	37	38	39	40	
A	18	2114	11874	42383	147306	184035	227509	306315	356286	466617	538479	618573	710252	804293	897027	1042336	1212996	1371987	1523378	1733202	1915989	2226989	2402221	2620645	2899077	3116806	5280755	6921389	7226985	7429919	7648142	8048993	8412190	8574472	8860480	8898713	8932144	8963866	8994855	10059695	
A	19	2	3	4	5	6	7	8	9	10	11	12	13	14	15	16	17	18	19	20	21	22	23	24	25	26	27	28	29	30	31	32	33	34	35	36	37	38	39	40	
A	19	2546	13465	46094	159697	198953	245756	328666	382135	500327	578189	664656	762804	865635	965721	1123292	1305789	1476200	1641058	1867290	2057198	2392564	2574333	2801991	3086091	3306429	5405357	7032196	7323219	7522179	7738701	8122441	8476732	8634909	8921986	8960368	8994411	9026174	9057169	10034893	
A	20	2	3	4	5	6	7	8	9	10	11	12	13	14	15	16	17	18	19	20	21	22	23	24	25	26	27	28	29	30	31	32	33	34	35	36	37	38	39	40	
A	20	3207	15822	51609	173044	216391	266861	354839	412338	542697	636205	724206	830636	945460	1054103	1227060	1426507	1612137	1793939	2039674	2239385	2605679	2795416	3034113	3325749	3546858	5571950	7195714	7474551	7671049	7887064	8256160	8603041	8756933	9042785	9080765	9115449	9147719	9179292	10055887	
A	21	2	3	4	5	6	7	8	9	10	11	12	13	14	15	16	17	18	19	20	21	22	23	24	25	26	27	28	29	30	31	32	33	34	35	36	37	38	39	40	
A	21	3830	18008	57418	188738	236497	291245	384552	447421	590473	693005	788629	903440	1029439	1146524	1331114	1544031	1741834	1936694	2198533	2402562	2795530	2991383	3238594	3533232	3755886	5698405	7309196	7579254	7772850	7988911	8344497	8684026	8833614	9118436	9155910	9190309	9221873	9252346	10031787	
A	22	2	3	4	5	6	7	8	9	10	11	12	13	14	15	16	17	18	19	20	21	22	23	24	25	26	27	28	29	30	31	32	33	34	35	36	37	38	39	40	
A	22	8228	29118	76401	219024	271005	329615	426729	494320	648717	757383	860263	980093	1115200	1238376	1432555	1652942	1857692	2063360	2335003	2541674	2954355	3153011	3406178	3704232	3931071	5797645	7415008	7682070	7873112	8089809	8436626	8772841	8918441	9206314	9242597	9276538	9306559	9335926	10026432	
A	23	2	3	4	5	6	7	8	9	10	11	12	13	14	15	16	17	18	19	20	21	22	23	24	25	26	27	28	29	30	31	32	33	34	35	36	37	38	39	40	
A	23	12868	41576	96940	251793	309059	374246	478371	552379	719809	837898	946106	1074281	1219185	1351655	1557516	1789204	2007408	2227451	2516568	2728159	3170919	3375057	3634861	3936828	4162892	5966692	7565394	7823200	8009937	8225810	8551922	8873234	9010596	9289171	9323293	9355802	9384076	9411306	10007289	
A	24	2	3	4	5	6	7	8	9	10	11	12	13	14	15	16	17	18	19	20	21	22	23	24	25	26	27	28	29	30	31	32	33	34	35	36	37	38	39	40	
A	24	22944	66291	135165	306488	369215	440196	550634	631561	810211	933838	1046512	1181559	1334016	1469962	1682017	1916878	2139723	2362576	2663955	2873690	3325049	3530313	3793773	4096106	4319483	6119091	7707032	7957125	8141997	8355662	8675367	8992750	9126402	9406157	9437985	9468490	9494228	9518929	10033361	
A	25	1	2	3	4	5	6	7	8	9	10	11	12	13	14	15	16	17	18	19	20	21	22	23	24	25	26	27	28	29	30	31	32	33	34	35	36	37	38	39	40	
A	25	17168	32184	65584	130231	311833	376579	450499	568965	657512	855055	994880	1117684	1267213	1432769	1583558	1814694	2071017	2317099	2570434	2886815	3103272	3620254	3830868	4106822	4384705	4604494	6304807	7826998	8065259	8247930	8460815	8766518	9074425	9202899	9473039	9503157	9532533	9557261	9580711	10028582	
A	26	1	2	3	4	5	6	7	8	9	10	11	12	13	14	15	16	17	18	19	20	21	22	23	24	25	26	27	28	29	30	31	32	33	34	35	36	37	38	39	40	
A	26	18544	34195	69230	139132	330264	399413	479923	605545	701882	912450	1059249	1187539	1344184	1518326	1676430	1915660	2177580	2431242	2693052	3020583	3237804	3773516	3987610	4268705	4546275	4766988	6435628	7957188	8190613	8369782	8583752	8871394	9166725	9286217	9546294	9573494	9601403	9623700	9644941	10021624	
A	27	1	2	3	4	5	6	7	8	9	10	11	12	13	14	15	16	17	18	19	20	21	22	23	24	25	26	27	28	29	30	31	32	33	34	35	36	37	38	39	40	
A	27	22354	41728	82284	157915	363109	436970	522584	654660	758668	988647	1147167	1283490	1450983	1636301	1804058	2056306	2332331	2600542	2876730	3219146	3436355	4003944	4218942	4506135	4778526	4994631	6565039	8044675	8273667	8451553	8665648	8946656	9239663	9356922	9617589	9643185	9669528	9689963	9709027	10039530	
A	28	1	2	3	4	5	6	7	8	9	10	11	12	13	14	15	16	17	18	19	20	21	22	23	24	25	26	27	28	29	30	31	32	33	34	35	36	37	38	39	40	
A	28	20403	37444	75843	154449	369583	448079	538180	676244	788243	1037220	1206160	1352346	1526626	1720983	1896824	2157078	2442229	2717707	3004713	3354777	3570804	4156251	4369580	4659464	4927838	5139907	6631046	8101796	8325747	8499721	8709477	8990228	9282279	9397590	9661535	9684697	9708490	9726652	9743467	10018303	
A	29	1	2	3	4	5	6	7	8	9	10	11	12	13	14	15	16	17	18	19	20	21	22	23	24	25	26	27	28	29	30	31	32	33	34	35	36	37	38	39	40	
A	29	25071	45542	88986	173365	397443	480493	576490	721651	839647	1101274	1276208	1428093	1609176	1810505	1991626	2256793	2545393	2825477	3118704	3475465	3690087	4287051	4500552	4792616	5058409	5270218	6709144	8162230	8382565	8554063	8763933	9029265	9311186	9420476	9673682	9694716	9717125	9733418	9748327	9979500	
A	30	1	2	3	4	5	6	7	8	9	10	11	12	13	14	15	16	17	18	19	20	21	22	23	24	25	26	27	28	29	30	31	32	33	34	35	36	37	38	39	40	
A	30	29590	53558	102648	224420	445124	537026	644439	805236	934571	1230533	1414052	1576149	1787755	2000827	2170577	2580336	2888760	3120939	3435807	3768893	4173821	4524049	4763765	5028595	5296383	5493684	6827368	8255257	8455126	8621900	8828074	9089833	9369602	9477155	9731462	9749735	9769424	9783010	9795862	9984358	
A	31	1	2	3	4	5	6	7	8	9	10	11	12	13	14	15	16	17	18	19	20	21	22	23	24	25	26	27	28	29	30	31	32	33	34	35	36	37	38	39	40	
A	31	34319	62530	118509	250842	487501	586547	699948	869868	1007797	1326658	1521916	1693449	1916842	2137397	2312629	2747910	3067726	3300798	3617781	3960697	4371898	4730256	4973027	5239160	5499993	5693276	6917992	8313787	8511142	8674934	8877002	9131553	9406509	9510944	9758695	9774626	9792166	9803950	9814951	9970790	
A	32	1	2	3	4	5	6	7	8	9	10	11	12	13	14	15	16	17	18	19	20	21	22	23	24	25	26	27	28	29	30	31	32	33	34	35	36	37	38	39	40	
A	32	41161	74555	138872	285856	543536	647959	766938	946763	1095195	1431720	1636158	1811320	2045652	2270345	2446957	2898264	3221860	3459109	3775272	4130741	4534724	4910190	5145227	5410045	5652860	5836438	7029067	8331805	8524914	8685048	8882283	9137450	9414183	9518058	9771785	9785639	9801223	9811124	9820146	9946004	
A	33	1	2	3	4	5	6	7	8	9	10	11	12	13	14	15	16	17	18	19	20	21	22	23	24	25	26	27	28	29	30	31	32	33	34	35	36	37	38	39	40	
A	33	49148	88083	160623	317515	590026	701989	828976	1017018	1172014	1525135	1735945	1917990	2160349	2388839	2564195	3032305	3358197	3592808	3908777	4265658	4670263	5045182	5280606	5546754	5790247	5971470	7085354	8390049	8580933	8738753	8936858	9186384	9457587	9558880	9810729	9823233	9837486	9846016	9854094	9961277	
A	34	1	2	3	4	5	6	7	8	9	10	11	12	13	14	15	16	17	18	19	20	21	22	23	24	25	26	27	28	29	30	31	32	33	34	35	36	37	38	39	40	
A	34	53669	94995	171513	340702	634267	753606	888986	1090013	1256414	1631678	1853295	2043175	2299417	2533219	2711504	3204040	3537824	3774806	4088817	4457321	4859199	5249038	5482036	5746832	5976455	6153494	7182393	8406414	8594408	8749387	8947518	9186547	9452762	9548744	9795702	9806359	9819465	9826911	9833455	9918176	
A	35	5	6	7	8	9	10	11	12	13	14	15	16	17	18	19	20	21	22	23	24	25	26	27	28	29	30	31	32	33	34	35	36	37	
A	35	28639	47007	91976	137331	158935	172268	191003	219738	240953	281033	313860	367718	414362	482050	550931	632003	714392	813440	927259	1026341	1152417	1295972	1427791	1582754	1755331	1891758	2060154	2271765	2500058	2582358	2778054	2780109	2784229	
T	0	2	3	4	5	6	7	8	9	10	11	12	13	14	15	16	17	18	19	20	21	22	23	24	25	26	27	28	29	30	31	32	33	34	35	36	37	38	39	40	
T	0	158	2284	10886	44984	48499	72066	130585	189085	275058	318269	356448	411531	442417	487708	527169	607152	678115	753209	860659	963769	1113455	1215193	1364907	1541800	1813960	4546772	5717733	6580588	6799642	7022466	7460818	7786347	7874828	8083235	8092637	8094989	8097290	8099560	10212686	
T	1	2	3	4	5	6	7	8	9	10	11	12	13	14	15	16	17	18	19	20	21	22	23	24	25	26	27	28	29	30	31	32	33	34	35	36	37	38	39	40	
T	1	123	2073	10347	60345	72398	102135	168113	221888	284980	319131	365604	424386	460203	507184	564099	654799	739120	814608	918516	1021427	1166027	1279149	1436381	1612102	1855334	4309787	5416425	6171956	6358084	6527886	6892644	7170541	7281983	7457024	7467276	7469533	7471668	7473874	9488081	
T	2	2	3	4	5	6	7	8	9	10	11	12	13	14	15	16	17	18	19	20	21	22	23	24	25	26	27	28	29	30	31	32	33	34	35	36	37	38	39	40	
T	2	164	2282	11441	67936	82632	117591	188822	244716	310073	345983	397384	457349	498047	549578	613881	707802	797497	879174	987629	1095605	1246950	1365630	1530735	1713541	1962266	4490520	5632691	6454612	6645278	6813393	7163458	7427020	7537357	7683269	7694237	7696772	7699257	7701746	9724685	
T	3	2	3	4	5	6	7	8	9	10	11	12	13	14	15	16	17	18	19	20	21	22	23	24	25	26	27	28	29	30	31	32	33	34	35	36	37	38	39	40	
T	3	153	2433	12412	73882	90557	128684	202796	257697	322851	360318	413050	474179	518485	571812	639821	734430	827356	910955	1021007	1130841	1284388	1404261	1568817	1748734	1993869	4492220	5607933	6443792	6628379	6792864	7132567	7391220	7500454	7646475	7657059	7660015	7662770	7665549	9684626	
T	4	2	3	4	5	6	7	8	9	10	11	12	13	14	15	16	17	18	19	20	21	22	23	24	25	26	27	28	29	30	31	32	33	34	35	36	37	38	39	40	
T	4	174	2704	13336	77845	96285	137300	215198	271095	339127	377785	434398	498736	546253	601979	675256	774938	870929	958215	1076202	1190864	1354394	1480198	1648792	1838201	2088866	4673896	5831580	6644484	6822517	6983653	7312862	7567274	7674621	7824338	7834878	7838369	7841754	7845152	9874097	
T	5	2	3	4	5	6	7	8	9	10	11	12	13	14	15	16	17	18	19	20	21	22	23	24	25	26	27	28	29	30	31	32	33	34	35	36	37	38	39	40	
T	5	213	2938	14297	79613	98407	139756	215449	269277	335953	374161	429677	492044	539383	594536	666439	762609	856575	942003	1056843	1168857	1327457	1449834	1611873	1794905	2034586	4485705	5585594	6362165	6533356	6688918	7006832	7258496	7365641	7521216	7531769	7535495	7539195	7542995	9492884	
T	6	2	3	4	5	6	7	8	9	10	11	12	13	14	15	16	17	18	19	20	21	22	23	24	25	26	27	28	29	30	31	32	33	34	35	36	37	38	39	40	
T	6	286	3295	15891	85581	105561	148333	228000	283184	353337	393612	452878	518742	569183	626110	701899	803683	903017	992139	1113319	1230287	1396784	1524538	1694203	1885743	2137382	4709733	5887928	6710133	6881783	7041234	7367061	7628475	7740162	7908693	7919987	7924474	7928702	7933043	9910156	
T	7	2	3	4	5	6	7	8	9	10	11	12	13	14	15	16	17	18	19	20	21	22	23	24	25	26	27	28	29	30	31	32	33	34	35	36	37	38	39	40	
T	7	311	3780	17534	91122	112226	156226	238191	293180	365929	406897	468664	536627	588830	645996	725417	830119	930250	1020747	1143475	1263275	1433019	1564347	1733920	1926303	2172826	4725384	5934085	6735846	6908086	7069803	7398881	7666226	7781856	7960670	7972641	7978057	7983294	7988622	9947641	
T	8	2	3	4	5	6	7	8	9	10	11	12	13	14	15	16	17	18	19	20	21	22	23	24	25	26	27	28	29	30	31	32	33	34	35	36	37	38	39	40	
T	8	376	4084	19094	98115	120118	165441	251333	307542	383575	426164	491738	563160	618901	677579	762447	872424	976057	1069795	1198041	1322389	1496692	1631541	1802372	1998232	2243897	4805510	6042146	6821027	6991225	7151620	7476290	7746681	7864149	8051895	8064837	8070941	8077019	8083201	10031181	
T	9	2	3	4	5	6	7	8	9	10	11	12	13	14	15	16	17	18	19	20	21	22	23	24	25	26	27	28	29	30	31	32	33	34	35	36	37	38	39	40	
T	9	441	4671	20414	100863	123262	168200	253064	307681	385101	427986	493202	564004	620616	677975	763177	871666	974679	1067525	1194292	1318647	1492967	1627408	1794474	1989108	2231664	4745779	5975428	6729603	6896582	7056369	7377303	7649146	7768120	7961514	7975318	7982617	7989727	7996853	9900858	
T	10	2	3	4	5	6	7	8	9	10	11	12	13	14	15	16	17	18	19	20	21	22	23	24	25	26	27	28	29	30	31	32	33	34	35	36	37	38	39	40	
T	10	552	5019	22440	106724	129795	175826	263102	317831	399601	443138	511278	584157	642062	700360	788821	900375	1004819	1098953	1229235	1355567	1531981	1668689	1835317	2029438	2269133	4785685	6045344	6784615	6949201	7109677	7429357	7703710	7823539	8026592	8041647	8050307	8058727	8067355	9938751	
T	11	2	3	4	5	6	7	8	9	10	11	12	13	14	15	16	17	18	19	20	21	22	23	24	25	26	27	28	29	30	31	32	33	34	35	36	37	38	39	40	
T	11	673	5662	24242	110912	133720	179812	269140	323798	409639	454181	523771	598382	658144	716235	807756	921662	1027566	1122720	1255803	1384504	1563688	1703258	1870253	2066629	2303689	4817487	6116556	6839972	7004504	7165918	7487288	7766491	7888249	8099841	8116122	8125761	8135472	8145366	9976508	
T	12	2	3	4	5	6	7	8	9	10	11	12	13	14	15	16	17	18	19	20	21	22	23	24	25	26	27	28	29	30	31	32	33	34	35	36	37	38	39	40	
T	12	702	6296	26501	111889	142258	188796	276738	327313	408994	463105	523549	593094	659295	729479	814143	931348	1047750	1143727	1277225	1405715	1605833	1742926	1919813	2126579	2365501	4917257	6252971	6929285	7093771	7258096	7581616	7867045	7991856	8213089	8230654	8242057	8253044	8264340	10073402	
T	13	2	3	4	5	6	7	8	9	10	11	12	13	14	15	16	17	18	19	20	21	22	23	24	25	26	27	28	29	30	31	32	33	34	35	36	37	38	39	40	
T	13	924	6975	28550	118670	150215	198293	288353	339519	424195	479797	542059	613580	682726	754064	842615	962507	1081666	1180731	1318727	1449698	1653758	1793139	1970880	2180962	2420082	4953548	6308459	6954082	7118041	7283182	7602635	7886788	8011914	8238713	8257589	8270938	8283800	8296755	10058463	
T	14	2	3	4	5	6	7	8	9	10	11	12	13	14	15	16	17	18	19	20	21	22	23	24	25	26	27	28	29	30	31	32	33	34	35	36	37	38	39	40	
T	14	1129	7839	30794	124798	157341	206920	298409	350009	436821	493871	557711	631608	702490	775345	867259	990139	1112151	1212048	1353763	1487962	1697266	1840138	2017200	2231557	2469415	4998100	6383031	6983994	7146975	7312170	7623606	7906904	8031507	8260993	8281165	8295871	8310103	8324430	10044595	
T	15	2	3	4	5	6	7	8	9	10	11	12	13	14	15	16	17	18	19	20	21	22	23	24	25	26	27	28	29	30	31	32	33	34	35	36	37	38	39	40	
T	15	1311	8922	34069	135665	171134	222844	318713	372454	463186	523488	591738	669710	746298	822656	922452	1051533	1178414	1282322	1430963	1570615	1789468	1931672	2111975	2330640	2568038	5064918	6469611	7042641	7203305	7368045	7671280	7951849	8076836	8310206	8331580	8348012	8364076	8380118	10056479	
T	16	2	3	4	5	6	7	8	9	10	11	12	13	14	15	16	17	18	19	20	21	22	23	24	25	26	27	28	29	30	31	32	33	34	35	36	37	38	39	40	
T	16	1743	10000	37133	142683	179875	232927	330009	383868	477640	539351	609464	689441	769187	847941	952626	1085590	1215165	1322499	1476171	1619190	1844795	1989541	2171596	2393832	2632168	5111375	6541088	7092189	7252947	7419126	7720599	8002744	8128906	8370030	8392782	8410924	8428523	8446264	10076753	
T	17	2	3	4	5	6	7	8	9	10	11	12	13	14	15	16	17	18	19	20	21	22	23	24	25	26	27	28	29	30	31	32	33	34	35	36	37	38	39	40	
T	17	1825	10751	39794	151896	190406	245580	345936	400937	500230	565183	638671	722764	807269	890279	1001086	1138474	1272900	1385755	1546614	1693748	1927502	2075333	2259911	2488057	2726336	5181483	6635420	7154181	7313673	7479322	7770809	8048089	8172724	8415175	8439422	8459387	8478680	8498006	10081800	
T	18	2	3	4	5	6	7	8	9	10	11	12	13	14	15	16	17	18	19	20	21	22	23	24	25	26	27	28	29	30	31	32	33	34	35	36	37	38	39	40	
T	18	2143	12210	43632	164553	206223	264104	367555	424272	526607	593992	671004	758886	847099	933289	1052034	1195593	1335174	1453484	1622748	1774908	2018377	2169526	2356728	2589622	2827515	5254557	6727576	7216044	7373961	7540195	7825146	8100624	8225007	8470954	8496467	8518215	8538978	8559744	10091377	
T	19	2	3	4	5	6	7	8	9	10	11	12	13	14	15	16	17	18	19	20	21	22	23	24	25	26	27	28	29	30	31	32	33	34	35	36	37	38	39	40	
T	19	2710	13879	47615	176314	221184	281790	388886	447135	554302	625151	706417	798393	892446	984159	1109848	1259134	1404965	1529429	1707565	1864284	2117244	2274122	2464137	2703025	2941630	5344257	6833919	7290995	7447997	7614499	7890054	8159997	8283098	8528952	8556024	8579595	8602055	8624655	10089628	
T	20	2	3	4	5	6	7	8	9	10	11	12	13	14	15	16	17	18	19	20	21	22	23	24	25	26	27	28	29	30	31	32	33	34	35	36	37	38	39	40	
T	20	3144	15846	51996	188889	235398	298619	408334	468787	580443	659161	738485	835498	937453	1031012	1164345	1319642	1470934	1602053	1790872	1953003	2215753	2376594	2571489	2815495	3052630	5426575	6934204	7357106	7512732	7678697	7944870	8210455	8333215	8579696	8608181	8633562	8657748	8682007	10077258	
T	21	2	3	4	5	6	7	8	9	10	11	12	13	14	15	16	17	18	19	20	21	22	23	24	25	26	27	28	29	30	31	32	33	34	35	36	37	38	39	40	
T	21	3709	17616	56943	201199	250252	316170	429537	491791	608645	690716	773220	874171	980313	1077894	1218441	1380324	1537602	1674004	1871682	2037001	2309838	2477026	2675833	2926692	3164301	5516863	7038053	7432334	7588044	7755758	8012628	8272997	8393513	8640803	8670629	8697889	8723413	8749162	10074150	
T	22	2	3	4	5	6	7	8	9	10	11	12	13	14	15	16	17	18	19	20	21	22	23	24	25	26	27	28	29	30	31	32	33	34	35	36	37	38	39	40	
T	22	8683	30611	78660	235796	288889	359078	477847	544977	670486	758295	844669	951332	1064648	1168189	1317480	1485530	1649520	1794643	2002487	2171254	2455961	2625877	2829320	3085303	3322030	5648623	7183347	7561054	7717011	7885778	8137869	8396347	8515824	8764201	8795149	8824330	8851015	8877524	10107333	
T	23	2	3	4	5	6	7	8	9	10	11	12	13	14	15	16	17	18	19	20	21	22	23	24	25	26	27	28	29	30	31	32	33	34	35	36	37	38	39	40	
T	23	15252	46871	105310	275673	333480	408443	532339	602230	735988	828560	918343	1029062	1149257	1257404	1415745	1589685	1761222	1915027	2135227	2308761	2608662	2783887	2991299	3253154	3490353	5757903	7301344	7656759	7811471	7982910	8225044	8477033	8594235	8839935	8871468	8901580	8929181	8956389	10087774	
T	24	2	3	4	5	6	7	8	9	10	11	12	13	14	15	16	17	18	19	20	21	22	23	24	25	26	27	28	29	30	31	32	33	34	35	36	37	38	39	40	
T	24	26964	74783	149718	340954	407584	488775	621824	698609	848560	951557	1049094	1168966	1300761	1418140	1589195	1774483	1956400	2126213	2360813	2539815	2859569	3038377	3253423	3521683	3757166	5940093	7485770	7815622	7969417	8141157	8376335	8623938	8737347	8980297	9011494	9041951	9069493	9096165	10115298	
T	25	0	1	2	3	4	5	6	7	8	9	10	11	12	13	14	15	16	17	18	19	20	21	22	23	24	25	26	27	28	29	30	31	32	33	34	35	36	37	38	39	40	
T	25	4	20706	37719	72192	139438	333953	399807	481110	617233	696920	854266	962205	1062512	1189292	1327646	1451408	1634518	1829590	2020552	2203362	2447408	2629894	2978782	3162888	3385314	3645252	3877750	6020550	7558757	7858225	8013811	8188630	8416480	8658869	8770836	9011280	9043647	9076052	9104639	9132502	10087644	
T	26	0	1	2	3	4	5	6	7	8	9	10	11	12	13	14	15	16	17	18	19	20	21	22	23	24	25	26	27	28	29	30	31	32	33	34	35	36	37	38	39	40	
T	26	4	22053	39290	74859	145664	352773	422880	509110	651575	735352	901702	1017183	1122606	1256458	1404059	1535602	1728557	1933110	2134102	2331041	2588565	2774392	3144141	3332478	3562511	3826947	4059546	6142978	7676623	7959257	8114653	8290660	8510134	8747883	8857021	9092486	9124747	9157493	9186191	9213754	10090816	
T	27	0	1	2	3	4	5	6	7	8	9	10	11	12	13	14	15	16	17	18	19	20	21	22	23	24	25	26	27	28	29	30	31	32	33	34	35	36	37	38	39	40	
T	27	15	26748	48258	88847	165968	382817	454953	542701	688549	775391	949859	1069947	1176300	1315357	1468426	1604939	1806989	2017416	2224985	2429217	2701679	2888147	3273400	3464071	3699155	3963802	4193424	6241820	7767980	8032583	8188108	8367514	8582506	8817815	8925375	9162089	9194620	9228016	9256702	9284634	10098368	
T	28	0	1	2	3	4	5	6	7	8	9	10	11	12	13	14	15	16	17	18	19	20	21	22	23	24	25	26	27	28	29	30	31	32	33	34	35	36	37	38	39	40	
T	28	9	23315	40510	77106	153263	375156	448788	537486	687243	777868	962885	1088911	1198440	1344367	1504827	1648842	1860641	2079185	2295394	2510944	2796368	2984283	3389225	3583385	3825263	4092027	4320877	6325644	7846042	8101215	8258719	8440431	8651906	8885009	8990562	9224997	9257264	9290460	9318585	9345984	10091657	
T	29	0	1	2	3	4	5	6	7	8	9	10	11	12	13	14	15	16	17	18	19	20	21	22	23	24	25	26	27	28	29	30	31	32	33	34	35	36	37	38	39	40	
T	29	7	28579	49512	91715	176457	412438	489847	583224	737662	832451	1026573	1159058	1271806	1424774	1591557	1742176	1963791	2190997	2415483	2643179	2944791	3133311	3561631	3758850	4008698	4277534	4505005	6467860	7975658	8219305	8376153	8559988	8765925	8993888	9096621	9324440	9356259	9390031	9418111	9445039	10133052	
T	30	0	1	2	3	4	5	6	7	8	9	10	11	12	13	14	15	16	17	18	19	20	21	22	23	24	25	26	27	28	29	30	31	32	33	34	35	36	37	38	39	40	
T	30	13	34031	57759	103465	229494	442491	523141	622608	786048	885023	1094616	1230288	1347201	1528745	1707808	1843137	2154877	2388646	2601113	2834850	3131638	3404479	3717759	3930771	4170286	4445424	4660215	6588993	8113447	8297112	8453727	8636479	8837972	9062536	9163970	9389919	9420716	9453512	9480687	9506177	10126991	
T	31	0	1	2	3	4	5	6	7	8	9	10	11	12	13	14	15	16	17	18	19	20	21	22	23	24	25	26	27	28	29	30	31	32	33	34	35	36	37	38	39	40	
T	31	11	39088	66787	118190	251511	471582	554685	656916	824190	927592	1146204	1287091	1405272	1594015	1779007	1918703	2246182	2487887	2706697	2945890	3259765	3536398	3862874	4077390	4323898	4593499	4804992	6696445	8174695	8358103	8514026	8696838	8893417	9114840	9213986	9437212	9467403	9499146	9525008	9549743	10118174	
T	32	0	1	2	3	4	5	6	7	8	9	10	11	12	13	14	15	16	17	18	19	20	21	22	23	24	25	26	27	28	29	30	31	32	33	34	35	36	37	38	39	40	
T	32	13	44769	77324	134983	281088	517061	603795	708236	883117	992761	1226191	1374730	1496533	1697567	1890578	2034059	2384909	2634349	2859813	3107722	3436987	3719644	4060528	4276332	4527799	4791440	4995757	6821551	8245947	8428410	8582066	8766063	8960399	9180286	9277203	9499229	9527859	9558625	9582830	9606311	10118229	
T	33	0	1	2	3	4	5	6	7	8	9	10	11	12	13	14	15	16	17	18	19	20	21	22	23	24	25	26	27	28	29	30	31	32	33	34	35	36	37	38	39	40	
T	33	17	53790	91646	156651	314718	562219	653258	762439	943150	1058740	1302872	1457583	1582533	1794542	1994258	2141382	2515054	2771310	3003535	3258986	3603083	3892194	4247420	4465774	4722243	4981636	5184254	6954273	8343111	8525323	8679246	8864756	9053865	9269772	9363370	9580342	9607706	9637781	9661133	9683331	10146442	
T	34	0	1	2	3	4	5	6	7	8	9	10	11	12	13	14	15	16	17	18	19	20	21	22	23	24	25	26	27	28	29	30	31	32	33	34	35	36	37	38	39	40	
T	34	18	57957	96840	163363	329407	590616	685496	799252	987703	1109214	1368736	1531794	1661276	1885987	2095305	2248049	2649241	2915435	3159048	3423894	3787946	4082063	4455844	4675855	4939749	5191811	5389670	7110064	8432661	8613206	8766171	8954697	9136717	9347419	9437043	9648335	9674355	9704088	9725848	9746638	10155549	
T	35	5	6	7	8	9	10	11	12	13	14	15	16	17	18	19	20	21	22	23	24	25	26	27	28	29	30	31	32	33	34	35	36	37	
T	35	34605	59760	122242	200403	230088	251472	277052	311257	340175	393197	438532	508431	562949	642133	719028	807422	893075	997396	1107878	1202047	1320145	1454697	1568065	1703191	1848345	1961791	2101526	2242026	2401985	2460499	2608817	2610439	2615086	
G	0	2	3	4	5	6	7	8	9	10	11	12	13	14	15	16	17	18	19	20	21	22	23	24	25	26	27	28	29	30	31	32	33	34	35	36	37	38	39	40	
G	0	75	1345	6449	26603	28921	48017	88399	128995	185999	210505	224004	250813	264663	295591	317200	358629	398653	454315	529250	592170	674366	736702	854930	981458	1188271	2964779	3520631	4303061	4439527	4603775	4939630	5115568	5159939	5248356	5251738	5252817	5253991	5255150	6621361	
G	1	2	3	4	5	6	7	8	9	10	11	12	13	14	15	16	17	18	19	20	21	22	23	24	25	26	27	28	29	30	31	32	33	34	35	36	37	38	39	40	
G	1	60	1255	6569	38436	46046	67087	110648	151192	193122	211819	230507	263202	280184	317120	349714	402612	457870	512637	589419	659341	758172	835039	978804	1124731	1356752	3364268	4021690	4842480	5004703	5160741	5516710	5696969	5758114	5836751	5840874	5842058	5843224	5844393	7355968	
G	2	2	3	4	5	6	7	8	9	10	11	12	13	14	15	16	17	18	19	20	21	22	23	24	25	26	27	28	29	30	31	32	33	34	35	36	37	38	39	40	
G	2	61	1395	7305	42526	51814	75682	120235	161166	201547	220897	240496	273616	292238	331199	366209	419626	477216	534091	612808	686370	788445	867518	1018889	1172575	1412410	3428663	4075037	4922370	5097404	5255773	5595809	5765127	5824017	5886431	5890850	5892177	5893516	5894832	7449580	
G	3	2	3	4	5	6	7	8	9	10	11	12	13	14	15	16	17	18	19	20	21	22	23	24	25	26	27	28	29	30	31	32	33	34	35	36	37	38	39	40	
G	3	92	1529	7919	48952	60683	89052	139062	182378	225535	247879	270956	309195	332327	375926	417410	476979	542930	605194	694099	772813	886533	971270	1138641	1302957	1560814	3641008	4322969	5198956	5367393	5522195	5852477	6019928	6079079	6143210	6147549	6149086	6150581	6152041	7724232	
G	4	2	3	4	5	6	7	8	9	10	11	12	13	14	15	16	17	18	19	20	21	22	23	24	25	26	27	28	29	30	31	32	33	34	35	36	37	38	39	40	
G	4	99	1709	8221	49361	61881	91978	142006	185507	227918	249506	273869	312101	335155	378513	420014	480452	546298	609254	699683	779446	895480	980130	1148067	1313520	1569104	3580173	4242584	5058152	5216348	5362686	5677698	5840492	5898025	5962277	5966381	5967993	5969520	5971059	7526299	
G	5	2	3	4	5	6	7	8	9	10	11	12	13	14	15	16	17	18	19	20	21	22	23	24	25	26	27	28	29	30	31	32	33	34	35	36	37	38	39	40	
G	5	113	1838	9249	53776	67617	99737	152415	197684	241743	265275	293608	336888	362494	409422	454733	521945	592424	659333	757735	844341	968040	1057071	1231659	1403972	1666320	3677915	4379986	5150285	5303028	5446297	5754993	5917521	5974681	6040344	6044679	6046459	6048298	6050115	7629201	
G	6	2	3	4	5	6	7	8	9	10	11	12	13	14	15	16	17	18	19	20	21	22	23	24	25	26	27	28	29	30	31	32	33	34	35	36	37	38	39	40	
G	6	162	2059	10039	56525	71366	103519	156533	200877	246546	271450	300954	345626	373795	421976	468549	536111	610503	679080	781404	870633	995752	1083655	1261072	1439864	1706457	3663037	4339268	5068405	5214508	5356052	5662848	5825567	5883077	5951655	5956153	5958256	5960342	5962484	7522312	
G	7	2	3	4	5	6	7	8	9	10	11	12	13	14	15	16	17	18	19	20	21	22	23	24	25	26	27	28	29	30	31	32	33	34	35	36	37	38	39	40	
G	7	152	2179	10933	60422	76101	109641	165632	211375	257935	284413	317645	366188	396740	447383	497466	570192	650409	721800	830380	924820	1052317	1142559	1321298	1506816	1768524	3641779	4329535	4995277	5134058	5268694	5562775	5719880	5775535	5844400	5849168	5851631	5854105	5856598	7372909	
G	8	2	3	4	5	6	7	8	9	10	11	12	13	14	15	16	17	18	19	20	21	22	23	24	25	26	27	28	29	30	31	32	33	34	35	36	37	38	39	40	
G	8	159	2499	12142	66053	82585	118146	177034	224174	273948	302982	339563	393165	427327	480124	533711	610879	698007	772146	887343	987440	1119344	1212908	1394654	1589503	1851152	3654870	4341030	4970497	5103109	5235564	5524700	5681401	5737470	5807834	5812966	5816029	5819045	5822168	7326146	
G	9	2	3	4	5	6	7	8	9	10	11	12	13	14	15	16	17	18	19	20	21	22	23	24	25	26	27	28	29	30	31	32	33	34	35	36	37	38	39	40	
G	9	257	2850	13446	69985	86642	121979	182285	230243	281688	312183	351974	409742	446187	501214	557040	638919	731249	809038	931534	1037058	1172064	1267207	1453527	1655422	1923281	3696043	4396537	4989796	5121151	5254725	5547492	5708310	5765988	5840270	5846056	5849708	5853377	5857114	7348572	
G	10	2	3	4	5	6	7	8	9	10	11	12	13	14	15	16	17	18	19	20	21	22	23	24	25	26	27	28	29	30	31	32	33	34	35	36	37	38	39	40	
G	10	293	3071	14542	73587	90403	125350	187792	236486	290615	322379	365650	428558	466030	523130	581386	668493	766750	848742	976818	1086895	1225221	1322379	1513082	1720726	1991471	3734348	4449407	5006817	5138224	5274739	5580296	5750450	5811497	5892639	5899175	5903690	5908175	5912742	7377186	
G	11	2	3	4	5	6	7	8	9	10	11	12	13	14	15	16	17	18	19	20	21	22	23	24	25	26	27	28	29	30	31	32	33	34	35	36	37	38	39	40	
G	11	377	3687	16143	76835	92860	125906	187320	236300	292656	325429	370771	437009	474833	530486	589252	679151	777808	860922	989483	1099558	1235653	1332874	1522780	1729985	1996686	3705067	4428843	4954768	5087875	5228509	5547146	5726399	5791501	5880477	5888312	5893634	5899134	5904620	7344701	
G	12	2	3	4	5	6	7	8	9	10	11	12	13	14	15	16	17	18	19	20	21	22	23	24	25	26	27	28	29	30	31	32	33	34	35	36	37	38	39	40	
G	12	426	4069	17756	79396	100031	133380	193670	234732	291984	333112	372882	426542	471570	525654	581984	679345	778345	866567	978950	1082639	1238789	1334962	1560187	1753828	1970584	3676368	4423871	4921199	5051493	5192732	5511711	5694156	5760932	5855180	5863873	5870309	5876903	5883683	7284290	
G	13	2	3	4	5	6	7	8	9	10	11	12	13	14	15	16	17	18	19	20	21	22	23	24	25	26	27	28	29	30	31	32	33	34	35	36	37	38	39	40	
G	13	486	4455	19325	84084	105822	138893	200593	242475	301988	345951	388806	444424	493007	548957	608256	711121	815253	907223	1021828	1130508	1289819	1386811	1621995	1813563	2027325	3704520	4464596	4936580	5066278	5209160	5531822	5719468	5788654	5889431	5899173	5906968	5914798	5922736	7295506	
G	14	2	3	4	5	6	7	8	9	10	11	12	13	14	15	16	17	18	19	20	21	22	23	24	25	26	27	28	29	30	31	32	33	34	35	36	37	38	39	40	
G	14	621	5017	21060	89097	112144	148034	213375	255299	316461	363068	408959	466856	518377	577266	640639	749599	858489	953037	1069006	1183116	1348970	1452035	1689432	1877961	2087118	3769316	4554008	4989059	5114670	5254865	5568130	5754350	5823626	5926083	5937177	5946530	5955728	5964990	7296450	
G	15	2	3	4	5	6	7	8	9	10	11	12	13	14	15	16	17	18	19	20	21	22	23	24	25	26	27	28	29	30	31	32	33	34	35	36	37	38	39	40	
G	15	772	5854	23490	100042	126446	166206	237340	282290	349634	402986	456028	519684	580808	645646	717385	837537	955984	1058041	1180399	1305989	1480648	1589516	1838106	2026593	2232906	3848400	4647209	5048593	5171316	5309492	5613354	5797585	5867176	5970540	5983336	5994179	6005256	6016016	7299644	
G	16	2	3	4	5	6	7	8	9	10	11	12	13	14	15	16	17	18	19	20	21	22	23	24	25	26	27	28	29	30	31	32	33	34	35	36	37	38	39	40	
G	16	995	6538	25627	106159	135429	176650	251585	298128	370092	427159	485701	553236	621728	690669	769160	897517	1023181	1130665	1257786	1393505	1575618	1688877	1946291	2132905	2338951	3909919	4720101	5093980	5214439	5350643	5646785	5829692	5899823	6005580	6019540	6032095	6044618	6057006	7287881	
G	17	2	3	4	5	6	7	8	9	10	11	12	13	14	15	16	17	18	19	20	21	22	23	24	25	26	27	28	29	30	31	32	33	34	35	36	37	38	39	40	
G	17	1058	7022	27822	114307	145208	187020	265506	312425	388979	451006	513808	583345	657614	730601	814275	949357	1080088	1191095	1319326	1463064	1651379	1768019	2028505	2212121	2413914	3950425	4774299	5118120	5238999	5377510	5674342	5863242	5935847	6048660	6064479	6078786	6093042	6107256	7279486	
G	18	2	3	4	5	6	7	8	9	10	11	12	13	14	15	16	17	18	19	20	21	22	23	24	25	26	27	28	29	30	31	32	33	34	35	36	37	38	39	40	
G	18	1290	7789	30267	125317	160789	209380	294795	344405	426831	494851	566071	642330	726816	807060	900152	1046596	1189050	1308276	1444659	1601528	1800478	1925049	2190559	2374211	2574292	4076029	4909009	5224442	5339665	5471155	5746820	5925690	5996307	6105983	6123148	6139204	6154877	6170813	7279288	
G	19	2	3	4	5	6	7	8	9	10	11	12	13	14	15	16	17	18	19	20	21	22	23	24	25	26	27	28	29	30	31	32	33	34	35	36	37	38	39	40	
G	19	1556	9128	33759	137983	178019	231466	323607	375982	464900	538950	618527	700059	795899	884292	986815	1143510	1296053	1421454	1565948	1733304	1943583	2076665	2344183	2529222	2728235	4206188	5048921	5338700	5450288	5577984	5834997	6006859	6075858	6182980	6201753	6219397	6236806	6254043	7300723	
G	20	2	3	4	5	6	7	8	9	10	11	12	13	14	15	16	17	18	19	20	21	22	23	24	25	26	27	28	29	30	31	32	33	34	35	36	37	38	39	40	
G	20	1946	10237	37039	149534	193162	251896	350572	406047	500442	581422	666052	753576	858575	953923	1065266	1231317	1393241	1523897	1676521	1854598	2074257	2214805	2483357	2669152	2865810	4326631	5183259	5447042	5555457	5679892	5921531	6086241	6153356	6259319	6279300	6298403	6316973	6335366	7311917	
G	21	2	3	4	5	6	7	8	9	10	11	12	13	14	15	16	17	18	19	20	21	22	23	24	25	26	27	28	29	30	31	32	33	34	35	36	37	38	39	40	
G	21	2304	11993	41079	161299	208733	272441	376845	434614	536363	623218	714786	808067	921764	1024942	1144477	1317490	1487165	1623511	1783044	1969456	2198011	2345119	2610819	2799197	2994174	4449056	5306175	5548848	5655954	5778466	6007725	6169313	6235658	6341226	6362103	6382329	6402088	6421472	7323943	
G	22	2	3	4	5	6	7	8	9	10	11	12	13	14	15	16	17	18	19	20	21	22	23	24	25	26	27	28	29	30	31	32	33	34	35	36	37	38	39	40	
G	22	5582	19959	55237	186059	237853	305130	415182	476465	587332	679596	779240	877070	998831	1109416	1235561	1415828	1592658	1733569	1898989	2092707	2328497	2479285	2743768	2933182	3124594	4551271	5411350	5637037	5743308	5866430	6093245	6255461	6322336	6430936	6452705	6473498	6493487	6513059	7324510	
G	23	2	3	4	5	6	7	8	9	10	11	12	13	14	15	16	17	18	19	20	21	22	23	24	25	26	27	28	29	30	31	32	33	34	35	36	37	38	39	40	
G	23	11051	33210	77445	224307	284899	361912	482201	548337	671180	772155	883152	988526	1123569	1243173	1380688	1572764	1759786	1909478	2083389	2286819	2535727	2692604	2957042	3149894	3339383	4711434	5571014	5778468	5881509	6000988	6210336	6363916	6427402	6532560	6554334	6575076	6595162	6614750	7341922	
G	24	2	3	4	5	6	7	8	9	10	11	12	13	14	15	16	17	18	19	20	21	22	23	24	25	26	27	28	29	30	31	32	33	34	35	36	37	38	39	40	
G	24	18948	51633	109722	277128	349709	430347	558251	630774	774794	887284	1014632	1126023	1275352	1403812	1551878	1756724	1951927	2113456	2295960	2506547	2767020	2927689	3193487	3388322	3576407	4813403	5672424	5868120	5971263	6090801	6298603	6453324	6516885	6623884	6644733	6664937	6683985	6702587	7330462	
G	25	0	1	2	3	4	5	6	7	8	9	10	11	12	13	14	15	16	17	18	19	20	21	22	23	24	25	26	27	28	29	30	31	32	33	34	35	36	37	38	39	40	
G	25	4	13440	24052	47087	98553	270387	344719	427881	562330	637622	790265	909726	1043834	1162321	1320861	1458734	1617181	1829745	2036233	2206286	2397567	2615885	2887479	3052662	3311559	3509755	3691780	4910114	5761784	5940949	6043186	6161647	6360540	6511766	6574414	6681084	6702182	6722477	6741822	6760425	7342988	
G	26	0	1	2	3	4	5	6	7	8	9	10	11	12	13	14	15	16	17	18	19	20	21	22	23	24	25	26	27	28	29	30	31	32	33	34	35	36	37	38	39	40	
G	26	4	13902	24535	48731	104525	290193	374820	465837	609517	689101	857149	987081	1136747	1261929	1432485	1581059	1750756	1976969	2191997	2374594	2574343	2796927	3084237	3253760	3512610	3713678	3894531	5015373	5865639	6032469	6132545	6247973	6432562	6575486	6634966	6736415	6757385	6777951	6796739	6815015	7334984	
G	27	0	1	2	3	4	5	6	7	8	9	10	11	12	13	14	15	16	17	18	19	20	21	22	23	24	25	26	27	28	29	30	31	32	33	34	35	36	37	38	39	40	
G	27	6	17159	30431	57802	117489	311334	399488	492233	640023	722154	900268	1034815	1189214	1319717	1496237	1649453	1825602	2053979	2273506	2461158	2667622	2892693	3184069	3354873	3607712	3811254	3987915	5085545	5928124	6085435	6185935	6301856	6482221	6625417	6684114	6787307	6807976	6827944	6846263	6864042	7333383	
G	28	0	1	2	3	4	5	6	7	8	9	10	11	12	13	14	15	16	17	18	19	20	21	22	23	24	25	26	27	28	29	30	31	32	33	34	35	36	37	38	39	40	
G	28	6	13566	24099	49723	110939	308560	398051	487870	636560	720864	909874	1049358	1209202	1342577	1520053	1678045	1858895	2090810	2314635	2506384	2716679	2939954	3238482	3409976	3658474	3865270	4039983	5106814	5942609	6098037	6200225	6321577	6512464	6665612	6727123	6839771	6859855	6879343	6897212	6914398	7334831	
G	29	0	1	2	3	4	5	6	7	8	9	10	11	12	13	14	15	16	17	18	19	20	21	22	23	24	25	26	27	28	29	30	31	32	33	34	35	36	37	38	39	40	
G	29	4	17110	30108	59577	127948	343777	442650	539653	697110	787174	992755	1142277	1314902	1455388	1642268	1810163	2001029	2242166	2476202	2677562	2895926	3120866	3432634	3605207	3848931	4058915	4230028	5222762	6049456	6196782	6297726	6416816	6596643	6743509	6802198	6910843	6929872	6948651	6965636	6981808	7349602	
G	30	0	1	2	3	4	5	6	7	8	9	10	11	12	13	14	15	16	17	18	19	20	21	22	23	24	25	26	27	28	29	30	31	32	33	34	35	36	37	38	39	40	
G	30	4	19275	33545	65546	165467	364967	468129	569209	733595	826945	1045920	1196152	1372866	1520373	1710852	1879182	2096296	2341378	2570481	2790144	2992441	3274477	3523612	3701427	3936378	4164411	4314971	5300890	6130907	6254802	6356257	6475709	6657503	6804935	6863565	6972659	6990613	7008210	7023879	7038915	7360148	
G	31	0	1	2	3	4	5	6	7	8	9	10	11	12	13	14	15	16	17	18	19	20	21	22	23	24	25	26	27	28	29	30	31	32	33	34	35	36	37	38	39	40	
G	31	12	23572	40914	77228	184081	391383	498016	601413	768246	866386	1093782	1248245	1426030	1577833	1770001	1939924	2161725	2406864	2640161	2861650	3071103	3352437	3603577	3780835	4011748	4238921	4387296	5367916	6182921	6307305	6407051	6526461	6706327	6855448	6913249	7022905	7039922	7056185	7070941	7085035	7368028	
G	32	0	1	2	3	4	5	6	7	8	9	10	11	12	13	14	15	16	17	18	19	20	21	22	23	24	25	26	27	28	29	30	31	32	33	34	35	36	37	38	39	40	
G	32	10	27548	48252	89300	207075	427902	542417	644537	814145	916655	1163835	1326921	1515207	1671351	1866156	2040651	2274313	2524201	2758273	2984913	3200822	3484838	3735347	3910502	4133173	4356399	4501080	5382941	6174296	6300918	6403099	6527046	6715932	6873682	6934063	7052790	7068717	7084187	7097766	7110608	7355490	
G	33	0	1	2	3	4	5	6	7	8	9	10	11	12	13	14	15	16	17	18	19	20	21	22	23	24	25	26	27	28	29	30	31	32	33	34	35	36	37	38	39	40	
G	33	12	32926	56810	103335	231602	466021	588708	696476	873450	980900	1242497	1412428	1605580	1766178	1962947	2141554	2384557	2639802	2876203	3106556	3329396	3614483	3866696	4039955	4258508	4476582	4618073	5455982	6227004	6350923	6450822	6574444	6759171	6915322	6973263	7092599	7106811	7120913	7132870	7144315	7350387	
G	34	0	1	2	3	4	5	6	7	8	9	10	11	12	13	14	15	16	17	18	19	20	21	22	23	24	25	26	27	28	29	30	31	32	33	34	35	36	37	38	39	40	
G	34	8	34144	58400	106179	241373	487293	614561	726036	907731	1021039	1295919	1472544	1670903	1837759	2037910	2219872	2474191	2733100	2971420	3206849	3440968	3723781	3980747	4152771	4367131	4580829	4721425	5526211	6276558	6399924	6499924	6624539	6805827	6961683	7018793	7137487	7150756	7164085	7175358	7185960	7366282	
G	35	5	6	7	8	9	10	11	12	13	14	15	16	17	18	19	20	21	22	23	24	25	26	27	28	29	30	31	32	33	34	35	36	37	
G	35	32702	55087	115702	163431	187062	202333	221730	254037	280113	320755	353425	407137	454651	517087	579917	651101	717198	797266	883140	954142	1046463	1148844	1238274	1336618	1438339	1516141	1614835	1764128	1889899	1929656	2019215	2019801	2021129	
C	0	2	3	4	5	6	7	8	9	10	11	12	13	14	15	16	17	18	19	20	21	22	23	24	25	26	27	28	29	30	31	32	33	34	35	36	37	38	39	40	
C	0	227	2801	13482	51959	56388	76413	118574	149903	216775	246715	273633	310932	332766	355739	391623	445419	481752	529293	603218	665775	755256	827287	908255	1033641	1179171	3197286	4214861	4620814	4759993	4940661	5298852	5490301	5536759	5631201	5637346	5641448	5645620	5649749	7032745	
C	1	2	3	4	5	6	7	8	9	10	11	12	13	14	15	16	17	18	19	20	21	22	23	24	25	26	27	28	29	30	31	32	33	34	35	36	37	38	39	40	
C	1	162	2461	12095	60888	71508	94631	137915	163872	208884	229154	257451	294242	317913	342776	385790	442106	488968	533428	601829	662679	752291	827692	915904	1047110	1190175	3168974	4127135	4526095	4660485	4816463	5182974	5373885	5434729	5525917	5530612	5533684	5536439	5539316	6946978	
C	2	2	3	4	5	6	7	8	9	10	11	12	13	14	15	16	17	18	19	20	21	22	23	24	25	26	27	28	29	30	31	32	33	34	35	36	37	38	39	40	
C	2	194	2557	12641	64455	76180	101045	146039	174547	220270	242519	273954	313169	339557	367514	413034	472970	524514	572304	644587	712395	810949	891117	988992	1127542	1284023	3312687	4253962	4700599	4842880	4996883	5345462	5522115	5581632	5654744	5659458	5662620	5665698	5668832	7070148	
C	3	2	3	4	5	6	7	8	9	10	11	12	13	14	15	16	17	18	19	20	21	22	23	24	25	26	27	28	29	30	31	32	33	34	35	36	37	38	39	40	
C	3	200	2793	13490	68890	82293	110331	158367	187483	232952	256474	289761	329540	358565	389113	436661	498386	554560	605048	679976	749549	852310	935285	1038473	1175905	1340176	3442353	4380304	4888509	5019009	5165092	5491201	5657211	5713211	5784553	5789318	5792717	5796069	5799369	7234949	
C	4	2	3	4	5	6	7	8	9	10	11	12	13	14	15	16	17	18	19	20	21	22	23	24	25	26	27	28	29	30	31	32	33	34	35	36	37	38	39	40	
C	4	215	2986	14238	70854	85059	114052	162516	191170	237667	261272	294807	334760	364839	395510	444426	505992	561552	612217	689212	758983	859200	943006	1041740	1179892	1335895	3314589	4277759	4715892	4836445	4973508	5275401	5433282	5486514	5555988	5560772	5564555	5568175	5571888	6951902	
C	5	2	3	4	5	6	7	8	9	10	11	12	13	14	15	16	17	18	19	20	21	22	23	24	25	26	27	28	29	30	31	32	33	34	35	36	37	38	39	40	
C	5	268	3389	16120	78319	93959	125924	177910	208295	259111	284595	322006	366643	401367	435063	490958	559019	620928	677727	764823	841744	954177	1047287	1153801	1307516	1474392	3544037	4582891	5011909	5131832	5272427	5579018	5740663	5795447	5869061	5874430	5879068	5883378	5887748	7277272	
C	6	2	3	4	5	6	7	8	9	10	11	12	13	14	15	16	17	18	19	20	21	22	23	24	25	26	27	28	29	30	31	32	33	34	35	36	37	38	39	40	
C	6	323	3798	17369	80468	96461	128784	180935	211377	262368	288547	326562	370877	406239	439722	495776	563406	625093	681359	765852	841928	951277	1042907	1146408	1292493	1452562	3416375	4410421	4828982	4944108	5080544	5375803	5533921	5587149	5661921	5667839	5673035	5678186	5683218	7027597	
C	7	2	3	4	5	6	7	8	9	10	11	12	13	14	15	16	17	18	19	20	21	22	23	24	25	26	27	28	29	30	31	32	33	34	35	36	37	38	39	40	
C	7	401	4240	18994	88082	105634	139364	193935	225440	280144	307609	348400	396544	435306	470486	531860	604187	670086	730537	821566	902085	1017190	1113720	1219819	1372652	1534456	3498357	4540649	4925598	5037685	5172251	5458353	5613776	5666908	5742816	5749624	5755815	5761806	5767753	7097664	
C	8	2	3	4	5	6	7	8	9	10	11	12	13	14	15	16	17	18	19	20	21	22	23	24	25	26	27	28	29	30	31	32	33	34	35	36	37	38	39	40	
C	8	533	4707	20965	94440	112786	147738	204364	236560	294766	323690	365793	414968	456606	493140	557402	631821	699854	762697	857759	940582	1058484	1159130	1266688	1424303	1587742	3548353	4629092	4995375	5105997	5240132	5521747	5677554	5731176	5808977	5816629	5823748	5830589	5837590	7150514	
C	9	2	3	4	5	6	7	8	9	10	11	12	13	14	15	16	17	18	19	20	21	22	23	24	25	26	27	28	29	30	31	32	33	34	35	36	37	38	39	40	
C	9	608	5442	23181	99522	118471	154041	211521	244066	305223	335046	379131	430764	475044	511994	580859	657911	727883	794467	895634	980860	1101675	1206129	1315533	1478096	1637875	3578951	4705722	5030730	5140166	5273721	5549381	5704890	5758926	5838107	5846799	5855410	5863500	5871766	7158165	
C	10	2	3	4	5	6	7	8	9	10	11	12	13	14	15	16	17	18	19	20	21	22	23	24	25	26	27	28	29	30	31	32	33	34	35	36	37	38	39	40	
C	10	755	6125	25406	104444	123390	158577	215507	248735	312504	342921	387410	438937	483535	520853	589455	666131	735710	801239	904436	989467	1109720	1214001	1322770	1483835	1639422	3555636	4694767	5001015	5113568	5251223	5541114	5706691	5765110	5851805	5861822	5871588	5880845	5890307	7148305	
C	11	2	3	4	5	6	7	8	9	10	11	12	13	14	15	16	17	18	19	20	21	22	23	24	25	26	27	28	29	30	31	32	33	34	35	36	37	38	39	40	
C	11	958	6965	27967	109015	128268	163160	219940	253694	321500	353003	398243	451403	497477	534858	605028	682977	753364	820272	926672	1011702	1133470	1239370	1348672	1512993	1666829	3569395	4729715	5016396	5131898	5274975	5579650	5755507	5818670	5914048	5925453	5936217	5946817	5957438	7189776	
C	12	2	3	4	5	6	7	8	9	10	11	12	13	14	15	16	17	18	19	20	21	22	23	24	25	26	27	28	29	30	31	32	33	34	35	36	37	38	39	40	
C	12	1164	7741	29816	110159	134641	169786	225187	258619	321406	360855	402865	454748	504238	549342	615592	696608	774468	842923	953281	1038454	1169494	1277481	1391023	1567174	1723723	3603266	4754659	5009804	5123462	5267354	5571182	5748869	5813389	5911952	5924678	5936947	5948835	5960584	7147133	
C	13	2	3	4	5	6	7	8	9	10	11	12	13	14	15	16	17	18	19	20	21	22	23	24	25	26	27	28	29	30	31	32	33	34	35	36	37	38	39	40	
C	13	1357	8653	32686	117279	142851	178923	235868	271373	338312	379820	423449	478017	530650	578091	648847	734462	815351	888295	1006202	1094024	1231515	1344582	1461819	1642967	1799270	3664396	4837687	5070825	5185431	5330976	5633784	5814771	5880854	5983804	5997861	6011697	6025173	6038446	7190226	
C	14	2	3	4	5	6	7	8	9	10	11	12	13	14	15	16	17	18	19	20	21	22	23	24	25	26	27	28	29	30	31	32	33	34	35	36	37	38	39	40	
C	14	1759	9922	35038	123975	150518	188740	247612	284752	356102	399465	445952	503495	560318	610709	686779	776520	861857	940216	1067563	1158542	1304035	1424633	1547676	1735653	1893274	3742596	4937344	5153231	5267390	5413050	5708888	5889881	5956909	6063013	6078764	6094505	6109338	6124183	7211047	
C	15	2	3	4	5	6	7	8	9	10	11	12	13	14	15	16	17	18	19	20	21	22	23	24	25	26	27	28	29	30	31	32	33	34	35	36	37	38	39	40	
C	15	2280	11504	39271	134787	163599	205073	267904	308261	384039	430474	481362	543334	605409	660222	747008	842581	934609	1016361	1157282	1257265	1417975	1533701	1662260	1856701	2016698	3837513	5040637	5244147	5354925	5498350	5777643	5952340	6017884	6121350	6138500	6155686	6172070	6188395	7222994	
C	16	2	3	4	5	6	7	8	9	10	11	12	13	14	15	16	17	18	19	20	21	22	23	24	25	26	27	28	29	30	31	32	33	34	35	36	37	38	39	40	
C	16	2992	14177	45129	144706	175348	218797	283645	326080	404716	452629	506336	570546	636012	693244	786288	886029	982528	1070561	1221829	1324697	1494774	1615956	1750311	1948983	2108664	3900412	5105059	5292753	5402754	5545352	5814412	5986510	6051760	6156304	6174191	6192528	6209663	6227052	7222951	
C	17	2	3	4	5	6	7	8	9	10	11	12	13	14	15	16	17	18	19	20	21	22	23	24	25	26	27	28	29	30	31	32	33	34	35	36	37	38	39	40	
C	17	3055	14713	46902	151027	182596	226557	292991	337346	422444	473395	529786	597607	667293	728599	827596	932958	1034306	1128338	1290098	1395945	1578646	1703233	1843307	2047667	2206750	3969191	5175265	5355307	5467677	5614023	5887520	6065323	6133310	6244864	6264233	6283950	6302173	6320590	7266027	
C	18	2	3	4	5	6	7	8	9	10	11	12	13	14	15	16	17	18	19	20	21	22	23	24	25	26	27	28	29	30	31	32	33	34	35	36	37	38	39	40	
C	18	3509	16751	51010	163723	198012	246300	318009	365779	456530	511145	573582	646950	723946	791711	901418	1015625	1126356	1230870	1410160	1523907	1724980	1857357	2004903	2215685	2378509	4105608	5319415	5488540	5597419	5739863	5980149	6141985	6203880	6305877	6326208	6347377	6366871	6386183	7271156	
C	19	2	3	4	5	6	7	8	9	10	11	12	13	14	15	16	17	18	19	20	21	22	23	24	25	26	27	28	29	30	31	32	33	34	35	36	37	38	39	40	
C	19	4507	19142	56174	176481	213537	266263	342903	394617	492349	551029	618672	696439	780757	854379	974299	1095225	1215827	1331040	1526267	1646939	1866510	2005826	2161766	2379290	2543375	4238768	5444212	5605742	5712798	5853678	6071301	6223730	6283315	6381073	6402534	6424625	6444921	6465240	7276272	
C	20	2	3	4	5	6	7	8	9	10	11	12	13	14	15	16	17	18	19	20	21	22	23	24	25	26	27	28	29	30	31	32	33	34	35	36	37	38	39	40	
C	20	5571	22258	62188	189277	228921	285301	366024	420636	524689	593727	660246	743111	836275	912169	1041353	1169780	1297335	1423136	1632716	1758188	1995569	2141024	2304314	2526755	2692951	4338926	5534832	5690518	5797844	5937552	6139616	6285466	6343475	6437364	6459379	6482454	6503266	6523531	7256454	
C	21	2	3	4	5	6	7	8	9	10	11	12	13	14	15	16	17	18	19	20	21	22	23	24	25	26	27	28	29	30	31	32	33	34	35	36	37	38	39	40	
C	21	7042	26184	69711	204430	247036	308021	393664	452377	564278	637586	708344	795806	896553	977766	1116130	1251494	1388052	1523147	1747949	1877801	2134526	2285544	2455540	2680946	2846736	4458687	5641544	5792685	5899842	6040072	6230713	6371390	6427633	6518840	6541105	6564658	6585479	6606041	7271636	
C	22	2	3	4	5	6	7	8	9	10	11	12	13	14	15	16	17	18	19	20	21	22	23	24	25	26	27	28	29	30	31	32	33	34	35	36	37	38	39	40	
C	22	9997	34925	85478	229822	275680	340208	430787	494041	615703	695358	771705	865270	972575	1060266	1208487	1351760	1497206	1643516	1882193	2015884	2292437	2445987	2622942	2849907	3014076	4569943	5729251	5876583	5983219	6124377	6306274	6443807	6498852	6588836	6610811	6634393	6654689	6674296	7243241	
C	23	2	3	4	5	6	7	8	9	10	11	12	13	14	15	16	17	18	19	20	21	22	23	24	25	26	27	28	29	30	31	32	33	34	35	36	37	38	39	40	
C	23	13144	45285	105908	261663	312620	383383	482337	550971	682202	768584	849888	948698	1063656	1159303	1319068	1470189	1625357	1786712	2043812	2183013	2486511	2645557	2831225	3063344	3227527	4725770	5874478	6017442	6122781	6261468	6423239	6549521	6600381	6683061	6703969	6726936	6746467	6765242	7264531	
C	24	2	3	4	5	6	7	8	9	10	11	12	13	14	15	16	17	18	19	20	21	22	23	24	25	26	27	28	29	30	31	32	33	34	35	36	37	38	39	40	
C	24	19058	63425	139140	312021	368838	444444	549214	623944	767397	860333	947034	1051097	1172237	1274447	1442173	1600048	1762836	1939064	2208680	2349884	2678928	2838762	3029582	3262067	3422222	4832777	5954795	6093552	6198042	6336914	6495545	6620097	6669445	6750768	6769963	6790966	6808232	6824753	7222395	
C	25	0	1	2	3	4	5	6	7	8	9	10	11	12	13	14	15	16	17	18	19	20	21	22	23	24	25	26	27	28	29	30	31	32	33	34	35	36	37	38	39	40	
C	25	21	32702	51980	91989	163668	342534	400725	479085	589585	668980	822088	921474	1012905	1123051	1250294	1358695	1534319	1699075	1870968	2074562	2338097	2481939	2862991	3023595	3224117	3425837	3585906	4930935	6033893	6169897	6273744	6412849	6563859	6686228	6734006	6814113	6832393	6852839	6869579	6885510	7236770	
C	26	0	1	2	3	4	5	6	7	8	9	10	11	12	13	14	15	16	17	18	19	20	21	22	23	24	25	26	27	28	29	30	31	32	33	34	35	36	37	38	39	40	
C	26	25	38070	60384	105336	183633	373965	436696	522104	641129	726110	890825	998018	1095989	1213353	1348825	1467037	1654682	1827296	2010639	2233119	2513037	2659825	3078219	3241500	3451212	3647444	3804833	5076120	6139458	6271595	6373779	6510970	6645944	6758438	6802638	6875237	6892556	6912347	6927966	6942606	7248864	
C	27	0	1	2	3	4	5	6	7	8	9	10	11	12	13	14	15	16	17	18	19	20	21	22	23	24	25	26	27	28	29	30	31	32	33	34	35	36	37	38	39	40	
C	27	22	42947	67558	116246	198430	396890	462540	550372	673715	761800	937001	1049961	1151746	1272894	1413039	1537784	1731263	1909986	2100664	2335454	2626335	2773570	3215917	3379056	3595164	3787234	3942016	5147374	6180729	6311149	6411979	6549102	6678651	6787937	6829596	6899587	6915392	6933785	6947766	6960952	7216912	
C	28	0	1	2	3	4	5	6	7	8	9	10	11	12	13	14	15	16	17	18	19	20	21	22	23	24	25	26	27	28	29	30	31	32	33	34	35	36	37	38	39	40	
C	28	23	44809	71896	121301	205758	407912	475638	565174	692454	785483	972279	1091691	1197450	1324100	1467533	1598898	1796621	1980323	2179017	2427883	2729107	2875083	3343532	3506144	3727795	3914630	4066516	5211015	6210534	6341618	6444702	6587048	6726164	6844784	6888746	6966207	6981094	6999033	7012028	7024496	7247998	
C	29	0	1	2	3	4	5	6	7	8	9	10	11	12	13	14	15	16	17	18	19	20	21	22	23	24	25	26	27	28	29	30	31	32	33	34	35	36	37	38	39	40	
C	29	43	53072	83460	137831	229353	443296	515484	610953	746472	844019	1040675	1167383	1277996	1410297	1559121	1698598	1904883	2096008	2304796	2570392	2884666	3029776	3528983	3692632	3921480	4102187	4251579	5319465	6282155	6410322	6510705	6650166	6776158	6886278	6926558	6996769	7009787	7026436	7037909	7048909	7230560	
C	30	0	1	2	3	4	5	6	7	8	9	10	11	12	13	14	15	16	17	18	19	20	21	22	23	24	25	26	27	28	29	30	31	32	33	34	35	36	37	38	39	40	
C	30	41	60383	93866	152042	270159	470197	545294	646061	790405	890488	1101518	1234394	1349922	1529980	1680947	1786666	2155255	2353827	2539545	2799640	3096778	3385823	3678173	3863254	4068207	4247083	4389604	5388282	6308763	6433475	6531784	6669778	6794132	6903500	6942578	7012390	7024931	7040124	7050928	7060819	7222058	
C	31	0	1	2	3	4	5	6	7	8	9	10	11	12	13	14	15	16	17	18	19	20	21	22	23	24	25	26	27	28	29	30	31	32	33	34	35	36	37	38	39	40	
C	31	56	68226	105243	168669	293563	500904	579046	682197	831028	933204	1154530	1292282	1410425	1598824	1752534	1859202	2246181	2450238	2640166	2903598	3213679	3507304	3810447	3996399	4206683	4378254	4518134	5454087	6336550	6461551	6559745	6697574	6823309	6933553	6972807	7044809	7056333	7070697	7080241	7089371	7228667	
C	32	0	1	2	3	4	5	6	7	8	9	10	11	12	13	14	15	16	17	18	19	20	21	22	23	24	25	26	27	28	29	30	31	32	33	34	35	36	37	38	39	40	
C	32	44	74644	114553	183576	317733	536453	618088	722939	877295	983195	1216659	1362883	1484362	1685391	1840403	1949075	2356320	2563369	2756797	3022844	3338809	3639264	3951938	4139102	4349674	4516429	4655214	5521132	6369583	6495996	6596028	6736712	6868705	6985296	7025470	7102398	7112976	7126838	7135892	7144155	7265887	
C	33	0	1	2	3	4	5	6	7	8	9	10	11	12	13	14	15	16	17	18	19	20	21	22	23	24	25	26	27	28	29	30	31	32	33	34	35	36	37	38	39	40	
C	33	67	86186	130740	205231	346023	574069	659153	767880	927516	1036832	1281364	1434831	1558215	1770976	1927734	2036246	2461741	2672621	2870187	3134455	3462425	3761981	4092805	4275832	4489987	4647171	4782520	5585547	6376426	6500676	6599218	6740255	6869364	6985492	7024575	7102083	7110743	7123044	7130235	7136959	7229210	
C	34	0	1	2	3	4	5	6	7	8	9	10	11	12	13	14	15	16	17	18	19	20	21	22	23	24	25	26	27	28	29	30	31	32	33	34	35	36	37	38	39	40	
C	34	68	96503	145301	224157	371920	611940	701494	814634	983607	1096682	1351657	1511630	1638986	1863126	2022638	2134172	2576699	2791356	2993893	3259247	3596446	3897864	4241697	4423354	4639982	4791439	4925694	5676387	6428455	6551346	6648906	6791264	6913226	7025457	7062290	7136331	7144125	7155839	7162358	7168242	7246623	
C	35	5	6	7	8	9	10	11	12	13	14	15	16	17	18	19	20	21	22	23	24	25	26	27	28	29	30	31	32	33	34	35	36	37	
C	35	29485	48901	100271	146554	168610	179942	197923	227545	250245	288925	320291	373452	418274	480197	539898	610330	680003	765476	854702	927332	1026277	1139955	1226852	1333090	1440005	1520000	1632228	1734082	1824633	1850941	1906615	1906879	1910352	
N	0	
N	0	
N	1	
N	1	
N	2	
N	2	
N	3	
N	3	
N	4	
N	4	
N	5	
N	5	
N	6	
N	6	
N	7	
N	7	
N	8	
N	8	
N	9	
N	9	
N	10	
N	10	
N	11	
N	11	
N	12	
N	12	
N	13	
N	13	
N	14	
N	14	
N	15	
N	15	
N	16	
N	16	
N	17	
N	17	
N	18	
N	18	
N	19	
N	19	
N	20	
N	20	
N	21	
N	21	
N	22	
N	22	
N	23	
N	23	
N	24	
N	24	
N	25	0	4	5	6	8	9	12	13	14	16	17	18	
N	25	1573	1598	5396	5411	5412	5463	5502	5511	5516	5525	5531	5532	
N	26	0	4	5	6	8	9	12	13	14	16	17	
N	26	1189	1210	5076	5097	5098	5151	5196	5200	5208	5223	5228	
N	27	0	4	5	6	9	10	12	13	14	16	17	18	19	
N	27	2231	2242	13168	13188	13244	13245	13281	13290	13299	13316	13321	13322	13323	
N	28	0	4	5	6	9	12	13	14	16	17	18	19	
N	28	685	702	8545	8578	8655	8691	8701	8712	8720	8725	8726	8727	
N	29	0	4	5	6	9	12	13	14	16	17	18	
N	29	1089	1109	8610	8634	8710	8763	8771	8780	8796	8801	8802	
N	30	0	4	5	6	9	12	13	14	16	17	19	
N	30	570	1032	7758	7785	7868	7918	7929	7935	7951	7959	7961	
N	31	0	4	5	6	8	9	12	13	14	16	17	18	19	
N	31	2041	8682	15597	15638	15639	15737	15799	15811	15828	15847	15855	15856	15857	
N	32	0	4	5	6	9	12	13	14	16	17	
N	32	3370	8473	15659	15686	15778	15848	15861	15874	15902	15906	
N	33	0	4	5	6	8	9	10	12	13	14	16	17	18	19	
N	33	4729	5530	13964	13981	13983	14081	14082	14138	14151	14163	14194	14196	14198	14200	
N	34	0	4	5	6	8	9	12	13	14	16	17	18	19	
N	34	2986	5938	14629	14655	14656	14757	14819	14833	14854	14873	14881	14883	14886	
N	35	5	6	8	9	12	13	14	16	17	18	19	
N	35	10377	10415	10416	10536	10605	10621	10638	10671	10678	10679	10681	
