.	0	2	3	4	5	6	7	8	9	10	11	12	13	14	15	16	17	18	19	20	21	22	23	24	25	26	27	28	29	30	31	32	33	34	35	36	37	38	39	40	
.	0	43453	140526	333002	529176	629881	732802	838532	947096	1177128	1299810	1428171	1562563	1703454	1851403	2006071	2167844	2336079	2510593	2691822	2879133	3071057	3268041	3470958	3675580	3883063	4093037	4304529	4517389	4730068	4943591	5156637	5368442	5577572	5785804	5991789	6196236	6397511	6595327	31201832	
.	1	2	3	4	5	6	7	8	9	10	11	12	13	14	15	16	17	18	19	20	21	22	23	24	25	26	27	28	29	30	31	32	33	34	35	36	37	38	39	40	
.	1	20150	85006	237799	393595	474435	556523	641331	728975	913364	1010835	1113163	1219153	1329721	1444769	1563913	1687812	1815599	1948029	2084679	2224646	2367913	2514928	2665592	2817823	2971945	3129116	3286851	3445784	3605505	3765705	3926830	4088055	4249327	4409443	4569658	4729063	4887276	5044444	31201832	
.	2	2	3	4	5	6	7	8	9	10	11	12	13	14	15	16	17	18	19	20	21	22	23	24	25	26	27	28	29	30	31	32	33	34	35	36	37	38	39	40	
.	2	47515	138806	319350	500636	592849	684862	778786	873771	1070201	1171121	1274730	1380106	1488423	1599132	1713027	1829187	1947046	2067755	2190533	2315700	2442546	2571002	2701570	2832927	2966055	3100512	3235260	3370973	3507147	3644428	3780984	3918023	4055420	4192555	4329953	4466601	4602372	4737731	31201832	
.	3	2	3	4	5	6	7	8	9	10	11	12	13	14	15	16	17	18	19	20	21	22	23	24	25	26	27	28	29	30	31	32	33	34	35	36	37	38	39	40	
.	3	32494	106905	269428	432930	515260	597914	681561	765350	937981	1026798	1118061	1210834	1305835	1402333	1502056	1603633	1707772	1814085	1923008	2033844	2146197	2260468	2377642	2496453	2616382	2737740	2859853	2983206	3108198	3234723	3360712	3487581	3615626	3743628	3872038	4000715	4129774	4257916	31201832	
.	4	2	3	4	5	6	7	8	9	10	11	12	13	14	15	16	17	18	19	20	21	22	23	24	25	26	27	28	29	30	31	32	33	34	35	36	37	38	39	40	
.	4	25098	93110	247360	404836	484679	565510	647598	730743	903336	992359	1083502	1176515	1271651	1369718	1469501	1572091	1676530	1782944	1891679	2001681	2114381	2228253	2343743	2460503	2578089	2697440	2817399	2938905	3060425	3183478	3306777	3430984	3555118	3679768	3804299	3929342	4054287	4179357	31201832	
.	5	2	3	4	5	6	7	8	9	10	11	12	13	14	15	16	17	18	19	20	21	22	23	24	25	26	27	28	29	30	31	32	33	34	35	36	37	38	39	40	
.	5	21769	87846	242380	400401	481341	563187	647515	733935	912100	1005365	1101285	1199548	1300720	1404632	1511767	1621701	1733492	1848262	1965964	2085852	2207959	2331779	2457504	2584523	2713082	2843312	2974270	3106565	3239721	3373064	3506646	3641166	3774861	3909857	4044745	4178804	4312534	4446008	31201832	
.	6	2	3	4	5	6	7	8	9	10	11	12	13	14	15	16	17	18	19	20	21	22	23	24	25	26	27	28	29	30	31	32	33	34	35	36	37	38	39	40	
.	6	28715	100545	260181	421977	503805	587303	671110	756238	932057	1022580	1114836	1210019	1306172	1406278	1507839	1611821	1717663	1825807	1935404	2046414	2160008	2274629	2392284	2510975	2629459	2749745	2870738	2992739	3116536	3240115	3364111	3487999	3613224	3738983	3864230	3989250	4114859	4239893	31201832	
.	7	2	3	4	5	6	7	8	9	10	11	12	13	14	15	16	17	18	19	20	21	22	23	24	25	26	27	28	29	30	31	32	33	34	35	36	37	38	39	40	
.	7	31912	109039	277721	448434	535845	623963	713378	804055	991323	1088037	1187612	1289277	1393503	1500136	1608974	1719619	1832971	1948658	2065715	2184768	2305726	2428000	2552809	2678224	2805157	2933580	3062945	3192903	3323670	3454924	3586270	3718438	3851021	3983452	4116306	4249442	4381882	4514221	31201832	
.	8	2	3	4	5	6	7	8	9	10	11	12	13	14	15	16	17	18	19	20	21	22	23	24	25	26	27	28	29	30	31	32	33	34	35	36	37	38	39	40	
.	8	21584	88120	247192	408769	490881	573835	657857	744918	924725	1017460	1112808	1210874	1311291	1414551	1520337	1629020	1740076	1853555	1968692	2086951	2207543	2330608	2455123	2580399	2708472	2837489	2967683	3098774	3230559	3363351	3496637	3631151	3765738	3900220	4034421	4169851	4304416	4438790	31201832	
.	9	2	3	4	5	6	7	8	9	10	11	12	13	14	15	16	17	18	19	20	21	22	23	24	25	26	27	28	29	30	31	32	33	34	35	36	37	38	39	40	
.	9	26346	100767	273402	451502	542904	635790	731034	828283	1030507	1135997	1244149	1355368	1468821	1585399	1704530	1825918	1950510	2077104	2206476	2337896	2471130	2605912	2742729	2881111	3019838	3160021	3301084	3443433	3585660	3728796	3871188	4015370	4158931	4302311	4446007	4589362	4731821	4874051	31201832	
.	10	2	3	4	5	6	7	8	9	10	11	12	13	14	15	16	17	18	19	20	21	22	23	24	25	26	27	28	29	30	31	32	33	34	35	36	37	38	39	40	
.	10	25666	101470	275269	453904	545463	639200	734665	832722	1037185	1143530	1252497	1365062	1480613	1600187	1722066	1847495	1976440	2107562	2241282	2377659	2514978	2655313	2798128	2941642	3087767	3234278	3381404	3530430	3679100	3828917	3979358	4130253	4280984	4431892	4581947	4731866	4881369	5029797	31201832	
.	11	2	3	4	5	6	7	8	9	10	11	12	13	14	15	16	17	18	19	20	21	22	23	24	25	26	27	28	29	30	31	32	33	34	35	36	37	38	39	40	
.	11	28028	107982	288696	474596	570294	668113	768029	870948	1085838	1197437	1313194	1432382	1555121	1680601	1810196	1942638	2078458	2216685	2358121	2502346	2648466	2796472	2946804	3097407	3249722	3403370	3558788	3714242	3870889	4028160	4185613	4342756	4500164	4656956	4814024	4971119	5126777	5281836	31201832	
.	12	2	3	4	5	6	7	8	9	10	11	12	13	14	15	16	17	18	19	20	21	22	23	24	25	26	27	28	29	30	31	32	33	34	35	36	37	38	39	40	
.	12	32490	119186	310177	507975	609938	714081	820445	930362	1159266	1278827	1401454	1527224	1655689	1788425	1923630	2062231	2203322	2347322	2493038	2641141	2791436	2943392	3098736	3253351	3409261	3566741	3724806	3883821	4043131	4202819	4363545	4524621	4684741	4844793	5005716	5165701	5325339	5484009	31201832	
.	13	2	3	4	5	6	7	8	9	10	11	12	13	14	15	16	17	18	19	20	21	22	23	24	25	26	27	28	29	30	31	32	33	34	35	36	37	38	39	40	
.	13	28268	110294	298836	492746	591982	693165	797292	903753	1125986	1241218	1359561	1481618	1605804	1733918	1865310	2000664	2138437	2279936	2423605	2570692	2719589	2871662	3027350	3183584	3341826	3502323	3664544	3828263	3993814	4160101	4327146	4495479	4664979	4834689	5004986	5175362	5346143	5517150	31201832	
.	14	2	3	4	5	6	7	8	9	10	11	12	13	14	15	16	17	18	19	20	21	22	23	24	25	26	27	28	29	30	31	32	33	34	35	36	37	38	39	40	
.	14	28665	112433	304498	499759	600263	703131	808007	915346	1139823	1257825	1378874	1503456	1632089	1765299	1901930	2043312	2188037	2336476	2487709	2643091	2801054	2962003	3126473	3293115	3460908	3631499	3803783	3977784	4153305	4329739	4508813	4687528	4866846	5046912	5226687	5408307	5589877	5771420	31201832	
.	15	2	3	4	5	6	7	8	9	10	11	12	13	14	15	16	17	18	19	20	21	22	23	24	25	26	27	28	29	30	31	32	33	34	35	36	37	38	39	40	
.	15	30589	117868	317440	522316	627201	734605	844548	956994	1192675	1315380	1441795	1572582	1706967	1845228	1987090	2133039	2281432	2434310	2590054	2749836	2912653	3077991	3247606	3418697	3592717	3767918	3945723	4126085	4308177	4491713	4677178	4863919	5051590	5240269	5429529	5619310	5809731	6001595	31201832	
.	16	2	3	4	5	6	7	8	9	10	11	12	13	14	15	16	17	18	19	20	21	22	23	24	25	26	27	28	29	30	31	32	33	34	35	36	37	38	39	40	
.	16	34536	129650	340287	559369	672504	788067	907128	1029123	1284438	1418064	1555793	1697940	1844836	1995383	2149703	2309038	2471738	2639094	2809239	2984145	3160583	3340113	3524338	3709831	3899076	4090207	4282056	4477430	4674174	4873047	5072595	5273258	5475366	5678567	5881912	6086743	6292298	6497314	31201832	
.	17	2	3	4	5	6	7	8	9	10	11	12	13	14	15	16	17	18	19	20	21	22	23	24	25	26	27	28	29	30	31	32	33	34	35	36	37	38	39	40	
.	17	38422	140239	362487	593232	712307	833202	958515	1088239	1360088	1503869	1652295	1805805	1964346	2127822	2295651	2468621	2646753	2829852	3018189	3210850	3406784	3606568	3810577	4016993	4226173	4438023	4652249	4869356	5089162	5309693	5531676	5755027	5979181	6203870	6428133	6653697	6880162	7106041	31201832	
.	18	2	3	4	5	6	7	8	9	10	11	12	13	14	15	16	17	18	19	20	21	22	23	24	25	26	27	28	29	30	31	32	33	34	35	36	37	38	39	40	
.	18	41946	150016	379857	618428	742131	868706	1000174	1135812	1421447	1572900	1729205	1890489	2057589	2230415	2409412	2593550	2783328	2977594	3177176	3381412	3588489	3800420	4016620	4234870	4456989	4682082	4909683	5138905	5370784	5603505	5838587	6074565	6311665	6548470	6786397	7025379	7263352	7501686	31201832	
.	19	2	3	4	5	6	7	8	9	10	11	12	13	14	15	16	17	18	19	20	21	22	23	24	25	26	27	28	29	30	31	32	33	34	35	36	37	38	39	40	
.	19	47817	165354	410488	667484	800614	937457	1079372	1225629	1536139	1700285	1870057	2045231	2226667	2415118	2607882	2806155	3009788	3219013	3432085	3651009	3873732	4100785	4332423	4566516	4804214	5045048	5288232	5532647	5779432	6027944	6277568	6529811	6781335	7034101	7286944	7541545	7794911	8048850	31201832	
.	20	2	3	4	5	6	7	8	9	10	11	12	13	14	15	16	17	18	19	20	21	22	23	24	25	26	27	28	29	30	31	32	33	34	35	36	37	38	39	40	
.	20	48511	169270	420820	682436	817616	957228	1102166	1252793	1571310	1741279	1916988	2100215	2290326	2487125	2691610	2902895	3119526	3343048	3572196	3808105	4049104	4295358	4548296	4803997	5062590	5324664	5589888	5857600	6127975	6399338	6673277	6948802	7224761	7501458	7779740	8057073	8334054	8610881	31201832	
.	21	2	3	4	5	6	7	8	9	10	11	12	13	14	15	16	17	18	19	20	21	22	23	24	25	26	27	28	29	30	31	32	33	34	35	36	37	38	39	40	
.	21	53749	183085	446450	723568	867862	1016448	1170893	1330895	1672229	1853941	2043167	2238996	2442581	2653662	2872763	3098440	3331021	3570777	3816201	4068471	4326325	4590123	4859396	5131961	5408668	5688477	5971938	6256631	6544181	6833731	7124700	7417024	7709917	8003601	8296668	8591319	8884235	9175601	31201832	
.	22	2	3	4	5	6	7	8	9	10	11	12	13	14	15	16	17	18	19	20	21	22	23	24	25	26	27	28	29	30	31	32	33	34	35	36	37	38	39	40	
.	22	68495	216920	502486	802698	959144	1121179	1289351	1464620	1837458	2035639	2241370	2456469	2679243	2909738	3148109	3394092	3647141	3907472	4174805	4447728	4726057	5009995	5299169	5591347	5887310	6186837	6489158	6794986	7102548	7411571	7721095	8032062	8341952	8652822	8963534	9272892	9582140	9889293	31201832	
.	23	2	3	4	5	6	7	8	9	10	11	12	13	14	15	16	17	18	19	20	21	22	23	24	25	26	27	28	29	30	31	32	33	34	35	36	37	38	39	40	
.	23	72372	228947	528863	845363	1011678	1183567	1362880	1549640	1947407	2159589	2379947	2609942	2848326	3095337	3349755	3611708	3882498	4161553	4446441	4737872	5035581	5339570	5650187	5963736	6281715	6602311	6926222	7252588	7581952	7912126	8242443	8574735	8907875	9240263	9572031	9903987	10233445	10561550	31201832	
.	24	2	3	4	5	6	7	8	9	10	11	12	13	14	15	16	17	18	19	20	21	22	23	24	25	26	27	28	29	30	31	32	33	34	35	36	37	38	39	40	
.	24	67714	222946	525409	844906	1013251	1188732	1371259	1561858	1973576	2194195	2425641	2667869	2920868	3184215	3459454	3744094	4037643	4340862	4652259	4972551	5299606	5632788	5974627	6320456	6669727	7022843	7379089	7738193	8098541	8460555	8822322	9185285	9546423	9906475	10266771	10623773	10979125	11330990	31201832	
.	25	0	1	2	3	4	5	6	7	8	9	10	11	12	13	14	15	16	17	18	19	20	21	22	23	24	25	26	27	28	29	30	31	32	33	34	35	36	37	38	39	40	
.	25	1380	14362	94788	268474	595657	945020	1129474	1323090	1524843	1737443	2195341	2441767	2699832	2970264	3252512	3546313	3851811	4168621	4493912	4829507	5173510	5525628	5883351	6248748	6619792	6993603	7371098	7751808	8134095	8517619	8901502	9284993	9666179	10046460	10424951	10802264	11177169	11547749	11914607	12277821	31201832	
.	26	0	1	2	3	4	5	6	7	8	9	10	11	12	13	14	15	16	17	18	19	20	21	22	23	24	25	26	27	28	29	30	31	32	33	34	35	36	37	38	39	40	
.	26	4381	112557	204501	393503	742719	1116991	1315702	1524130	1742521	1973376	2471870	2741220	3023407	3318325	3626585	3946386	4278751	4622401	4975445	5338761	5709121	6086787	6471216	6860911	7255487	7652523	8050758	8451349	8851926	9254079	9655649	10056308	10454021	10849339	11241710	11630978	12016388	12398148	12774428	13145214	31201832	
.	27	0	1	2	3	4	5	6	7	8	9	10	11	12	13	14	15	16	17	18	19	20	21	22	23	24	25	26	27	28	29	30	31	32	33	34	35	36	37	38	39	40	
.	27	6306	25192	129850	338031	709367	1110527	1324586	1550481	1788113	2037849	2578583	2869852	3176011	3497164	3831063	4178927	4537893	4908016	5288998	5680132	6077879	6483821	6894710	7310659	7731350	8152161	8574620	8998587	9420725	9842443	10263157	10679319	11093382	11503488	11909577	12311429	12706817	13098352	13483850	13863283	31201832	
.	28	0	1	2	3	4	5	6	7	8	9	10	11	12	13	14	15	16	17	18	19	20	21	22	23	24	25	26	27	28	29	30	31	32	33	34	35	36	37	38	39	40	
.	28	8974	29504	141416	360161	747112	1166968	1392378	1629517	1880404	2145930	2722763	3036258	3364732	3708740	4066078	4440412	4826949	5226042	5635903	6055540	6482804	6918855	7359284	7804238	8253114	8703764	9153929	9604169	10052503	10498713	10942367	11381216	11816894	12247272	12673003	13091722	13504484	13910458	14309540	14698200	31201832	
.	29	0	1	2	3	4	5	6	7	8	9	10	11	12	13	14	15	16	17	18	19	20	21	22	23	24	25	26	27	28	29	30	31	32	33	34	35	36	37	38	39	40	
.	29	9629	33182	156533	392164	802984	1249060	1489419	1742856	2009752	2293537	2911175	3245560	3597084	3964028	4345445	4742508	5152557	5574661	6008301	6449584	6898336	7354052	7815139	8279854	8747502	9214302	9682370	10148495	10611229	11072353	11528833	11979293	12424562	12864331	13296733	13723591	14141588	14552885	14955704	15349680	31201832	
.	30	0	1	2	3	4	5	6	7	8	9	10	11	12	13	14	15	16	17	18	19	20	21	22	23	24	25	26	27	28	29	30	31	32	33	34	35	36	37	38	39	40	
.	30	1593	30066	157462	402018	828243	1293656	1544627	1809677	2090951	2389747	3040034	3392169	3762233	4150264	4553354	4973428	5406211	5851711	6308757	6774269	7249191	7731050	8217116	8706844	9199918	9692507	10183314	10671820	11157105	11638920	12116401	12587943	13054244	13511716	13961551	14402865	14836405	15260212	15674997	16081481	31201832	
.	31	0	1	2	3	4	5	6	7	8	9	10	11	12	13	14	15	16	17	18	19	20	21	22	23	24	25	26	27	28	29	30	31	32	33	34	35	36	37	38	39	40	
.	31	4508	34656	178046	444852	902684	1403141	1674527	1961514	2265580	2587616	3291820	3673579	4073666	4491757	4927277	5378469	5842553	6319984	6808772	7306272	7811045	8322150	8834585	9348826	9865999	10379526	10890681	11399339	11900494	12397556	12886563	13369047	13842020	14307836	14762625	15208518	15644606	16072818	16489023	16894575	31201832	
.	32	0	1	2	3	4	5	6	7	8	9	10	11	12	13	14	15	16	17	18	19	20	21	22	23	24	25	26	27	28	29	30	31	32	33	34	35	36	37	38	39	40	
.	32	4561	41178	203567	496639	989727	1531811	1827103	2140090	2472190	2824535	3594569	4008448	4443825	4897235	5367227	5853395	6353952	6866063	7388302	7917458	8453094	8991831	9532067	10072567	10612041	11147402	11677837	12202152	12720253	13231286	13733797	14225838	14706729	15178080	15638211	16086860	16525027	16953194	17367757	17771510	31201832	
.	33	0	1	2	3	4	5	6	7	8	9	10	11	12	13	14	15	16	17	18	19	20	21	22	23	24	25	26	27	28	29	30	31	32	33	34	35	36	37	38	39	40	
.	33	13549	153394	352002	683479	1221204	1817412	2142411	2488194	2855940	3244063	4088193	4542410	5015876	5508125	6015320	6537280	7069241	7612689	8161996	8715967	9273383	9832334	10389477	10943683	11494479	12038097	12573122	13101814	13621392	14129723	14626092	15114611	15590703	16055867	16507065	16946525	17372633	17787234	18188359	18577874	31201832	
.	34	0	1	2	3	4	5	6	7	8	9	10	11	12	13	14	15	16	17	18	19	20	21	22	23	24	25	26	27	28	29	30	31	32	33	34	35	36	37	38	39	40	
.	34	11014	139801	352668	706161	1276738	1911903	2258450	2627575	3020542	3435943	4337134	4821357	5325603	5848452	6387808	6941269	7505123	8078032	8658848	9243083	9826489	10411480	10994092	11573308	12147336	12711733	13267740	13812607	14346092	14868443	15380130	15877902	16362315	16833392	17291297	17733547	18164175	18581454	18985577	19376337	31201832	
.	35	0	1	2	3	4	5	6	7	8	9	10	11	12	13	14	15	16	17	18	19	20	21	22	23	24	25	26	27	28	29	30	31	32	33	34	35	36	37	38	39	40	
.	35	20415	84564	326650	717310	1334583	2024902	2402640	2803967	3231629	3688295	4677449	5209210	5762952	6335958	6922583	7523379	8133881	8752829	9376148	10001264	10623933	11243391	11856546	12461436	13059640	13643719	14215975	14772907	15317355	15848205	16364460	16863609	17348642	17818131	18272191	18708938	19132416	19541292	19935671	20315468	31201832	
.	36	0	1	2	3	4	5	6	7	8	9	10	11	12	13	14	15	16	17	18	19	20	21	22	23	24	25	26	27	28	29	30	31	32	33	34	35	36	37	38	39	40	
.	36	21099	170446	441740	866422	1525677	2265005	2672087	3104291	3565979	4054434	5110105	5675585	6259689	6862405	7478757	8107843	8742943	9384523	10028597	10671703	11311533	11945338	12571321	13186531	13789211	14378560	14953367	15512378	16056716	16583976	17095028	17589713	18069170	18532161	18978509	19408154	19822525	20221513	20604575	20973736	31201832	
.	37	0	1	2	3	4	5	6	7	8	9	10	11	12	13	14	15	16	17	18	19	20	21	22	23	24	25	26	27	28	29	30	31	32	33	34	35	36	37	38	39	40	
.	37	22843	103422	406077	869341	1584150	2387405	2828300	3297460	3796278	4324552	5460786	6068294	6695627	7339407	7994981	8659730	9330181	10003119	10675279	11343253	12003269	12655123	13293858	13920560	14533005	15128747	15706171	16267040	16809504	17334667	17840009	18328836	18799180	19252391	19687998	20107225	20508604	20896972	21269293	21625778	31201832	
.	38	0	1	2	3	4	5	6	7	8	9	10	11	12	13	14	15	16	17	18	19	20	21	22	23	24	25	26	27	28	29	30	31	32	33	34	35	36	37	38	39	40	
.	38	20750	213347	553594	1054868	1813508	2664105	3131682	3629850	4158156	4716684	5919469	6559657	7218534	7894238	8581131	9276990	9975391	10673774	11369893	12059178	12737215	13404379	14055531	14690446	15310540	15909626	16491320	17053851	17594604	18117062	18620696	19104837	19568640	20014449	20443048	20853054	21246941	21623850	21985687	22332389	31201832	
.	39	0	1	2	3	4	5	6	7	8	9	10	11	12	13	14	15	16	17	18	19	20	21	22	23	24	25	26	27	28	29	30	31	32	33	34	35	36	37	38	39	40	
.	39	19622	128632	498665	1040414	1851657	2767389	3272204	3808917	4378084	4977969	6261923	6940787	7638089	8350266	9070933	9796944	10524330	11248895	11968025	12675579	13371131	14053535	14716667	15362930	15990761	16597562	17183072	17746938	18289514	18810028	19309535	19789093	20249559	20689466	21110102	21512438	21898828	22268562	22622624	22960076	31201832	
.	40	0	1	2	3	4	5	6	7	8	9	10	11	12	13	14	15	16	17	18	19	20	21	22	23	24	25	26	27	28	29	30	31	32	33	34	35	36	37	38	39	40	
.	40	16084	141921	560684	1159079	2042089	3042320	3593159	4179826	4801097	5457624	6856620	7592784	8345446	9109697	9882127	10653541	11419816	12178706	12927312	13659274	14372559	15068060	15739879	16390716	17019335	17620640	18198868	18750528	19279460	19785172	20265468	20723767	21161480	21578636	21975816	22354386	22714840	23058400	23385202	23696170	31201832	
.	41	0	1	2	3	4	5	6	7	8	9	10	11	12	13	14	15	16	17	18	19	20	21	22	23	24	25	26	27	28	29	30	31	32	33	34	35	36	37	38	39	40	
.	41	14194	149414	598448	1228842	2150869	3198079	3775784	4389589	5038478	5722424	7176488	7940016	8716945	9504454	10294868	11085359	11870472	12646144	13407974	14154776	14879858	15585800	16266681	16924951	17559530	18166137	18746223	19303371	19835890	20342248	20825387	21286697	21725306	22144227	22542973	22920802	23282712	23626517	23953225	24264086	31201832	
.	42	0	1	2	3	4	5	6	7	8	9	10	11	12	13	14	15	16	17	18	19	20	21	22	23	24	25	26	27	28	29	30	31	32	33	34	35	36	37	38	39	40	
.	42	12927	161748	659960	1352650	2353706	3488032	4109773	4766417	5458699	6183676	7710663	8502460	9305167	10113585	10920385	11724043	12518851	13299662	14067296	14813187	15537113	16238109	16914767	17565870	18191607	18788560	19360420	19907141	20428174	20926315	21399075	21848629	22276435	22683939	23071883	23440185	23789598	24122243	24437978	24739073	31201832	
.	43	0	1	2	3	4	5	6	7	8	9	10	11	12	13	14	15	16	17	18	19	20	21	22	23	24	25	26	27	28	29	30	31	32	33	34	35	36	37	38	39	40	
.	43	10992	184363	738664	1476724	2519224	3704804	4357210	5047366	5776108	6537546	8143252	8977816	9820113	10666090	11510525	12346651	13171033	13981133	14772069	15540365	16283304	16998822	17688959	18348048	18979548	19580764	20154080	20698954	21217122	21709249	22178252	22621359	23041126	23439005	23815345	24173163	24511730	24833057	25136548	25424556	31201832	
A	0	2	3	4	5	6	7	8	9	10	11	12	13	14	15	16	17	18	19	20	21	22	23	24	25	26	27	28	29	30	31	32	33	34	35	36	37	38	39	40	
A	0	10427	38949	96243	155523	186875	220109	255152	292575	374985	421803	471736	525756	583061	644039	708699	776766	846927	919807	995248	1072150	1150187	1229292	1308848	1388407	1468527	1547809	1626617	1704518	1780919	1856885	1931522	2004635	2075905	2145718	2213946	2280669	2345875	2409957	9535352	
A	1	2	3	4	5	6	7	8	9	10	11	12	13	14	15	16	17	18	19	20	21	22	23	24	25	26	27	28	29	30	31	32	33	34	35	36	37	38	39	40	
A	1	4671	22164	64920	110251	134812	160022	187379	216655	281992	318004	357042	398654	443055	490416	540120	592120	646440	702705	761203	820988	881500	943725	1006469	1068983	1131687	1194686	1257790	1320164	1381992	1442662	1502846	1562308	1620564	1677474	1733604	1788597	1842499	1895274	9690866	
A	2	2	3	4	5	6	7	8	9	10	11	12	13	14	15	16	17	18	19	20	21	22	23	24	25	26	27	28	29	30	31	32	33	34	35	36	37	38	39	40	
A	2	11229	37025	87745	140878	168880	197894	228441	259952	327937	364194	402420	441966	483649	526539	570958	616641	662834	710694	759153	807938	857245	906676	956707	1006442	1056460	1106265	1155575	1204468	1252920	1301321	1348372	1395427	1441647	1487031	1532288	1576600	1620184	1663134	9441138	
A	3	2	3	4	5	6	7	8	9	10	11	12	13	14	15	16	17	18	19	20	21	22	23	24	25	26	27	28	29	30	31	32	33	34	35	36	37	38	39	40	
A	3	7377	26884	71390	117890	142098	166978	192874	219382	277031	307752	340134	374050	409809	446496	485020	524858	566418	609016	652897	697448	742436	787736	834100	880911	927894	974930	1022065	1069428	1116277	1163417	1209511	1255336	1300811	1345879	1390628	1434774	1478849	1521726	8924387	
A	4	2	3	4	5	6	7	8	9	10	11	12	13	14	15	16	17	18	19	20	21	22	23	24	25	26	27	28	29	30	31	32	33	34	35	36	37	38	39	40	
A	4	5938	24263	66917	112433	136329	161429	187744	215369	275391	307749	341622	377404	414562	453459	493270	534817	577811	621814	666612	711982	758526	805332	852310	899547	946897	994445	1041552	1088870	1135588	1182308	1228307	1274603	1319911	1364572	1408577	1452277	1495656	1538225	9124804	
A	5	2	3	4	5	6	7	8	9	10	11	12	13	14	15	16	17	18	19	20	21	22	23	24	25	26	27	28	29	30	31	32	33	34	35	36	37	38	39	40	
A	5	5393	23500	67842	115418	141093	167846	196299	226397	291692	327369	364815	404111	445365	488748	533897	580797	628942	678345	729008	780293	832552	885389	938261	991632	1044964	1098582	1151891	1204615	1257254	1309036	1360336	1410963	1460773	1510353	1559051	1606949	1653861	1699777	9155265	
A	6	2	3	4	5	6	7	8	9	10	11	12	13	14	15	16	17	18	19	20	21	22	23	24	25	26	27	28	29	30	31	32	33	34	35	36	37	38	39	40	
A	6	6681	26015	69893	116732	141223	167042	193824	222180	283501	316748	351297	387588	425128	465005	505878	548189	591376	635811	681065	726654	773288	820126	867590	915341	962290	1009482	1056382	1103290	1150158	1196418	1242144	1287259	1332248	1376993	1420944	1464437	1507191	1549756	9085667	
A	7	2	3	4	5	6	7	8	9	10	11	12	13	14	15	16	17	18	19	20	21	22	23	24	25	26	27	28	29	30	31	32	33	34	35	36	37	38	39	40	
A	7	7213	27838	74966	124821	151504	179558	208930	239728	306699	342756	380722	420576	462580	506139	550792	596480	643994	692570	741691	791253	841867	892725	943780	995450	1046927	1098472	1149589	1200894	1251139	1300791	1350145	1399209	1448004	1496124	1543722	1590946	1637091	1682933	9179656	
A	8	2	3	4	5	6	7	8	9	10	11	12	13	14	15	16	17	18	19	20	21	22	23	24	25	26	27	28	29	30	31	32	33	34	35	36	37	38	39	40	
A	8	5105	22790	66420	112937	137227	162722	189396	217775	279690	313150	348161	385164	423898	464500	506599	550381	595463	642217	689485	737845	787458	837856	888167	938877	990218	1041444	1092701	1143925	1194421	1244970	1294908	1344788	1394137	1443007	1490852	1539284	1586661	1633400	9037821	
A	9	2	3	4	5	6	7	8	9	10	11	12	13	14	15	16	17	18	19	20	21	22	23	24	25	26	27	28	29	30	31	32	33	34	35	36	37	38	39	40	
A	9	6113	26026	75000	128373	157229	187421	219808	253622	326708	366600	408170	451532	496768	543788	592441	642500	693511	745874	798992	852900	907439	962119	1017199	1072580	1127699	1182729	1237485	1292028	1346235	1399847	1452334	1505296	1557168	1608543	1659785	1710225	1759562	1808369	9080151	
A	10	2	3	4	5	6	7	8	9	10	11	12	13	14	15	16	17	18	19	20	21	22	23	24	25	26	27	28	29	30	31	32	33	34	35	36	37	38	39	40	
A	10	6366	27276	77505	132141	161545	192854	225684	260841	337755	379562	423291	470054	518680	569713	622467	676974	733836	791562	850388	910393	970104	1031107	1092222	1153368	1214673	1276084	1336916	1397710	1457450	1517037	1575798	1633936	1690989	1747703	1803090	1857780	1911624	1964102	9023784	
A	11	2	3	4	5	6	7	8	9	10	11	12	13	14	15	16	17	18	19	20	21	22	23	24	25	26	27	28	29	30	31	32	33	34	35	36	37	38	39	40	
A	11	7108	29668	82516	140445	172022	205355	240440	277950	360918	406042	453897	504328	557682	613131	670616	730071	791051	853115	916713	981205	1046535	1111715	1176743	1242017	1307087	1371885	1436571	1500327	1563804	1626171	1687885	1747961	1807728	1866477	1924326	1981391	2036987	2091999	9032042	
A	12	2	3	4	5	6	7	8	9	10	11	12	13	14	15	16	17	18	19	20	21	22	23	24	25	26	27	28	29	30	31	32	33	34	35	36	37	38	39	40	
A	12	8343	32769	88903	151488	185510	221723	259700	301018	390858	439807	491132	544674	600109	657962	717614	778823	841588	905284	969454	1034333	1099510	1165218	1231036	1296280	1360886	1425505	1489518	1552969	1615697	1677507	1739060	1799478	1858988	1917511	1975816	2033243	2089887	2144795	9059701	
A	13	2	3	4	5	6	7	8	9	10	11	12	13	14	15	16	17	18	19	20	21	22	23	24	25	26	27	28	29	30	31	32	33	34	35	36	37	38	39	40	
A	13	6748	28740	81777	139196	169980	202682	237353	273537	353210	395985	440857	488327	537603	588923	641745	696824	752952	810399	868795	928778	989571	1050777	1112849	1175170	1238082	1300995	1364036	1427283	1490333	1553331	1616004	1678843	1741161	1802964	1864523	1925876	1987216	2047881	9081145	
A	14	2	3	4	5	6	7	8	9	10	11	12	13	14	15	16	17	18	19	20	21	22	23	24	25	26	27	28	29	30	31	32	33	34	35	36	37	38	39	40	
A	14	6871	29241	82220	138338	168560	200196	233572	269416	347475	390325	435603	483664	534376	587502	642978	700866	760187	821774	884364	949197	1014408	1081001	1148519	1216141	1283805	1352288	1420842	1489784	1558381	1626850	1695538	1763046	1830162	1896967	1963341	2029808	2095604	2161039	9074217	
A	15	2	3	4	5	6	7	8	9	10	11	12	13	14	15	16	17	18	19	20	21	22	23	24	25	26	27	28	29	30	31	32	33	34	35	36	37	38	39	40	
A	15	7291	30112	84521	143181	174616	208057	242811	279594	361246	405454	451775	500451	551513	604823	660000	717418	775906	836459	898463	961844	1026165	1091253	1157037	1224096	1290929	1358270	1426090	1494326	1562581	1630476	1698825	1766942	1835161	1903872	1971922	2039672	2106978	2174706	9059459	
A	16	2	3	4	5	6	7	8	9	10	11	12	13	14	15	16	17	18	19	20	21	22	23	24	25	26	27	28	29	30	31	32	33	34	35	36	37	38	39	40	
A	16	8710	34967	94869	161424	197301	235427	275947	318876	412946	464119	518058	575131	634589	696245	760178	826208	894167	963818	1034419	1106870	1179321	1253168	1327538	1402453	1478150	1553599	1629336	1705209	1781030	1856852	1932599	2008400	2083817	2159591	2234322	2309326	2383944	2457859	9029760	
A	17	2	3	4	5	6	7	8	9	10	11	12	13	14	15	16	17	18	19	20	21	22	23	24	25	26	27	28	29	30	31	32	33	34	35	36	37	38	39	40	
A	17	9884	38159	101796	172310	210226	250394	293791	340179	441762	497913	557275	619889	685955	755054	827173	901611	978727	1058377	1140615	1224353	1309022	1395194	1482004	1570268	1658548	1747310	1836094	1925613	2015192	2104788	2193724	2283004	2371419	2459389	2546135	2632626	2719188	2804684	9006258	
A	18	2	3	4	5	6	7	8	9	10	11	12	13	14	15	16	17	18	19	20	21	22	23	24	25	26	27	28	29	30	31	32	33	34	35	36	37	38	39	40	
A	18	11006	41411	107451	180397	220077	262215	307537	356291	463975	523447	586221	652786	722751	796123	872813	952175	1034382	1118511	1205332	1293869	1382990	1473690	1564954	1657100	1750343	1844099	1938312	2032192	2125938	2219532	2313012	2405728	2498225	2590111	2681054	2772362	2862179	2951105	9003937	
A	19	2	3	4	5	6	7	8	9	10	11	12	13	14	15	16	17	18	19	20	21	22	23	24	25	26	27	28	29	30	31	32	33	34	35	36	37	38	39	40	
A	19	13166	47580	120920	203828	249024	297126	348956	403785	526287	593616	664772	739354	817357	899715	984593	1072123	1161837	1253970	1348116	1443744	1540972	1638717	1737503	1836851	1936644	2036995	2137342	2236865	2336939	2436466	2535492	2633962	2731817	2829112	2925684	3021445	3116021	3210216	8973648	
A	20	2	3	4	5	6	7	8	9	10	11	12	13	14	15	16	17	18	19	20	21	22	23	24	25	26	27	28	29	30	31	32	33	34	35	36	37	38	39	40	
A	20	12865	47304	119468	200083	243685	290408	340754	394741	514559	581317	652570	728025	807375	890929	978987	1070627	1165225	1263485	1364220	1467231	1572336	1679513	1788231	1897711	2008048	2119121	2230115	2341447	2452733	2563360	2673903	2784260	2893527	3002046	3110690	3217346	3322938	3427358	9010843	
A	21	2	3	4	5	6	7	8	9	10	11	12	13	14	15	16	17	18	19	20	21	22	23	24	25	26	27	28	29	30	31	32	33	34	35	36	37	38	39	40	
A	21	14656	51337	126971	212465	259255	309602	363653	421722	551369	623234	699891	780665	866326	955939	1049885	1147081	1247656	1351400	1457695	1566489	1677414	1790090	1904222	2019706	2136101	2252115	2368879	2485144	2601478	2717080	2832623	2947654	3061731	3174498	3286370	3398101	3508470	3616867	8995606	
A	22	2	3	4	5	6	7	8	9	10	11	12	13	14	15	16	17	18	19	20	21	22	23	24	25	26	27	28	29	30	31	32	33	34	35	36	37	38	39	40	
A	22	17855	60143	143014	236516	288102	343525	403515	468274	612229	691718	775732	865703	959999	1058220	1160552	1266577	1375516	1487552	1602042	1718538	1836712	1956644	2076902	2198257	2319986	2441951	2563781	2685424	2806407	2927596	3047226	3166104	3283559	3400271	3515702	3629667	3742148	3853240	8986301	
A	23	2	3	4	5	6	7	8	9	10	11	12	13	14	15	16	17	18	19	20	21	22	23	24	25	26	27	28	29	30	31	32	33	34	35	36	37	38	39	40	
A	23	19766	64734	151916	250845	305750	364753	428180	496243	648127	732286	821250	915436	1013666	1116350	1223003	1333458	1446825	1563867	1682620	1803441	1926798	2051341	2177067	2303349	2430105	2556396	2683010	2809214	2935581	3061235	3185630	3309475	3431932	3553066	3672845	3791939	3908124	4022833	8984767	
A	24	2	3	4	5	6	7	8	9	10	11	12	13	14	15	16	17	18	19	20	21	22	23	24	25	26	27	28	29	30	31	32	33	34	35	36	37	38	39	40	
A	24	17683	60837	145067	240225	293033	350141	411921	478416	629208	713277	803199	899309	1001557	1109375	1222830	1341309	1463963	1590897	1721472	1854728	1990501	2127703	2267188	2408059	2548965	2689881	2830734	2971601	3111427	3250655	3388272	3524830	3658839	3791386	3922574	4051101	4177948	4302325	9020689	
A	25	1	2	3	4	5	6	7	8	9	10	11	12	13	14	15	16	17	18	19	20	21	22	23	24	25	26	27	28	29	30	31	32	33	34	35	36	37	38	39	40	
A	25	2486	24637	75153	170533	281261	342988	410290	483630	562970	741417	841566	948590	1062672	1183361	1310438	1443247	1581152	1722670	1868553	2017545	2168647	2321717	2476635	2631345	2786083	2941004	3095342	3248232	3399791	3549910	3697522	3842426	3984587	4124537	4262628	4398218	4530472	4659583	4785385	8986129	
A	26	1	2	3	4	5	6	7	8	9	10	11	12	13	14	15	16	17	18	19	20	21	22	23	24	25	26	27	28	29	30	31	32	33	34	35	36	37	38	39	40	
A	26	2927	28641	84130	187560	309163	377506	452577	533814	622900	823860	936003	1055482	1182766	1317044	1456742	1602691	1753995	1908300	2066245	2226761	2388901	2552213	2716323	2879714	3042960	3204071	3363454	3520758	3676445	3829766	3979943	4127733	4272564	4414463	4552903	4687771	4819645	4947896	5072055	8948180	
A	27	1	2	3	4	5	6	7	8	9	10	11	12	13	14	15	16	17	18	19	20	21	22	23	24	25	26	27	28	29	30	31	32	33	34	35	36	37	38	39	40	
A	27	3774	33921	96572	207941	339579	414598	496837	586448	684157	904990	1027236	1158253	1297823	1444124	1597923	1757425	1921064	2088696	2259703	2432654	2607313	2782610	2958382	3132850	3305153	3476046	3644792	3809871	3973053	4133276	4288971	4441252	4590182	4735241	4876317	5013047	5146298	5275695	5401079	8962870	
A	28	1	2	3	4	5	6	7	8	9	10	11	12	13	14	15	16	17	18	19	20	21	22	23	24	25	26	27	28	29	30	31	32	33	34	35	36	37	38	39	40	
A	28	4065	35536	100798	214895	350103	426718	510919	603238	704210	932219	1060101	1196529	1341624	1494051	1653922	1819304	1990640	2165933	2343831	2523690	2705268	2886163	3067430	3247523	3426901	3603173	3776845	3947217	4115122	4279049	4438797	4594210	4746189	4894070	5038286	5178151	5313680	5444612	5570288	8968357	
A	29	1	2	3	4	5	6	7	8	9	10	11	12	13	14	15	16	17	18	19	20	21	22	23	24	25	26	27	28	29	30	31	32	33	34	35	36	37	38	39	40	
A	29	4647	39588	108765	229396	373175	455551	545456	644122	752953	999128	1137102	1284363	1439481	1602339	1773090	1949912	2131060	2317102	2504680	2693855	2883695	3073782	3262776	3450076	3635561	3817753	3996812	4171477	4343162	4510223	4671899	4829327	4982836	5131020	5274489	5412783	5546725	5675634	5800366	8924167	
A	30	1	2	3	4	5	6	7	8	9	10	11	12	13	14	15	16	17	18	19	20	21	22	23	24	25	26	27	28	29	30	31	32	33	34	35	36	37	38	39	40	
A	30	4885	39628	109382	230947	376353	459641	551638	653042	763669	1014275	1154143	1303281	1461839	1627417	1800513	1979178	2162770	2349992	2539859	2731905	2924316	3117179	3309519	3499155	3686627	3870213	4051131	4228247	4402268	4571077	4735403	4896422	5051763	5201978	5347065	5488074	5623817	5755111	5881596	8968038	
A	31	1	2	3	4	5	6	7	8	9	10	11	12	13	14	15	16	17	18	19	20	21	22	23	24	25	26	27	28	29	30	31	32	33	34	35	36	37	38	39	40	
A	31	5585	45689	122927	254273	411372	501893	601728	711212	830468	1102183	1253785	1415694	1586261	1765241	1951413	2143226	2340271	2540629	2742626	2945822	3149196	3350970	3551242	3748644	3942969	4133476	4320193	4501261	4677804	4849257	5015364	5175614	5330834	5480819	5624872	5764116	5898730	6027559	6150921	8944854	
A	32	1	2	3	4	5	6	7	8	9	10	11	12	13	14	15	16	17	18	19	20	21	22	23	24	25	26	27	28	29	30	31	32	33	34	35	36	37	38	39	40	
A	32	6601	51363	135532	275748	445212	543394	652021	770670	900296	1194181	1356362	1529739	1711932	1901606	2098618	2301069	2506961	2715833	2926085	3136460	3345154	3552531	3757223	3958523	4155287	4348618	4536023	4718799	4896685	5068259	5234531	5394397	5549064	5697547	5840373	5976989	6108854	6234670	6355736	8964696	
A	33	1	2	3	4	5	6	7	8	9	10	11	12	13	14	15	16	17	18	19	20	21	22	23	24	25	26	27	28	29	30	31	32	33	34	35	36	37	38	39	40	
A	33	9010	66918	168187	332278	532392	648820	777934	919974	1073545	1418764	1607604	1806305	2012936	2226223	2445132	2667154	2892206	3116691	3340666	3563039	3782745	3998198	4208635	4414181	4614114	4807886	4994930	5175441	5348970	5515335	5675587	5828947	5975301	6115079	6248710	6376134	6497671	6612751	6722356	8871174	
A	34	1	2	3	4	5	6	7	8	9	10	11	12	13	14	15	16	17	18	19	20	21	22	23	24	25	26	27	28	29	30	31	32	33	34	35	36	37	38	39	40	
A	34	9632	70756	176004	345501	553697	674283	807821	954491	1112934	1467106	1660547	1864210	2076176	2295471	2519616	2747007	2976395	3206526	3434695	3659670	3882566	4100520	4314104	4521918	4723495	4917820	5105571	5285971	5459449	5626410	5785958	5938526	6084004	6222751	6354377	6480134	6600123	6714227	6822127	8870431	
A	35	1	2	3	4	5	6	7	8	9	10	11	12	13	14	15	16	17	18	19	20	21	22	23	24	25	26	27	28	29	30	31	32	33	34	35	36	37	38	39	40	
A	35	11341	78865	193112	373356	596084	726227	870133	1028946	1203341	1593687	1808259	2033954	2268144	2508376	2754969	3004034	3254881	3503880	3750237	3992060	4229138	4459649	4683178	4898955	5106385	5306383	5495805	5677439	5850843	6015397	6171727	6320494	6460919	6594031	6719550	6837726	6949628	7054969	7154549	8871808	
A	36	1	2	3	4	5	6	7	8	9	10	11	12	13	14	15	16	17	18	19	20	21	22	23	24	25	26	27	28	29	30	31	32	33	34	35	36	37	38	39	40	
A	36	13081	91135	219040	417144	661977	805436	962791	1137022	1324810	1741775	1968040	2203532	2446200	2694786	2947161	3200478	3453041	3703317	3950177	4191758	4427093	4654983	4875144	5086894	5289573	5483648	5668627	5845029	6012136	6170872	6320861	6463470	6598381	6726049	6846336	6959774	7066646	7166565	7260298	8827709	
A	37	1	2	3	4	5	6	7	8	9	10	11	12	13	14	15	16	17	18	19	20	21	22	23	24	25	26	27	28	29	30	31	32	33	34	35	36	37	38	39	40	
A	37	15226	102990	242693	457817	726139	882934	1055263	1243801	1447975	1898734	2142827	2397904	2658429	2923784	3191517	3458365	3723375	3983678	4238524	4486189	4725586	4956392	5178079	5389616	5591322	5782168	5963494	6135083	6296935	6448994	6592759	6727454	6854788	6973338	7084860	7188983	7287256	7379184	7464820	8812168	
A	38	1	2	3	4	5	6	7	8	9	10	11	12	13	14	15	16	17	18	19	20	21	22	23	24	25	26	27	28	29	30	31	32	33	34	35	36	37	38	39	40	
A	38	17578	115022	264913	492456	776617	942930	1126567	1327086	1543869	2022116	2280937	2547467	2820931	3098620	3377716	3655650	3929623	4197525	4458574	4711268	4953508	5186000	5407769	5618690	5817912	6006575	6185369	6351875	6508443	6655434	6793269	6921740	7041273	7153502	7257469	7354889	7445918	7530383	7609256	8755357	
A	39	1	2	3	4	5	6	7	8	9	10	11	12	13	14	15	16	17	18	19	20	21	22	23	24	25	26	27	28	29	30	31	32	33	34	35	36	37	38	39	40	
A	39	19733	126892	290188	534252	838729	1016970	1212322	1425540	1654256	2153301	2419393	2693207	2972477	3253996	3534750	3813573	4087759	4354862	4612808	4862713	5102685	5331639	5550139	5757082	5952561	6136928	6309537	6472025	6623262	6766085	6898460	7022693	7138184	7246269	7346366	7439477	7526530	7607643	7682824	8754453	
A	40	1	2	3	4	5	6	7	8	9	10	11	12	13	14	15	16	17	18	19	20	21	22	23	24	25	26	27	28	29	30	31	32	33	34	35	36	37	38	39	40	
A	40	22845	142794	321246	585616	916192	1109228	1321660	1552306	1800342	2339601	2625132	2918149	3214878	3513537	3808368	4097393	4380140	4655191	4918485	5170506	5410646	5638050	5853073	6055787	6244801	6422972	6588543	6743202	6886652	7019713	7143655	7258963	7365271	7464128	7555925	7640542	7718721	7790706	7857681	8752432	
A	41	1	2	3	4	5	6	7	8	9	10	11	12	13	14	15	16	17	18	19	20	21	22	23	24	25	26	27	28	29	30	31	32	33	34	35	36	37	38	39	40	
A	41	25592	153166	338807	613014	957974	1159306	1380544	1619182	1875839	2432983	2727945	3028699	3332792	3636763	3937601	4232968	4520238	4797991	5064956	5318285	5559791	5787779	6003297	6204485	6392786	6567595	6730762	6882536	7022921	7152446	7272315	7382924	7485162	7579300	7665724	7746174	7819670	7887606	7949681	8740365	
A	42	1	2	3	4	5	6	7	8	9	10	11	12	13	14	15	16	17	18	19	20	21	22	23	24	25	26	27	28	29	30	31	32	33	34	35	36	37	38	39	40	
A	42	28653	170260	373805	670873	1041167	1255173	1487512	1737453	2003281	2569747	2864682	3163173	3462904	3759625	4053219	4339954	4617179	4884593	5139875	5382665	5612803	5830711	6036790	6230003	6409785	6578174	6734640	6880686	7016669	7141680	7257908	7365238	7465074	7557155	7642620	7721169	7793476	7859759	7921212	8712140	
A	43	1	2	3	4	5	6	7	8	9	10	11	12	13	14	15	16	17	18	19	20	21	22	23	24	25	26	27	28	29	30	31	32	33	34	35	36	37	38	39	40	
A	43	32383	188374	405814	717695	1107337	1332826	1577791	1840583	2119404	2712761	3021403	3331930	3642155	3949567	4250439	4542872	4825771	5098081	5356868	5602080	5832839	6050506	6253142	6441560	6618249	6782102	6933652	7074012	7203930	7323663	7433878	7535181	7628843	7714017	7792845	7865414	7931861	7992863	8049106	8731310	
T	0	2	3	4	5	6	7	8	9	10	11	12	13	14	15	16	17	18	19	20	21	22	23	24	25	26	27	28	29	30	31	32	33	34	35	36	37	38	39	40	
T	0	10892	32956	79619	127783	152568	177852	203569	230100	286040	315217	345462	376627	409341	443385	478716	515174	553202	592348	632790	675104	718203	762612	807411	853770	900993	949083	998031	1047674	1098202	1149211	1200979	1253061	1305034	1357729	1410973	1464508	1518401	1571783	9530912	
T	1	2	3	4	5	6	7	8	9	10	11	12	13	14	15	16	17	18	19	20	21	22	23	24	25	26	27	28	29	30	31	32	33	34	35	36	37	38	39	40	
T	1	4424	18557	54878	92754	112453	132848	153579	175169	220554	244390	269436	295094	321613	349062	377510	407237	437191	468067	499901	532441	566099	600243	634867	670694	706975	744037	781024	818567	856767	895093	933805	972766	1012036	1051070	1090604	1130129	1169573	1209026	8664793	
T	2	2	3	4	5	6	7	8	9	10	11	12	13	14	15	16	17	18	19	20	21	22	23	24	25	26	27	28	29	30	31	32	33	34	35	36	37	38	39	40	
T	2	12005	34668	79341	124617	148192	171573	195721	220788	272510	299369	327203	355467	384369	414104	444715	475718	507231	539617	572381	605932	639972	674551	709063	744524	780135	815989	852192	888650	925184	962281	999324	1036152	1073140	1110289	1147265	1184163	1220852	1257613	8795214	
T	3	2	3	4	5	6	7	8	9	10	11	12	13	14	15	16	17	18	19	20	21	22	23	24	25	26	27	28	29	30	31	32	33	34	35	36	37	38	39	40	
T	3	8502	27651	69100	111215	132623	153892	175821	198008	243107	266603	290620	314848	339549	364458	390322	416498	442868	470066	498005	526276	554983	584505	614387	644751	675716	706770	737841	769532	801802	834369	867294	900571	934399	968016	1001843	1036101	1070242	1104586	8932895	
T	4	2	3	4	5	6	7	8	9	10	11	12	13	14	15	16	17	18	19	20	21	22	23	24	25	26	27	28	29	30	31	32	33	34	35	36	37	38	39	40	
T	4	6615	24070	64363	106317	127737	149510	171780	194444	240893	264765	289091	313725	338721	364820	391214	418184	445708	473614	502153	530978	560564	590215	620570	651299	682350	714029	745890	778124	810775	843898	877336	910542	944680	978976	1013443	1047848	1082849	1117935	9154339	
T	5	2	3	4	5	6	7	8	9	10	11	12	13	14	15	16	17	18	19	20	21	22	23	24	25	26	27	28	29	30	31	32	33	34	35	36	37	38	39	40	
T	5	5098	20434	58141	97328	117403	137587	158707	180259	224638	247504	271082	295221	319889	344818	370753	397348	424193	451693	479814	508627	537765	567424	597150	627653	658462	689559	721080	753211	785393	817955	850625	883768	916976	950591	984209	1018041	1052146	1086346	8684147	
T	6	2	3	4	5	6	7	8	9	10	11	12	13	14	15	16	17	18	19	20	21	22	23	24	25	26	27	28	29	30	31	32	33	34	35	36	37	38	39	40	
T	6	7563	25985	67455	109829	131348	153422	175728	198327	244631	268420	292357	317123	342120	367959	394388	421220	448532	476299	504438	533041	562298	591710	621924	652767	683657	715015	746846	778835	811533	843981	876944	909776	943376	977109	1011018	1044737	1079173	1113481	8997359	
T	7	2	3	4	5	6	7	8	9	10	11	12	13	14	15	16	17	18	19	20	21	22	23	24	25	26	27	28	29	30	31	32	33	34	35	36	37	38	39	40	
T	7	8028	27452	69912	113852	136396	159129	182381	206090	254193	278867	304195	330107	356434	383136	410504	438112	466478	495194	524395	554055	584163	614551	645511	676454	707911	740011	772711	805238	838713	872114	905603	939425	973702	1007688	1042357	1076975	1111800	1146811	8909694	
T	8	2	3	4	5	6	7	8	9	10	11	12	13	14	15	16	17	18	19	20	21	22	23	24	25	26	27	28	29	30	31	32	33	34	35	36	37	38	39	40	
T	8	5408	21949	62847	105120	126833	148777	171036	194301	241846	266237	291361	316902	343225	369992	397423	425420	454043	483004	512355	542428	573001	604111	635722	667851	700349	733171	766348	799763	833482	867767	902082	936794	971530	1006710	1041891	1077354	1113238	1149019	9039196	
T	9	2	3	4	5	6	7	8	9	10	11	12	13	14	15	16	17	18	19	20	21	22	23	24	25	26	27	28	29	30	31	32	33	34	35	36	37	38	39	40	
T	9	6351	23835	66370	111247	134394	158048	182472	207794	259766	286878	314730	343304	372293	401914	432197	462917	494572	526515	559004	591935	625543	659461	693250	727555	762048	796815	831634	867097	902353	938234	973399	1009175	1045154	1081121	1116968	1152757	1188411	1223779	8846429	
T	10	2	3	4	5	6	7	8	9	10	11	12	13	14	15	16	17	18	19	20	21	22	23	24	25	26	27	28	29	30	31	32	33	34	35	36	37	38	39	40	
T	10	6118	24097	67147	111536	134322	157455	181059	205068	254648	280168	306155	332710	359940	387940	416208	445268	474948	504926	535668	566897	598575	630548	663111	696019	729987	763548	797493	831986	866746	902135	937530	973691	1010130	1046321	1082743	1119068	1156031	1193073	8896238	
T	11	2	3	4	5	6	7	8	9	10	11	12	13	14	15	16	17	18	19	20	21	22	23	24	25	26	27	28	29	30	31	32	33	34	35	36	37	38	39	40	
T	11	6586	25199	69383	114867	137977	161644	185644	210379	261039	286983	313675	340948	368692	396846	425832	454924	485049	515533	546954	578829	611027	643778	677182	710723	744639	778987	813971	849358	885056	921401	957543	994469	1031889	1068703	1106321	1144469	1182520	1220486	8873499	
T	12	2	3	4	5	6	7	8	9	10	11	12	13	14	15	16	17	18	19	20	21	22	23	24	25	26	27	28	29	30	31	32	33	34	35	36	37	38	39	40	
T	12	7876	28780	75832	124516	149585	175074	200682	226919	280880	308435	336202	364864	393944	423829	454356	485420	516868	549103	581849	615177	649095	683004	717690	752866	788367	824186	860500	896871	933862	971066	1008789	1047044	1084943	1123415	1162287	1201195	1240311	1279687	8934230	
T	13	2	3	4	5	6	7	8	9	10	11	12	13	14	15	16	17	18	19	20	21	22	23	24	25	26	27	28	29	30	31	32	33	34	35	36	37	38	39	40	
T	13	6999	26962	75083	125002	150321	176265	202668	230101	286398	315394	345239	375762	406401	438140	470941	504652	538267	573083	608102	643821	679963	716739	754391	792171	830488	869367	908646	948010	988380	1028627	1068986	1109907	1151436	1192737	1234351	1275757	1317685	1359633	8913804	
T	14	2	3	4	5	6	7	8	9	10	11	12	13	14	15	16	17	18	19	20	21	22	23	24	25	26	27	28	29	30	31	32	33	34	35	36	37	38	39	40	
T	14	7035	27809	77109	127966	153935	180582	207848	235589	292638	322730	353282	384018	415697	448367	481408	515572	550198	585462	621195	657886	694946	732822	770952	809994	849518	889542	929820	970259	1011425	1052924	1094989	1137541	1180064	1222788	1265605	1308749	1352304	1396031	8921484	
T	15	2	3	4	5	6	7	8	9	10	11	12	13	14	15	16	17	18	19	20	21	22	23	24	25	26	27	28	29	30	31	32	33	34	35	36	37	38	39	40	
T	15	7659	29319	81198	134701	162270	190358	219340	248923	309883	341403	373828	407123	441179	476160	511873	547915	584740	622374	660594	699538	739055	778953	820026	860851	902602	944651	987255	1030258	1073635	1117618	1161699	1206518	1251056	1295718	1340821	1386197	1431593	1477246	8922644	
T	16	2	3	4	5	6	7	8	9	10	11	12	13	14	15	16	17	18	19	20	21	22	23	24	25	26	27	28	29	30	31	32	33	34	35	36	37	38	39	40	
T	16	8365	31210	84904	139857	167966	196584	226037	255967	317967	349870	382386	415734	450337	485234	520758	557585	594676	632864	671528	711123	751243	791781	833321	874886	917291	960437	1003485	1047635	1092183	1137190	1182104	1227743	1273746	1319840	1366118	1412885	1459778	1506863	8960776	
T	17	2	3	4	5	6	7	8	9	10	11	12	13	14	15	16	17	18	19	20	21	22	23	24	25	26	27	28	29	30	31	32	33	34	35	36	37	38	39	40	
T	17	9201	33446	90030	147931	177593	207284	237646	268685	332903	366025	400011	434916	470440	506760	543720	581865	620550	659868	700145	741078	783024	825486	868742	912200	956591	1001573	1046954	1093111	1139898	1186926	1234519	1282410	1330642	1379285	1428097	1477349	1527184	1576880	8975885	
T	18	2	3	4	5	6	7	8	9	10	11	12	13	14	15	16	17	18	19	20	21	22	23	24	25	26	27	28	29	30	31	32	33	34	35	36	37	38	39	40	
T	18	10131	35984	94434	153706	183823	214558	245985	277869	344223	378593	413497	449190	485598	522829	561213	600358	640391	681316	723048	765776	808984	853336	898276	943886	990222	1036905	1084291	1132329	1181075	1229835	1279654	1329687	1380210	1430482	1481927	1533535	1585268	1637586	8986692	
T	19	2	3	4	5	6	7	8	9	10	11	12	13	14	15	16	17	18	19	20	21	22	23	24	25	26	27	28	29	30	31	32	33	34	35	36	37	38	39	40	
T	19	11080	38536	99231	161484	193264	225022	257565	290786	359374	394872	430756	467663	505862	544951	584594	625029	666793	709203	752106	796001	840915	887224	933892	981236	1029484	1078466	1128543	1179000	1229658	1280999	1332385	1385059	1437858	1491442	1545249	1599742	1654157	1708993	8989561	
T	20	2	3	4	5	6	7	8	9	10	11	12	13	14	15	16	17	18	19	20	21	22	23	24	25	26	27	28	29	30	31	32	33	34	35	36	37	38	39	40	
T	20	11606	40543	104635	169672	202322	235876	269840	304696	377196	414783	452994	492340	532777	574454	616868	660187	704271	749331	795441	842651	890667	939608	990099	1041330	1092842	1144726	1197732	1251235	1305562	1359995	1415320	1471446	1527966	1584601	1641935	1699541	1757490	1815861	8973010	
T	21	2	3	4	5	6	7	8	9	10	11	12	13	14	15	16	17	18	19	20	21	22	23	24	25	26	27	28	29	30	31	32	33	34	35	36	37	38	39	40	
T	21	12790	44123	111134	179714	214539	249673	285633	322436	398540	438050	478327	519564	561680	605001	649570	695243	741723	789416	837704	887513	937868	989571	1041985	1095468	1149501	1204312	1259982	1316197	1373048	1430719	1488562	1547191	1606173	1666301	1726335	1786978	1847361	1907781	8990006	
T	22	2	3	4	5	6	7	8	9	10	11	12	13	14	15	16	17	18	19	20	21	22	23	24	25	26	27	28	29	30	31	32	33	34	35	36	37	38	39	40	
T	22	16411	52438	124984	198514	235776	273479	312047	351274	432669	474828	517976	562004	607394	653841	701468	750250	800395	851317	903866	956790	1010866	1065896	1121665	1178241	1235771	1293901	1353372	1413618	1474497	1535645	1597758	1660258	1723102	1786660	1850539	1914539	1979636	2044018	9010265	
T	23	2	3	4	5	6	7	8	9	10	11	12	13	14	15	16	17	18	19	20	21	22	23	24	25	26	27	28	29	30	31	32	33	34	35	36	37	38	39	40	
T	23	17616	56031	132702	210191	249609	289643	330839	372617	459689	504685	550541	597956	646630	696709	747829	800294	853902	909070	965035	1021965	1080215	1139881	1199975	1261784	1324046	1387017	1450797	1515730	1581314	1647761	1713772	1781225	1848980	1917249	1986209	2055375	2124672	2194241	9014704	
T	24	2	3	4	5	6	7	8	9	10	11	12	13	14	15	16	17	18	19	20	21	22	23	24	25	26	27	28	29	30	31	32	33	34	35	36	37	38	39	40	
T	24	16429	54804	134282	214885	256300	298513	341336	385543	478139	526242	576254	627832	680551	734783	790652	848126	906663	966344	1027454	1090210	1153750	1218555	1284613	1351268	1418740	1487474	1557063	1627378	1698086	1769833	1841863	1914599	1987678	2061060	2135087	2208909	2283283	2357077	9003952	
T	25	0	1	2	3	4	5	6	7	8	9	10	11	12	13	14	15	16	17	18	19	20	21	22	23	24	25	26	27	28	29	30	31	32	33	34	35	36	37	38	39	40	
T	25	102	2963	21824	63727	147307	231508	274364	318048	362023	407850	502613	551799	602037	654279	708122	763228	820255	878911	938578	1000078	1062868	1126924	1191959	1258501	1326729	1395649	1465543	1536488	1608860	1681690	1755167	1829921	1904962	1980451	2056967	2133971	2211269	2288756	2366966	2445207	9034778	
T	26	0	1	2	3	4	5	6	7	8	9	10	11	12	13	14	15	16	17	18	19	20	21	22	23	24	25	26	27	28	29	30	31	32	33	34	35	36	37	38	39	40	
T	26	128	3454	24808	70499	159084	247919	293109	339001	385656	433902	533842	586200	640136	695391	752810	811884	872778	935260	999221	1065278	1131791	1200455	1270188	1340990	1413200	1486260	1559931	1635437	1711637	1789335	1867520	1946914	2025886	2105830	2186160	2267036	2348232	2430223	2511777	2593809	9017431	
T	27	0	1	2	3	4	5	6	7	8	9	10	11	12	13	14	15	16	17	18	19	20	21	22	23	24	25	26	27	28	29	30	31	32	33	34	35	36	37	38	39	40	
T	27	128	4349	28506	78021	171766	266132	313245	361887	411254	461689	566354	621303	677526	735512	794984	856578	919204	983381	1049842	1118471	1188209	1259163	1331724	1405816	1480491	1556482	1633992	1712815	1792590	1872795	1953902	2035846	2118464	2201527	2284896	2368636	2452864	2538183	2623245	2708422	9060395	
T	28	0	1	2	3	4	5	6	7	8	9	10	11	12	13	14	15	16	17	18	19	20	21	22	23	24	25	26	27	28	29	30	31	32	33	34	35	36	37	38	39	40	
T	28	148	4742	31043	84408	183341	283434	334572	386695	440008	494912	610472	671208	734384	798820	865353	934302	1004919	1077732	1152283	1228445	1306161	1385974	1467297	1549685	1632864	1717913	1803415	1889814	1976876	2064297	2152622	2241516	2330793	2420034	2509763	2599529	2689642	2780502	2870411	2959985	9071093	
T	29	0	1	2	3	4	5	6	7	8	9	10	11	12	13	14	15	16	17	18	19	20	21	22	23	24	25	26	27	28	29	30	31	32	33	34	35	36	37	38	39	40	
T	29	183	5510	34593	92948	198696	304760	358094	412487	467383	524509	643247	705426	769593	835475	903542	973848	1045794	1119878	1196059	1273580	1352892	1434019	1517469	1601943	1687681	1774653	1863280	1952229	2041998	2132958	2224776	2317343	2409950	2503662	2597019	2691654	2785974	2880606	2974936	3068861	9116367	
T	30	0	1	2	3	4	5	6	7	8	9	10	11	12	13	14	15	16	17	18	19	20	21	22	23	24	25	26	27	28	29	30	31	32	33	34	35	36	37	38	39	40	
T	30	168	5937	37043	99448	211735	325184	382693	441451	501835	564467	695727	764491	835535	909269	985325	1063942	1144702	1227993	1313632	1400197	1488977	1580127	1671816	1765141	1860245	1956361	2053419	2150990	2249574	2348532	2448592	2548875	2649724	2749965	2850615	2951062	3051727	3152210	3251959	3351639	9093463	
T	31	0	1	2	3	4	5	6	7	8	9	10	11	12	13	14	15	16	17	18	19	20	21	22	23	24	25	26	27	28	29	30	31	32	33	34	35	36	37	38	39	40	
T	31	210	6932	42029	110523	230479	350421	411493	473244	536787	602647	739618	811672	886111	963376	1043178	1125065	1209152	1295679	1383982	1474952	1567762	1662692	1758500	1856263	1955515	2055662	2156631	2258889	2361809	2465448	2569675	2674076	2779008	2884519	2988777	3093860	3198276	3302907	3406485	3509172	9114622	
T	32	0	1	2	3	4	5	6	7	8	9	10	11	12	13	14	15	16	17	18	19	20	21	22	23	24	25	26	27	28	29	30	31	32	33	34	35	36	37	38	39	40	
T	32	228	8222	48649	124855	255288	385764	451720	519128	588232	659886	810706	889419	970896	1055356	1142254	1231795	1324198	1418830	1515813	1614584	1715525	1817545	1920947	2025620	2131563	2238651	2346217	2454926	2563598	2673504	2783103	2892754	3002275	3111289	3219696	3327851	3435754	3543216	3649365	3755123	9132784	
T	33	0	1	2	3	4	5	6	7	8	9	10	11	12	13	14	15	16	17	18	19	20	21	22	23	24	25	26	27	28	29	30	31	32	33	34	35	36	37	38	39	40	
T	33	274	10715	59132	143780	280762	416848	485169	554266	624951	697262	847055	926338	1007379	1091407	1178160	1267946	1359614	1453950	1550495	1648679	1749682	1852269	1956299	2061699	2168291	2276225	2385143	2495154	2606529	2717206	2827987	2940005	3051789	3164061	3276100	3388321	3499086	3609289	3719249	3828241	9165809	
T	34	0	1	2	3	4	5	6	7	8	9	10	11	12	13	14	15	16	17	18	19	20	21	22	23	24	25	26	27	28	29	30	31	32	33	34	35	36	37	38	39	40	
T	34	308	12175	64514	156835	304602	451381	525270	600342	677810	757691	924467	1012065	1102812	1196340	1292600	1391714	1493542	1597513	1704527	1812944	1924287	2036585	2150843	2266968	2383826	2502013	2620940	2740114	2859331	2978827	3099217	3219207	3338867	3458161	3577538	3695371	3813155	3929869	4045567	4159931	9186100	
T	35	0	1	2	3	4	5	6	7	8	9	10	11	12	13	14	15	16	17	18	19	20	21	22	23	24	25	26	27	28	29	30	31	32	33	34	35	36	37	38	39	40	
T	35	350	15156	76509	180613	342347	502813	584412	667191	751891	839170	1023521	1119931	1219890	1323677	1429799	1538648	1649764	1763657	1880539	1998985	2119579	2241884	2365456	2489771	2615134	2741147	2866839	2992915	3119368	3245949	3372621	3498073	3623505	3747513	3870780	3992741	4113854	4233771	4352820	4469163	9234085	
T	36	0	1	2	3	4	5	6	7	8	9	10	11	12	13	14	15	16	17	18	19	20	21	22	23	24	25	26	27	28	29	30	31	32	33	34	35	36	37	38	39	40	
T	36	371	16842	84484	196167	365613	532968	617686	703613	792222	883747	1074565	1175374	1278784	1386251	1496312	1609718	1725571	1844278	1965114	2088384	2213737	2340270	2468070	2597400	2726881	2857545	2988753	3119601	3250121	3380529	3511019	3640541	3769854	3897846	4025000	4150732	4274756	4397076	4518404	4638419	9248418	
T	37	0	1	2	3	4	5	6	7	8	9	10	11	12	13	14	15	16	17	18	19	20	21	22	23	24	25	26	27	28	29	30	31	32	33	34	35	36	37	38	39	40	
T	37	439	19492	95960	220251	404321	584279	674863	766679	860830	957704	1159508	1266184	1375016	1487808	1604144	1722566	1843829	1967452	2094163	2222786	2353272	2485531	2618205	2752763	2887110	3022848	3158147	3293595	3428477	3563568	3697610	3831133	3963812	4094994	4225022	4353499	4480056	4606083	4730181	4851974	9323509	
T	38	0	1	2	3	4	5	6	7	8	9	10	11	12	13	14	15	16	17	18	19	20	21	22	23	24	25	26	27	28	29	30	31	32	33	34	35	36	37	38	39	40	
T	38	414	23427	111239	249167	445186	634353	729262	825384	923382	1024842	1236971	1347744	1461951	1580201	1701126	1825742	1952692	2082702	2215337	2350148	2486245	2624621	2763071	2902361	3042616	3183217	3323937	3465135	3605677	3745854	3885145	4023601	4159716	4295345	4429728	4562182	4693198	4821765	4948851	5073268	9330866	
T	39	0	1	2	3	4	5	6	7	8	9	10	11	12	13	14	15	16	17	18	19	20	21	22	23	24	25	26	27	28	29	30	31	32	33	34	35	36	37	38	39	40	
T	39	473	26228	121684	270391	479673	684408	787286	891451	998526	1108155	1338065	1458473	1582660	1710972	1842346	1976914	2114375	2253911	2396539	2540989	2687365	2834467	2981794	3129885	3279040	3428418	3576801	3725924	3873392	4019692	4164338	4308341	4450689	4590523	4727661	4863366	4997604	5129042	5258145	5384174	9395555	
T	40	0	1	2	3	4	5	6	7	8	9	10	11	12	13	14	15	16	17	18	19	20	21	22	23	24	25	26	27	28	29	30	31	32	33	34	35	36	37	38	39	40	
T	40	551	31659	141940	309408	538490	763833	877613	992896	1111178	1234903	1492062	1627855	1766580	1908865	2054678	2203614	2353982	2506591	2660105	2814545	2968723	3124233	3279098	3433551	3587480	3740481	3891792	4041018	4188674	4334802	4477729	4618490	4757076	4893375	5027138	5158346	5286332	5411683	5534548	5653991	9415239	
T	41	0	1	2	3	4	5	6	7	8	9	10	11	12	13	14	15	16	17	18	19	20	21	22	23	24	25	26	27	28	29	30	31	32	33	34	35	36	37	38	39	40	
T	41	585	34994	155572	332948	570757	803741	921263	1040999	1163627	1290802	1556918	1696148	1839635	1987606	2138051	2292112	2448466	2607777	2768242	2930551	3093959	3258353	3421985	3585465	3748976	3910937	4071487	4231569	4389660	4544986	4697933	4849079	4997586	5143507	5286246	5425126	5562021	5695314	5825448	5952025	9432898	
T	42	0	1	2	3	4	5	6	7	8	9	10	11	12	13	14	15	16	17	18	19	20	21	22	23	24	25	26	27	28	29	30	31	32	33	34	35	36	37	38	39	40	
T	42	579	40437	176750	376671	636665	890650	1018056	1147052	1279144	1415984	1701654	1851807	2004618	2161400	2321667	2485463	2651695	2820050	2990148	3161003	3332086	3503752	3675110	3845035	4013420	4181021	4346478	4511018	4672495	4832132	4988457	5141527	5291447	5438746	5583023	5723058	5859516	5992825	6122209	6248515	9535978	
T	43	0	1	2	3	4	5	6	7	8	9	10	11	12	13	14	15	16	17	18	19	20	21	22	23	24	25	26	27	28	29	30	31	32	33	34	35	36	37	38	39	40	
T	43	620	47849	200064	411402	678927	943053	1077116	1214391	1355537	1502109	1808798	1971013	2136638	2306652	2479868	2656178	2834249	3015156	3196719	3378720	3561193	3743296	3924160	4102923	4280631	4455153	4628057	4798145	4965908	5128961	5289670	5446511	5599138	5747832	5892671	6033138	6169691	6302054	6429719	6553739	9464771	
G	0	2	3	4	5	6	7	8	9	10	11	12	13	14	15	16	17	18	19	20	21	22	23	24	25	26	27	28	29	30	31	32	33	34	35	36	37	38	39	40	
G	0	5667	16469	40911	65667	78246	90820	103631	116458	142245	155284	168877	182552	196612	210969	225668	240596	256403	272425	288920	305880	323087	340747	359036	377610	396281	415482	434989	454823	474772	495430	516031	536813	557814	579162	600804	622696	644412	666352	5417641	
G	1	2	3	4	5	6	7	8	9	10	11	12	13	14	15	16	17	18	19	20	21	22	23	24	25	26	27	28	29	30	31	32	33	34	35	36	37	38	39	40	
G	1	2173	10273	32615	55551	67122	79060	91231	103517	128608	141464	154747	168083	182015	196603	211156	226263	241736	257576	274152	290946	308133	325688	343509	362001	380613	399711	418824	438485	458073	478223	498436	518847	539722	560445	581542	602550	623832	645348	6299877	
G	2	2	3	4	5	6	7	8	9	10	11	12	13	14	15	16	17	18	19	20	21	22	23	24	25	26	27	28	29	30	31	32	33	34	35	36	37	38	39	40	
G	2	7439	19566	46031	72723	85952	99506	113074	126605	153944	167960	181916	195957	210426	225016	240144	255628	271515	287341	303536	320267	337214	354393	371760	389546	407712	426173	444571	463381	482409	501505	520797	540273	560074	580061	600244	620458	640548	660934	6584189	
G	3	2	3	4	5	6	7	8	9	10	11	12	13	14	15	16	17	18	19	20	21	22	23	24	25	26	27	28	29	30	31	32	33	34	35	36	37	38	39	40	
G	3	4695	14704	39473	63575	75484	87498	99280	110782	133914	145504	156998	168439	179752	191147	202756	214369	226341	238301	250452	262610	275236	287826	300627	313911	327136	340819	354610	368446	382904	397498	412050	427104	442199	457516	473048	488815	504691	520901	6772660	
G	4	2	3	4	5	6	7	8	9	10	11	12	13	14	15	16	17	18	19	20	21	22	23	24	25	26	27	28	29	30	31	32	33	34	35	36	37	38	39	40	
G	4	3171	12139	35583	58921	70607	82221	93597	104742	127148	138437	149580	160655	171758	182906	194065	205496	216609	228040	239713	251277	263067	275138	287177	299462	311767	324456	337280	350317	363208	376608	390143	403943	417754	432126	446521	461251	475938	491047	6725935	
G	5	2	3	4	5	6	7	8	9	10	11	12	13	14	15	16	17	18	19	20	21	22	23	24	25	26	27	28	29	30	31	32	33	34	35	36	37	38	39	40	
G	5	2502	11214	34558	58092	69769	81453	93089	104857	128026	139793	151869	163552	175541	187747	200176	212535	224916	237919	250993	264111	277752	291540	305528	319740	334068	348783	363554	378866	394371	410063	426067	442306	458651	475216	492105	508961	526058	543577	6888666	
G	6	2	3	4	5	6	7	8	9	10	11	12	13	14	15	16	17	18	19	20	21	22	23	24	25	26	27	28	29	30	31	32	33	34	35	36	37	38	39	40	
G	6	3986	13743	38415	62873	75039	87211	99150	111096	134874	146576	158309	170253	182060	193997	206017	218073	230379	242638	255086	267867	280797	293916	307342	320975	334551	348596	362768	377095	391636	406507	421607	436889	452233	467963	483724	499848	516256	532572	6870301	
G	7	2	3	4	5	6	7	8	9	10	11	12	13	14	15	16	17	18	19	20	21	22	23	24	25	26	27	28	29	30	31	32	33	34	35	36	37	38	39	40	
G	7	4719	15353	41143	67029	79991	92739	105280	117856	142732	155127	167603	180154	192512	205089	217828	230678	243642	256711	269844	283320	296783	310664	324600	338728	353234	367805	382637	397561	412830	428474	444296	460252	476208	492690	508988	525943	542722	559714	6739602	
G	8	2	3	4	5	6	7	8	9	10	11	12	13	14	15	16	17	18	19	20	21	22	23	24	25	26	27	28	29	30	31	32	33	34	35	36	37	38	39	40	
G	8	2494	11360	35784	60053	72136	83994	95955	108070	132060	143773	155815	167863	179772	191631	203915	216379	228928	241401	254188	267425	280638	294316	308105	321918	336181	350448	365351	380266	395445	411000	426632	442730	458851	475184	491541	508449	525203	542263	6679067	
G	9	2	3	4	5	6	7	8	9	10	11	12	13	14	15	16	17	18	19	20	21	22	23	24	25	26	27	28	29	30	31	32	33	34	35	36	37	38	39	40	
G	9	3268	13157	39437	66209	79788	93185	106831	120435	148215	162262	176364	190768	205114	220089	235094	250177	265677	281248	297731	314135	330639	347420	364368	381925	399632	417421	435624	454084	472421	491075	510045	529138	548380	567746	587387	607202	627135	647397	6731781	
G	10	2	3	4	5	6	7	8	9	10	11	12	13	14	15	16	17	18	19	20	21	22	23	24	25	26	27	28	29	30	31	32	33	34	35	36	37	38	39	40	
G	10	2831	12674	38437	64730	77728	90867	103834	116800	142787	155898	169007	181837	195063	208395	221916	235425	249171	263124	277292	291754	306189	321002	335954	351496	367360	383269	399615	416142	432736	449714	466986	484488	502387	520455	538789	557441	576441	595329	6743990	
G	11	2	3	4	5	6	7	8	9	10	11	12	13	14	15	16	17	18	19	20	21	22	23	24	25	26	27	28	29	30	31	32	33	34	35	36	37	38	39	40	
G	11	3151	13364	40345	67538	81232	94885	108399	121995	149273	162694	176160	189953	203643	217360	231400	245715	260147	274825	289586	304869	320130	335808	351693	367807	384429	401254	418488	435663	453389	471412	489875	508314	527333	546539	566009	585865	605860	626096	6753579	
G	12	2	3	4	5	6	7	8	9	10	11	12	13	14	15	16	17	18	19	20	21	22	23	24	25	26	27	28	29	30	31	32	33	34	35	36	37	38	39	40	
G	12	3821	15122	44280	73586	88094	102597	117056	131581	160599	175160	189906	204572	219396	234412	249640	265068	280600	296334	312542	328807	345390	362172	379467	396647	414516	432612	450893	469439	488217	507437	526945	546971	567115	587561	608196	629225	650369	671904	6706134	
G	13	2	3	4	5	6	7	8	9	10	11	12	13	14	15	16	17	18	19	20	21	22	23	24	25	26	27	28	29	30	31	32	33	34	35	36	37	38	39	40	
G	13	3371	14583	44487	74720	89956	105059	120468	136136	167578	183450	199361	215652	231766	248230	264950	282059	299555	317103	335289	353903	372374	391571	410937	430664	450390	470737	491751	513036	534661	556568	578967	601533	624437	647706	671364	695155	719065	743477	6681129	
G	14	2	3	4	5	6	7	8	9	10	11	12	13	14	15	16	17	18	19	20	21	22	23	24	25	26	27	28	29	30	31	32	33	34	35	36	37	38	39	40	
G	14	3533	15254	45923	77077	92916	108887	124921	140743	173291	189758	206173	222954	239659	257109	274645	292401	310533	329092	347858	366933	386456	406375	426654	447320	468351	489784	511719	534173	556797	580008	603912	627946	652391	677406	702423	728434	754535	780902	6671670	
G	15	2	3	4	5	6	7	8	9	10	11	12	13	14	15	16	17	18	19	20	21	22	23	24	25	26	27	28	29	30	31	32	33	34	35	36	37	38	39	40	
G	15	3828	16340	49137	82914	99910	117054	134533	151981	187514	205761	224291	243377	262641	282239	302392	322822	343284	364431	385941	407800	430340	453300	476647	500437	524988	549712	574825	600700	626862	653139	680410	707885	735845	764033	792344	821295	850475	880099	6670555	
G	16	2	3	4	5	6	7	8	9	10	11	12	13	14	15	16	17	18	19	20	21	22	23	24	25	26	27	28	29	30	31	32	33	34	35	36	37	38	39	40	
G	16	4260	17343	51165	86325	104110	122176	140464	158653	195680	214492	233777	253304	273120	293348	313798	334950	356571	378826	401189	424086	447422	470886	495375	520651	546291	572134	598305	625426	652906	680908	709245	737728	767019	796491	826403	856866	887972	919564	6681549	
G	17	2	3	4	5	6	7	8	9	10	11	12	13	14	15	16	17	18	19	20	21	22	23	24	25	26	27	28	29	30	31	32	33	34	35	36	37	38	39	40	
G	17	4584	18572	54248	91217	109981	128818	147905	167309	206638	227140	247545	268488	289799	311398	333227	355837	378753	402351	426405	451016	476357	502034	528133	554808	582398	610292	639202	668421	698470	728800	759544	790786	822706	854688	887127	920198	953717	987793	6681489	
G	18	2	3	4	5	6	7	8	9	10	11	12	13	14	15	16	17	18	19	20	21	22	23	24	25	26	27	28	29	30	31	32	33	34	35	36	37	38	39	40	
G	18	5018	19686	56923	95532	115331	135267	155591	175992	217443	238869	260597	282595	305119	328283	351907	375947	400628	425970	451908	478282	505209	532952	561075	589893	619192	649116	679759	710786	742993	775654	808973	842889	877169	912061	947477	983293	1019493	1056615	6672710	
G	19	2	3	4	5	6	7	8	9	10	11	12	13	14	15	16	17	18	19	20	21	22	23	24	25	26	27	28	29	30	31	32	33	34	35	36	37	38	39	40	
G	19	5558	21054	60589	101806	122490	143796	165301	187080	231938	254841	278332	302193	326699	351975	377375	403805	430561	458250	486165	515009	544425	574919	606111	637886	670616	703921	737807	772197	807431	843394	880102	917437	955116	993438	1031922	1071770	1111805	1152120	6687069	
G	20	2	3	4	5	6	7	8	9	10	11	12	13	14	15	16	17	18	19	20	21	22	23	24	25	26	27	28	29	30	31	32	33	34	35	36	37	38	39	40	
G	20	6022	22763	64989	108505	130855	153628	177202	200893	249712	275079	300874	327628	354785	382629	411342	440985	471027	501532	533051	565752	599086	633097	668032	703469	739984	777021	815386	854275	893926	934539	975764	1017239	1059300	1102394	1145872	1189819	1234274	1279179	6686405	
G	21	2	3	4	5	6	7	8	9	10	11	12	13	14	15	16	17	18	19	20	21	22	23	24	25	26	27	28	29	30	31	32	33	34	35	36	37	38	39	40	
G	21	6577	24849	69947	117424	142007	166987	192567	218484	272679	300883	329822	359422	389624	421046	453390	486509	520505	555544	591310	628055	665859	704793	744130	784207	825311	867622	910560	953907	998154	1043238	1088867	1135202	1182210	1229830	1277617	1326136	1375078	1424198	6683037	
G	22	2	3	4	5	6	7	8	9	10	11	12	13	14	15	16	17	18	19	20	21	22	23	24	25	26	27	28	29	30	31	32	33	34	35	36	37	38	39	40	
G	22	8851	29658	78863	130396	156982	184365	212460	241240	300660	331558	363355	396341	430059	465014	500761	537190	574782	613474	653234	694150	736003	778862	822488	867071	912755	959567	1006706	1055102	1103877	1153447	1203840	1254974	1305903	1357714	1410117	1462827	1516049	1569893	6662303	
G	23	2	3	4	5	6	7	8	9	10	11	12	13	14	15	16	17	18	19	20	21	22	23	24	25	26	27	28	29	30	31	32	33	34	35	36	37	38	39	40	
G	23	9441	32093	84704	140390	169366	199239	229762	261436	327069	361510	396893	433413	470952	509627	549371	589812	632146	675120	719596	764846	811200	859256	908086	957864	1008836	1060650	1112858	1165981	1220321	1274801	1330065	1385842	1442432	1499471	1556639	1614475	1672712	1731410	6656175	
G	24	2	3	4	5	6	7	8	9	10	11	12	13	14	15	16	17	18	19	20	21	22	23	24	25	26	27	28	29	30	31	32	33	34	35	36	37	38	39	40	
G	24	9243	32471	87976	147021	177768	209987	243154	277444	349625	387321	426649	467598	510034	553551	598947	645119	692810	741956	792217	843660	896509	950535	1005959	1061924	1119138	1176990	1235866	1295517	1355581	1416715	1478179	1540357	1602585	1665400	1728762	1791735	1854939	1918130	6640650	
G	25	0	1	2	3	4	5	6	7	8	9	10	11	12	13	14	15	16	17	18	19	20	21	22	23	24	25	26	27	28	29	30	31	32	33	34	35	36	37	38	39	40	
G	25	85	1709	12061	37299	95965	158846	192016	226354	261876	299125	377138	418001	460370	504081	549153	596015	644392	694124	745094	797561	851056	905914	961729	1019047	1077742	1137129	1197315	1258589	1320214	1383050	1445930	1509615	1573294	1637794	1702418	1767510	1832800	1898494	1963518	2029421	6657575	
G	26	0	1	2	3	4	5	6	7	8	9	10	11	12	13	14	15	16	17	18	19	20	21	22	23	24	25	26	27	28	29	30	31	32	33	34	35	36	37	38	39	40	
G	26	77	1968	13602	40916	104097	172145	208012	245038	283656	323667	408434	453346	500239	548662	598404	649462	702765	757519	813602	870945	929704	989235	1050701	1112881	1175962	1240704	1305557	1371453	1437706	1504927	1572861	1641075	1709749	1778208	1846819	1915677	1984697	2053597	2122601	2191585	6634515	
G	27	0	1	2	3	4	5	6	7	8	9	10	11	12	13	14	15	16	17	18	19	20	21	22	23	24	25	26	27	28	29	30	31	32	33	34	35	36	37	38	39	40	
G	27	95	2258	15407	45626	112820	185731	224577	265224	307474	350883	443002	491876	542298	595052	649687	705539	762744	821849	882737	944771	1007785	1072392	1137722	1204059	1271445	1339396	1408252	1478172	1548286	1619111	1689844	1760641	1832236	1903582	1974960	2046568	2117790	2188677	2259335	2330035	6659056	
G	28	0	1	2	3	4	5	6	7	8	9	10	11	12	13	14	15	16	17	18	19	20	21	22	23	24	25	26	27	28	29	30	31	32	33	34	35	36	37	38	39	40	
G	28	105	2599	17170	49512	121818	201120	243769	288498	335232	383957	487846	543266	600551	660113	721180	785180	850640	917334	985720	1056043	1127483	1200482	1274258	1348922	1424789	1500963	1577682	1655160	1732646	1810299	1888130	1965726	2044149	2121866	2199682	2276429	2352878	2428549	2504027	2577938	6639727	
G	29	0	1	2	3	4	5	6	7	8	9	10	11	12	13	14	15	16	17	18	19	20	21	22	23	24	25	26	27	28	29	30	31	32	33	34	35	36	37	38	39	40	
G	29	131	2768	19067	54629	133227	219706	266509	315540	367271	420724	535426	595854	658469	723262	789821	858523	928881	1000798	1074132	1148455	1224225	1300575	1377544	1455797	1534348	1612508	1691695	1771526	1851181	1930590	2010218	2089754	2168974	2247387	2325714	2403398	2480749	2556877	2632524	2706601	6646927	
G	30	0	1	2	3	4	5	6	7	8	9	10	11	12	13	14	15	16	17	18	19	20	21	22	23	24	25	26	27	28	29	30	31	32	33	34	35	36	37	38	39	40	
G	30	135	3187	21004	59627	144018	237810	288687	342184	398208	457134	583422	650705	720477	793047	867014	943531	1021282	1100506	1181040	1262773	1346471	1430356	1514839	1599576	1684959	1770782	1856417	1941988	2027004	2112131	2197299	2281846	2365655	2449021	2531614	2613097	2693213	2773054	2851460	2928961	6618924	
G	31	0	1	2	3	4	5	6	7	8	9	10	11	12	13	14	15	16	17	18	19	20	21	22	23	24	25	26	27	28	29	30	31	32	33	34	35	36	37	38	39	40	
G	31	146	3524	22772	64611	156390	259519	315795	374800	436934	502103	641610	715754	791149	869531	949936	1032008	1114972	1199544	1285617	1372373	1460354	1548936	1637227	1725054	1814091	1902907	1991614	2080100	2167598	2254647	2340602	2426212	2510952	2594890	2677896	2759559	2840856	2921071	3000133	3078321	6626560	
G	32	0	1	2	3	4	5	6	7	8	9	10	11	12	13	14	15	16	17	18	19	20	21	22	23	24	25	26	27	28	29	30	31	32	33	34	35	36	37	38	39	40	
G	32	150	4145	26705	74149	175389	290277	353494	419817	489914	563015	720194	802254	887264	973946	1062839	1152923	1245030	1337985	1431726	1525497	1619848	1714727	1809139	1903585	1996971	2090836	2183676	2275054	2366446	2456538	2546010	2634049	2720165	2805140	2888868	2971665	3052991	3133701	3212529	3289740	6587626	
G	33	0	1	2	3	4	5	6	7	8	9	10	11	12	13	14	15	16	17	18	19	20	21	22	23	24	25	26	27	28	29	30	31	32	33	34	35	36	37	38	39	40	
G	33	169	5430	31965	82947	190153	311636	377454	447048	520146	596206	758085	843053	930912	1020915	1112024	1204873	1298466	1392845	1487561	1582636	1678118	1773403	1868901	1963347	2057177	2150531	2242180	2333853	2424255	2513664	2601381	2689157	2775219	2860503	2943967	3025817	3106447	3185961	3263613	3339962	6585428	
G	34	0	1	2	3	4	5	6	7	8	9	10	11	12	13	14	15	16	17	18	19	20	21	22	23	24	25	26	27	28	29	30	31	32	33	34	35	36	37	38	39	40	
G	34	240	5933	35100	92232	209787	343577	417149	494971	576188	661095	840456	934657	1029978	1127387	1226400	1326364	1426427	1527053	1627564	1728465	1828189	1927611	2026962	2125839	2223276	2319252	2414515	2508577	2601088	2692462	2782619	2871278	2958139	3043455	3127097	3209116	3289863	3368894	3446626	3522713	6561078	
G	35	0	1	2	3	4	5	6	7	8	9	10	11	12	13	14	15	16	17	18	19	20	21	22	23	24	25	26	27	28	29	30	31	32	33	34	35	36	37	38	39	40	
G	35	230	7555	42400	107540	239144	390750	473109	559932	651016	746315	945145	1048089	1153047	1258553	1365757	1472698	1579386	1685980	1792483	1898926	2003620	2107352	2210173	2311566	2411401	2509179	2605960	2700919	2794622	2886730	2977305	3065236	3151355	3236358	3319619	3400122	3479828	3557787	3634215	3708916	6560155	
G	36	0	1	2	3	4	5	6	7	8	9	10	11	12	13	14	15	16	17	18	19	20	21	22	23	24	25	26	27	28	29	30	31	32	33	34	35	36	37	38	39	40	
G	36	259	7978	45471	114226	252209	411056	497812	589432	685016	784308	993452	1101803	1211274	1322113	1432808	1543685	1654133	1764394	1874682	1983382	2091121	2197211	2302450	2405771	2506552	2606363	2704102	2799873	2894396	2986795	3077055	3165746	3252601	3337591	3420106	3500706	3580053	3657739	3733089	3806831	6548672	
G	37	0	1	2	3	4	5	6	7	8	9	10	11	12	13	14	15	16	17	18	19	20	21	22	23	24	25	26	27	28	29	30	31	32	33	34	35	36	37	38	39	40	
G	37	314	8736	50596	126329	278224	451540	545995	645612	750041	857633	1081690	1196933	1313384	1431168	1547758	1664062	1780235	1895571	2009727	2122607	2233536	2342729	2450120	2555673	2659765	2761122	2860521	2957564	3052534	3145776	3236725	3325661	3412585	3497182	3579894	3660971	3739343	3816508	3891260	3964112	6552693	
G	38	0	1	2	3	4	5	6	7	8	9	10	11	12	13	14	15	16	17	18	19	20	21	22	23	24	25	26	27	28	29	30	31	32	33	34	35	36	37	38	39	40	
G	38	283	10251	56873	137953	298690	482832	583314	688949	798892	912103	1147148	1268064	1389518	1511849	1633597	1754767	1874766	1993083	2110653	2226717	2340330	2452321	2561792	2668989	2773656	2876445	2976992	3074744	3170286	3263674	3354453	3443091	3529524	3613966	3695924	3776113	3853891	3929423	4003027	4074656	6505479	
G	39	0	1	2	3	4	5	6	7	8	9	10	11	12	13	14	15	16	17	18	19	20	21	22	23	24	25	26	27	28	29	30	31	32	33	34	35	36	37	38	39	40	
G	39	351	11867	63756	153231	327733	527531	636833	751901	870557	993299	1246826	1376334	1506743	1636271	1765141	1893264	2019992	2145489	2268938	2389554	2507512	2623521	2736865	2847280	2954617	3059396	3161726	3261228	3358603	3453094	3544660	3634302	3720938	3805270	3887532	3967176	4044977	4120430	4193456	4264465	6535681	
G	40	0	1	2	3	4	5	6	7	8	9	10	11	12	13	14	15	16	17	18	19	20	21	22	23	24	25	26	27	28	29	30	31	32	33	34	35	36	37	38	39	40	
G	40	405	14137	74857	175204	366729	587268	707811	834386	965294	1100162	1377610	1518510	1659157	1799238	1938617	2075331	2210488	2342072	2470995	2596574	2719276	2838440	2953988	3066498	3175045	3280238	3382412	3480290	3575777	3667779	3756238	3841964	3924633	4005376	4082790	4157529	4229976	4300235	4367506	4432745	6520651	
G	41	0	1	2	3	4	5	6	7	8	9	10	11	12	13	14	15	16	17	18	19	20	21	22	23	24	25	26	27	28	29	30	31	32	33	34	35	36	37	38	39	40	
G	41	412	14889	80020	189229	393014	626911	754210	887112	1023750	1163965	1448397	1591919	1734256	1874563	2013293	2149604	2283355	2413482	2541423	2666392	2787876	2905720	3020181	3131133	3239317	3344568	3445872	3544173	3639338	3731992	3821422	3908708	3992360	4073923	4153411	4230242	4304806	4377027	4446383	4513737	6510144	
G	42	0	1	2	3	4	5	6	7	8	9	10	11	12	13	14	15	16	17	18	19	20	21	22	23	24	25	26	27	28	29	30	31	32	33	34	35	36	37	38	39	40	
G	42	493	16405	87712	206366	428021	681997	819295	961721	1108117	1257352	1558519	1707698	1856079	2002144	2145731	2285442	2422363	2555150	2685271	2811708	2933980	3053004	3168395	3280233	3388173	3492320	3593438	3691102	3785497	3877490	3966395	4051318	4134164	4214236	4291697	4366696	4438877	4508617	4576514	4641970	6472840	
G	43	0	1	2	3	4	5	6	7	8	9	10	11	12	13	14	15	16	17	18	19	20	21	22	23	24	25	26	27	28	29	30	31	32	33	34	35	36	37	38	39	40	
G	43	499	20303	102099	229973	459795	724027	866922	1015160	1168378	1323300	1637132	1793791	1948512	2100384	2249521	2394849	2536507	2675238	2809091	2939088	3064954	3186524	3305062	3418676	3528478	3634336	3736293	3834743	3929506	4021447	4110334	4195136	4277479	4356588	4432814	4506996	4577811	4646387	4712468	4775856	6467391	
C	0	2	3	4	5	6	7	8	9	10	11	12	13	14	15	16	17	18	19	20	21	22	23	24	25	26	27	28	29	30	31	32	33	34	35	36	37	38	39	40	
C	0	16467	52152	116229	180203	212192	244021	276180	307963	373858	407506	442096	477628	514440	553010	592988	635308	679547	726013	774864	825999	879580	935390	995663	1055793	1117262	1180663	1244892	1310374	1376175	1442065	1508105	1573933	1638819	1703195	1766066	1828363	1888823	1947235	6717927	
C	1	2	3	4	5	6	7	8	9	10	11	12	13	14	15	16	17	18	19	20	21	22	23	24	25	26	27	28	29	30	31	32	33	34	35	36	37	38	39	40	
C	1	8882	34012	85386	135039	160048	184593	209142	233634	282210	306977	331938	357322	383038	408688	435127	462192	490232	519681	549423	580271	612181	645272	680747	716145	752670	790682	829213	868568	908673	949727	991743	1034134	1077005	1120454	1163908	1207787	1251372	1294796	6546296	
C	2	2	3	4	5	6	7	8	9	10	11	12	13	14	15	16	17	18	19	20	21	22	23	24	25	26	27	28	29	30	31	32	33	34	35	36	37	38	39	40	
C	2	16842	47547	106233	162418	189825	215889	241550	266426	315810	339598	363191	386716	409979	433473	457210	481200	505466	530103	555463	581563	608115	635382	664040	692415	721748	752085	782922	814474	846634	879321	912491	946171	980559	1015174	1050156	1085380	1120788	1156050	6381291	
C	3	2	3	4	5	6	7	8	9	10	11	12	13	14	15	16	17	18	19	20	21	22	23	24	25	26	27	28	29	30	31	32	33	34	35	36	37	38	39	40	
C	3	11920	37666	89465	140250	165055	189546	213586	237178	283929	306939	330309	353497	376725	400232	423958	447908	472145	496702	521654	547510	573542	600401	628528	656880	685636	715221	745337	775800	807215	839439	871857	904570	938217	972217	1006519	1041025	1075992	1110703	6571890	
C	4	2	3	4	5	6	7	8	9	10	11	12	13	14	15	16	17	18	19	20	21	22	23	24	25	26	27	28	29	30	31	32	33	34	35	36	37	38	39	40	
C	4	9374	32638	80497	127165	150006	172350	194477	216188	259904	281408	303209	324731	346610	368533	390952	413594	436402	459476	483201	507444	532224	557568	583686	610195	637075	664510	692677	721594	750854	780664	810991	841896	872773	904094	935758	967966	999844	1032150	6196754	
C	5	2	3	4	5	6	7	8	9	10	11	12	13	14	15	16	17	18	19	20	21	22	23	24	25	26	27	28	29	30	31	32	33	34	35	36	37	38	39	40	
C	5	8776	32698	81839	129563	153076	176301	199420	222422	267744	290699	313519	336664	359925	383319	406941	431021	455441	480305	506149	532821	559890	587426	616565	645498	675588	706388	737745	769873	802703	836010	869618	904129	938461	973697	1009380	1044853	1080469	1116308	6473754	
C	6	2	3	4	5	6	7	8	9	10	11	12	13	14	15	16	17	18	19	20	21	22	23	24	25	26	27	28	29	30	31	32	33	34	35	36	37	38	39	40	
C	6	10485	34802	84418	132543	156195	179628	202408	224635	269051	290836	312873	335055	356864	379317	401556	424339	447376	471059	494815	518852	543625	568877	595428	621892	648961	676652	704742	733519	763209	793209	823416	854075	885367	916918	948544	980228	1012239	1044084	6248505	
C	7	2	3	4	5	6	7	8	9	10	11	12	13	14	15	16	17	18	19	20	21	22	23	24	25	26	27	28	29	30	31	32	33	34	35	36	37	38	39	40	
C	7	11952	38396	91700	142732	167954	192537	216787	240381	287699	311287	335092	358440	381977	405772	429850	454349	478857	504183	529785	556140	582913	610060	638918	667592	697085	727292	758008	789210	820988	853545	886226	919552	953107	986950	1021239	1055578	1090269	1124763	6372880	
C	8	2	3	4	5	6	7	8	9	10	11	12	13	14	15	16	17	18	19	20	21	22	23	24	25	26	27	28	29	30	31	32	33	34	35	36	37	38	39	40	
C	8	8577	32021	82141	130659	154685	178342	201470	224772	271129	294300	317471	340945	364396	388428	412400	436840	461642	486933	512664	539253	566446	594325	623129	651753	681724	712426	743283	774820	807211	839614	873015	906839	941220	975319	1010137	1044764	1079314	1114108	6445748	
C	9	2	3	4	5	6	7	8	9	10	11	12	13	14	15	16	17	18	19	20	21	22	23	24	25	26	27	28	29	30	31	32	33	34	35	36	37	38	39	40	
C	9	10614	37749	92595	145673	171493	197136	221923	246432	295818	320257	344885	369764	394646	419608	444798	470324	496750	523467	550749	578926	607509	636912	667912	699051	730459	763056	796341	830224	864651	899640	935410	971761	1008229	1044901	1081867	1119178	1156713	1194506	6543471	
C	10	2	3	4	5	6	7	8	9	10	11	12	13	14	15	16	17	18	19	20	21	22	23	24	25	26	27	28	29	30	31	32	33	34	35	36	37	38	39	40	
C	10	10351	37423	92180	145497	171868	198024	224088	250013	301995	327902	354044	380461	406930	434139	461475	489828	518485	547950	577934	608615	640110	672656	706841	740759	775747	811377	847380	884592	922168	960031	999044	1038138	1077478	1117413	1157325	1197577	1237273	1277293	6537820	
C	11	2	3	4	5	6	7	8	9	10	11	12	13	14	15	16	17	18	19	20	21	22	23	24	25	26	27	28	29	30	31	32	33	34	35	36	37	38	39	40	
C	11	11183	39751	96452	151746	179063	206229	233546	260624	314608	341718	369462	397153	425104	453264	482348	511928	542211	573212	604868	637443	670774	705171	741186	776860	813567	851244	889758	928894	968640	1009176	1050310	1092012	1133214	1175237	1217368	1259394	1301410	1343255	6542712	
C	12	2	3	4	5	6	7	8	9	10	11	12	13	14	15	16	17	18	19	20	21	22	23	24	25	26	27	28	29	30	31	32	33	34	35	36	37	38	39	40	
C	12	12450	42515	101162	158385	186749	214687	243007	270844	326929	355425	384214	413114	442240	472222	502020	532920	564266	596601	629193	662824	697441	732998	770543	807558	845492	884438	923895	964542	1005355	1046809	1088751	1131128	1173695	1216306	1259417	1302038	1344772	1387623	6501767	
C	13	2	3	4	5	6	7	8	9	10	11	12	13	14	15	16	17	18	19	20	21	22	23	24	25	26	27	28	29	30	31	32	33	34	35	36	37	38	39	40	
C	13	11150	40009	97489	153828	181725	209159	236803	263979	318800	346389	374104	401877	430034	458625	487674	517129	547663	579351	611419	644190	677681	712575	749173	785579	822866	861224	900111	939934	980440	1021575	1063189	1105196	1147945	1191282	1234748	1278574	1322177	1366159	6525754	
C	14	2	3	4	5	6	7	8	9	10	11	12	13	14	15	16	17	18	19	20	21	22	23	24	25	26	27	28	29	30	31	32	33	34	35	36	37	38	39	40	
C	14	11226	40129	99246	156378	184852	213466	241666	269598	326419	355012	383816	412820	442357	472321	502899	534473	567119	600148	634292	669075	705244	741805	780348	819660	859234	899885	941402	983568	1026702	1069957	1114374	1158995	1204229	1249751	1295318	1341316	1387434	1433448	6534461	
C	15	2	3	4	5	6	7	8	9	10	11	12	13	14	15	16	17	18	19	20	21	22	23	24	25	26	27	28	29	30	31	32	33	34	35	36	37	38	39	40	
C	15	11811	42097	102584	161520	190405	219136	247864	276496	334032	362762	391901	421631	451634	482006	512825	544884	577502	611046	645056	680654	717093	754485	793896	833313	874198	915285	957553	1000801	1045099	1090480	1136244	1182574	1229528	1276646	1324442	1372146	1420685	1469544	6549174	
C	16	2	3	4	5	6	7	8	9	10	11	12	13	14	15	16	17	18	19	20	21	22	23	24	25	26	27	28	29	30	31	32	33	34	35	36	37	38	39	40	
C	16	13201	46130	109349	171763	203127	233880	264680	295627	357845	389583	421572	453771	486790	520556	554969	590295	626324	663586	702103	742066	782597	824278	868104	911841	957344	1004037	1050930	1099160	1148055	1198097	1248647	1299387	1350784	1402645	1455069	1507666	1560604	1613028	6529747	
C	17	2	3	4	5	6	7	8	9	10	11	12	13	14	15	16	17	18	19	20	21	22	23	24	25	26	27	28	29	30	31	32	33	34	35	36	37	38	39	40	
C	17	14753	50062	116413	181774	214507	246706	279173	312066	378785	412791	447464	482512	518152	554610	591531	629308	668723	709256	751024	794403	838381	883854	931698	979717	1028636	1078848	1129999	1182211	1235602	1289179	1343889	1398827	1454414	1510508	1566774	1623524	1680073	1736684	6538200	
C	18	2	3	4	5	6	7	8	9	10	11	12	13	14	15	16	17	18	19	20	21	22	23	24	25	26	27	28	29	30	31	32	33	34	35	36	37	38	39	40	
C	18	15791	52935	121049	188793	222900	256666	291061	325660	395806	431991	468890	505918	544121	583180	623479	665070	707927	751797	796888	843485	891306	940442	992315	1043991	1097232	1151962	1207321	1263598	1320778	1378484	1436948	1496261	1556061	1615816	1675939	1736189	1796412	1856380	6538493	
C	19	2	3	4	5	6	7	8	9	10	11	12	13	14	15	16	17	18	19	20	21	22	23	24	25	26	27	28	29	30	31	32	33	34	35	36	37	38	39	40	
C	19	18013	58184	129748	200366	235836	271513	307550	343978	418540	456956	496197	536021	576749	618477	661320	705198	750597	797590	845698	896255	947420	999925	1054917	1110543	1167470	1225666	1284540	1344585	1405404	1467085	1529589	1593353	1656544	1720109	1784089	1848588	1912928	1977521	6551554	
C	20	2	3	4	5	6	7	8	9	10	11	12	13	14	15	16	17	18	19	20	21	22	23	24	25	26	27	28	29	30	31	32	33	34	35	36	37	38	39	40	
C	20	18018	58660	131728	204176	240754	277316	314370	352463	429843	470100	510550	552222	595389	639113	684413	731096	779003	828700	879484	932471	987015	1043140	1101934	1161487	1221716	1283796	1346655	1410643	1475754	1541444	1608290	1675857	1743968	1812417	1881243	1950367	2019352	2088483	6531574	
C	21	2	3	4	5	6	7	8	9	10	11	12	13	14	15	16	17	18	19	20	21	22	23	24	25	26	27	28	29	30	31	32	33	34	35	36	37	38	39	40	
C	21	19726	62776	138398	213965	252061	290186	329040	368253	449641	491774	535127	579345	624951	671676	719918	769607	821137	874417	929492	986414	1045184	1105669	1169059	1232580	1297755	1364428	1432517	1501383	1571501	1642694	1714648	1786977	1859803	1932972	2006346	2080104	2153326	2226755	6533183	
C	22	2	3	4	5	6	7	8	9	10	11	12	13	14	15	16	17	18	19	20	21	22	23	24	25	26	27	28	29	30	31	32	33	34	35	36	37	38	39	40	
C	22	25378	74681	155625	237272	278284	319810	361329	403832	491900	537535	584307	632421	681791	732663	785328	840075	896448	955129	1015663	1078250	1142476	1208593	1278114	1347778	1418798	1491418	1565299	1640842	1717767	1794883	1872271	1950726	2029388	2108177	2187176	2265859	2344307	2422142	6542963	
C	23	2	3	4	5	6	7	8	9	10	11	12	13	14	15	16	17	18	19	20	21	22	23	24	25	26	27	28	29	30	31	32	33	34	35	36	37	38	39	40	
C	23	25549	76089	159541	243937	286953	329932	374099	419344	512522	561108	611263	663137	717078	772651	829552	888144	949625	1013496	1079190	1147620	1217368	1289092	1365059	1440739	1518728	1598248	1679557	1761663	1844736	1928329	2012976	2098193	2184531	2270477	2356338	2442198	2527937	2613066	6546186	
C	24	2	3	4	5	6	7	8	9	10	11	12	13	14	15	16	17	18	19	20	21	22	23	24	25	26	27	28	29	30	31	32	33	34	35	36	37	38	39	40	
C	24	24359	74834	158084	242775	286150	330091	374848	420455	516604	567355	619539	673130	728726	786506	847025	909540	974207	1041665	1111116	1183953	1258846	1335995	1416867	1499205	1582884	1668498	1755426	1843697	1933447	2023352	2114008	2205499	2297321	2388629	2480348	2572028	2662955	2753458	6536541	
C	25	0	1	2	3	4	5	6	7	8	9	10	11	12	13	14	15	16	17	18	19	20	21	22	23	24	25	26	27	28	29	30	31	32	33	34	35	36	37	38	39	40	
C	25	261	6217	35279	91308	180865	272418	319119	367411	416327	466511	573186	629414	687848	748245	810889	875645	942930	1013447	1086583	1162328	1241054	1323156	1406959	1493578	1582989	1673755	1766249	1860402	1955802	2052101	2149508	2246948	2344510	2442641	2540042	2637168	2733895	2829040	2923553	3016821	6522363	
C	26	0	1	2	3	4	5	6	7	8	9	10	11	12	13	14	15	16	17	18	19	20	21	22	23	24	25	26	27	28	29	30	31	32	33	34	35	36	37	38	39	40	
C	26	281	7348	40590	101098	195118	290904	340215	390654	442535	496047	608874	668811	730690	794646	861467	931438	1003657	1078767	1157462	1239433	1324005	1411336	1501254	1593857	1689751	1785739	1884339	1984145	2084965	2186512	2288642	2391516	2493793	2595877	2697408	2798502	2898828	2997823	3095294	3190905	6504846	
C	27	0	1	2	3	4	5	6	7	8	9	10	11	12	13	14	15	16	17	18	19	20	21	22	23	24	25	26	27	28	29	30	31	32	33	34	35	36	37	38	39	40	
C	27	305	8842	46047	111843	210871	313116	366197	420564	476968	535151	658268	723468	791965	862808	936299	1012918	1092551	1175753	1261754	1351218	1443262	1538984	1636685	1736433	1840595	1945161	2050361	2156839	2264009	2371515	2480166	2587892	2695461	2802228	2908511	3013939	3117147	3219225	3319606	3417778	6513542	
C	28	0	1	2	3	4	5	6	7	8	9	10	11	12	13	14	15	16	17	18	19	20	21	22	23	24	25	26	27	28	29	30	31	32	33	34	35	36	37	38	39	40	
C	28	364	9633	49202	116978	218593	323846	378854	434940	493461	554386	683761	753218	824803	899718	977029	1058543	1143621	1231871	1323502	1418756	1517005	1618666	1723101	1829736	1939473	2049522	2161194	2273885	2387299	2500530	2614101	2726712	2839277	2950718	3061023	3169013	3275348	3379262	3482025	3581524	6514190	
C	29	0	1	2	3	4	5	6	7	8	9	10	11	12	13	14	15	16	17	18	19	20	21	22	23	24	25	26	27	28	29	30	31	32	33	34	35	36	37	38	39	40	
C	29	367	10869	53897	126434	232277	342031	399877	459985	521588	585963	723986	797790	875271	956422	1040355	1127659	1218582	1313537	1411620	1513481	1617976	1726375	1836956	1949950	2066009	2182192	2300254	2418540	2537185	2656255	2774228	2890909	3006923	3121058	3233592	3344662	3452694	3559289	3663222	3764464	6504983	
C	30	0	1	2	3	4	5	6	7	8	9	10	11	12	13	14	15	16	17	18	19	20	21	22	23	24	25	26	27	28	29	30	31	32	33	34	35	36	37	38	39	40	
C	30	414	11070	54800	128574	236556	349322	408619	469417	532879	599490	741623	817843	897953	981122	1068611	1160455	1256062	1355455	1459106	1566453	1676851	1791264	1908295	2027621	2150572	2273750	2398278	2522724	2647293	2771002	2894446	3016832	3137456	3255980	3372357	3486654	3598404	3706144	3811480	3914298	6516420	
C	31	0	1	2	3	4	5	6	7	8	9	10	11	12	13	14	15	16	17	18	19	20	21	22	23	24	25	26	27	28	29	30	31	32	33	34	35	36	37	38	39	40	
C	31	518	12815	61756	140991	255742	376029	439546	505942	574847	646598	802609	886568	974912	1066789	1163122	1264183	1369403	1478690	1592744	1710521	1831307	1955526	2082088	2210467	2341949	2472188	2603160	2734357	2864026	2993857	3121229	3247595	3370646	3491793	3609333	3724427	3835558	3944310	4049046	4150361	6509996	
C	32	0	1	2	3	4	5	6	7	8	9	10	11	12	13	14	15	16	17	18	19	20	21	22	23	24	25	26	27	28	29	30	31	32	33	34	35	36	37	38	39	40	
C	32	545	14767	69407	154660	275859	403115	471052	541681	615931	693895	862045	952970	1048483	1148558	1253085	1362616	1476212	1594844	1717487	1843849	1973818	2106962	2242007	2378696	2517541	2655185	2791883	2928706	3063967	3197116	3328982	3457061	3582449	3705144	3824657	3939528	4051850	4159980	4263750	4363468	6509283	
C	33	0	1	2	3	4	5	6	7	8	9	10	11	12	13	14	15	16	17	18	19	20	21	22	23	24	25	26	27	28	29	30	31	32	33	34	35	36	37	38	39	40	
C	33	667	18587	84335	178913	308359	446884	521316	599294	681217	767398	954637	1055763	1161628	1273215	1389261	1509677	1634355	1764036	1897597	2034334	2172892	2314265	2456427	2600350	2745178	2887575	3028261	3168225	3305515	3440231	3571737	3700210	3825096	3946350	4062267	4174025	4281314	4384661	4483094	4577663	6469769	
C	34	0	1	2	3	4	5	6	7	8	9	10	11	12	13	14	15	16	17	18	19	20	21	22	23	24	25	26	27	28	29	30	31	32	33	34	35	36	37	38	39	40	
C	34	656	20310	90547	189339	325097	471497	549997	632690	720302	812472	1013354	1122337	1236852	1356798	1481586	1611824	1746396	1885320	2028480	2175228	2322592	2472967	2624016	2774646	2926565	3075222	3222714	3366594	3507951	3645954	3780133	3909708	4035032	4156021	4272160	4382932	4489272	4590817	4687406	4779815	6492472	
C	35	0	1	2	3	4	5	6	7	8	9	10	11	12	13	14	15	16	17	18	19	20	21	22	23	24	25	26	27	28	29	30	31	32	33	34	35	36	37	38	39	40	
C	35	786	24295	102659	209828	353519	509038	592675	680494	773559	873252	1088879	1206714	1329844	1459367	1592434	1730847	1874480	2022094	2173029	2326899	2482457	2638800	2795051	2950704	3107933	3260791	3410576	3557051	3699709	3838466	3972920	4102356	4227071	4347124	4461544	4570308	4674791	4773889	4867450	4956623	6509567	
C	36	0	1	2	3	4	5	6	7	8	9	10	11	12	13	14	15	16	17	18	19	20	21	22	23	24	25	26	27	28	29	30	31	32	33	34	35	36	37	38	39	40	
C	36	901	27720	115825	232164	385886	554179	646328	743630	846894	956744	1195488	1325543	1461274	1603016	1750026	1902454	2057936	2217985	2380659	2544935	2710092	2875939	3040993	3203391	3364059	3520254	3672039	3819452	3962345	4099691	4231257	4357740	4478420	4593518	4702529	4805555	4903117	4995227	5081692	5163363	6472208	
C	37	0	1	2	3	4	5	6	7	8	9	10	11	12	13	14	15	16	17	18	19	20	21	22	23	24	25	26	27	28	29	30	31	32	33	34	35	36	37	38	39	40	
C	37	994	31020	127583	251120	414840	596499	695560	800958	912658	1032292	1291906	1433402	1580375	1733054	1890347	2052637	2218804	2387773	2558763	2730388	2901324	3072329	3240193	3405097	3567566	3724507	3876387	4023439	4164462	4299440	4427732	4550335	4666381	4776479	4880796	4978947	5071274	5158177	5239720	5315924	6484514	
C	38	0	1	2	3	4	5	6	7	8	9	10	11	12	13	14	15	16	17	18	19	20	21	22	23	24	25	26	27	28	29	30	31	32	33	34	35	36	37	38	39	40	
C	38	1050	37883	146252	278627	452968	646095	751968	864742	984588	1111662	1389026	1538704	1695390	1857049	2023580	2194557	2368075	2544158	2722170	2899531	3075164	3249721	3420460	3587119	3751370	3907844	4059608	4204395	4342558	4474883	4601456	4720668	4833452	4939657	5039686	5133082	5220755	5302536	5379218	5451001	6485922	
C	39	0	1	2	3	4	5	6	7	8	9	10	11	12	13	14	15	16	17	18	19	20	21	22	23	24	25	26	27	28	29	30	31	32	33	34	35	36	37	38	39	40	
C	39	1225	39628	155157	295428	478823	685545	799939	922067	1052285	1191083	1492555	1655411	1824303	1999370	2178274	2360840	2545214	2730560	2916510	3101052	3282365	3461686	3635193	3804450	3968846	4126011	4276441	4419073	4554318	4682804	4803276	4916814	5024063	5124313	5217464	5304354	5385594	5461384	5532204	5597437	6484967	
C	40	0	1	2	3	4	5	6	7	8	9	10	11	12	13	14	15	16	17	18	19	20	21	22	23	24	25	26	27	28	29	30	31	32	33	34	35	36	37	38	39	40	
C	40	1200	46243	174056	326184	524217	747990	871470	1003847	1145282	1295180	1620310	1794250	1974523	2159679	2348258	2539191	2730916	2922866	3113984	3302633	3487017	3667704	3841706	4010557	4173986	4328083	4474655	4613640	4744770	4868902	4984751	5092621	5193771	5287577	5374723	5455549	5530953	5600724	5665405	5724716	6486473	
C	41	0	1	2	3	4	5	6	7	8	9	10	11	12	13	14	15	16	17	18	19	20	21	22	23	24	25	26	27	28	29	30	31	32	33	34	35	36	37	38	39	40	
C	41	1368	49639	185390	343558	549784	785153	916705	1056634	1207619	1367518	1713890	1899704	2090055	2285193	2482461	2681742	2881383	3080347	3276018	3468577	3655438	3837636	4012436	4180756	4342452	4493546	4636969	4772567	4900056	5018049	5129286	5232295	5328136	5417335	5499716	5575410	5645411	5710206	5769488	5824343	6494125	
C	42	0	1	2	3	4	5	6	7	8	9	10	11	12	13	14	15	16	17	18	19	20	21	22	23	24	25	26	27	28	29	30	31	32	33	34	35	36	37	38	39	40	
C	42	1424	56329	205314	375884	598223	854294	997325	1150208	1314061	1487135	1860819	2058349	2261373	2467213	2673438	2879995	3084915	3287359	3487360	3680677	3868458	4048626	4220627	4383888	4540087	4685510	4822406	4950457	5069572	5180100	5282619	5377952	5465662	5545959	5620084	5687887	5750112	5807401	5859572	5907452	6460950	
C	43	0	1	2	3	4	5	6	7	8	9	10	11	12	13	14	15	16	17	18	19	20	21	22	23	24	25	26	27	28	29	30	31	32	33	34	35	36	37	38	39	40	
C	43	1457	66200	230499	411907	645179	912759	1062718	1222396	1393982	1575105	1966933	2173981	2385405	2599271	2813941	3027557	3239777	3447340	3650550	3848061	4037449	4218535	4391603	4555679	4711251	4855398	4990000	5114786	5230068	5337283	5436957	5528206	5611700	5688114	5758215	5822556	5881186	5935127	5983870	6028227	6520732	
N	0	
N	0	
N	1	
N	1	
N	2	
N	2	
N	3	
N	3	
N	4	
N	4	
N	5	
N	5	
N	6	
N	6	
N	7	
N	7	
N	8	
N	8	
N	9	
N	9	
N	10	
N	10	
N	11	
N	11	
N	12	
N	12	
N	13	
N	13	
N	14	
N	14	
N	15	
N	15	
N	16	
N	16	
N	17	
N	17	
N	18	
N	18	
N	19	
N	19	
N	20	
N	20	
N	21	
N	21	
N	22	
N	22	
N	23	
N	23	
N	24	
N	24	
N	25	0	1	
N	25	932	987	
N	26	0	1	
N	26	3895	96860	
N	27	0	1	
N	27	5778	5969	
N	28	0	1	
N	28	8357	8465	
N	29	0	1	
N	29	8948	9388	
N	30	0	1	
N	30	876	4987	
N	31	0	1	
N	31	3634	5800	
N	32	0	1	
N	32	3638	7443	
N	33	0	1	
N	33	12439	109652	
N	34	0	1	
N	34	9810	91751	
N	35	0	1	
N	35	19049	26217	
N	36	0	1	
N	36	19568	104825	
N	37	0	1	
N	37	21096	28948	
N	38	0	1	
N	38	19003	124208	
N	39	0	1	
N	39	17573	31176	
N	40	0	1	
N	40	13928	27037	
N	41	0	1	
N	41	11829	24300	
N	42	0	1	
N	42	10431	19924	
N	43	0	1	
N	43	8416	17628	
