.	0	2	3	4	5	6	7	8	9	10	11	12	13	14	15	16	17	18	19	20	21	22	23	24	25	26	27	28	29	30	31	32	33	34	35	36	37	38	39	40	
.	0	157877	192929	295371	397125	448230	563488	672864	796820	948958	1041704	1115675	1187006	1257018	1340311	1417244	1509803	1607412	1705177	1834200	1953019	2096323	2210451	2372499	2539758	2714183	2915035	3196600	3517360	3945764	4571240	5870708	14099193	14211799	14328302	14448265	14573275	14700974	14832998	56541053	
.	1	2	3	4	5	6	7	8	9	10	11	12	13	14	15	16	17	18	19	20	21	22	23	24	25	26	27	28	29	30	31	32	33	34	35	36	37	38	39	40	
.	1	198799	243856	382706	516308	614844	751241	891888	1028708	1209791	1305149	1394520	1487425	1581665	1690423	1802963	1925223	2058270	2188336	2352886	2504645	2678211	2856523	3070639	3279589	3545691	3829165	4221017	4670246	5243965	6227123	7701262	12133792	14720754	14847241	14977165	15110455	15246960	15386215	56541053	
.	2	2	3	4	5	6	7	8	9	10	11	12	13	14	15	16	17	18	19	20	21	22	23	24	25	26	27	28	29	30	31	32	33	34	35	36	37	38	39	40	
.	2	228515	275424	419090	557092	663962	811569	966294	1112816	1304350	1405452	1499896	1598023	1696868	1811362	1929122	2056476	2195335	2330867	2499643	2657532	2838195	3021509	3243524	3464114	3737318	4029565	4434246	4894248	5476017	6446900	7941125	12248605	14645631	14763211	14884021	15007975	15134957	15264412	56541053	
.	3	2	3	4	5	6	7	8	9	10	11	12	13	14	15	16	17	18	19	20	21	22	23	24	25	26	27	28	29	30	31	32	33	34	35	36	37	38	39	40	
.	3	252471	298865	441491	578284	683063	829893	982924	1127083	1313190	1410230	1501127	1595665	1691330	1801736	1915443	2038746	2173170	2302500	2465583	2616321	2789711	2967211	3180913	3393331	3656816	3941627	4337433	4787769	5362437	6326311	7796586	12025590	14393167	14488421	14585690	14684411	14784929	14887882	56541053	
.	4	2	3	4	5	6	7	8	9	10	11	12	13	14	15	16	17	18	19	20	21	22	23	24	25	26	27	28	29	30	31	32	33	34	35	36	37	38	39	40	
.	4	275897	326928	491520	639823	759096	921010	1083002	1232974	1435274	1542118	1645387	1752582	1861633	1985758	2115603	2253970	2404537	2552859	2734226	2906491	3099356	3297871	3533842	3771041	4057514	4366616	4788095	5267723	5874162	6869527	8366314	12570206	14896998	15020499	15146312	15273643	15403799	15535435	56541053	
.	5	2	3	4	5	6	7	8	9	10	11	12	13	14	15	16	17	18	19	20	21	22	23	24	25	26	27	28	29	30	31	32	33	34	35	36	37	38	39	40	
.	5	300672	362072	535323	704034	829324	991503	1162041	1323153	1551228	1672536	1791059	1915666	2043631	2190477	2343730	2508937	2690621	2871495	3088895	3301462	3538748	3784407	4074866	4368808	4716436	5092632	5585573	6145824	6842343	7938474	9562640	13849809	16030774	16221526	16416307	16614563	16814644	17017208	56541053	
.	6	2	3	4	5	6	7	8	9	10	11	12	13	14	15	16	17	18	19	20	21	22	23	24	25	26	27	28	29	30	31	32	33	34	35	36	37	38	39	40	
.	6	330789	404318	599953	790166	927117	1099758	1283050	1457329	1716584	1853839	1991540	2136419	2287039	2458784	2638687	2831283	3042472	3255497	3505677	3752288	4026690	4310044	4640393	4975698	5365065	5782199	6319029	6928135	7673335	8818926	10490845	14749822	16894830	17120097	17348450	17578753	17809898	18042818	56541053	
.	7	2	3	4	5	6	7	8	9	10	11	12	13	14	15	16	17	18	19	20	21	22	23	24	25	26	27	28	29	30	31	32	33	34	35	36	37	38	39	40	
.	7	353759	434402	631770	821971	957745	1126624	1304443	1473015	1718076	1847094	1976933	2112627	2252285	2411617	2579684	2761944	2959529	3159148	3394844	3626807	3884951	4152852	4468156	4788206	5162681	5565460	6089248	6686337	7422819	8563821	10231969	14447540	16489558	16692910	16898330	17107513	17317377	17529381	56541053	
.	8	2	3	4	5	6	7	8	9	10	11	12	13	14	15	16	17	18	19	20	21	22	23	24	25	26	27	28	29	30	31	32	33	34	35	36	37	38	39	40	
.	8	359891	433625	639588	843885	987642	1167074	1357689	1540374	1826149	1980483	2136793	2302952	2476093	2672985	2880590	3105249	3348454	3596314	3882727	4169013	4483534	4807590	5181239	5559185	5992746	6455131	7039669	7695316	8487990	9683833	11390701	15635040	17802413	18065439	18329247	18596113	18863894	19132033	56541053	
.	9	2	3	4	5	6	7	8	9	10	11	12	13	14	15	16	17	18	19	20	21	22	23	24	25	26	27	28	29	30	31	32	33	34	35	36	37	38	39	40	
.	9	379886	456017	663800	868496	1013259	1191972	1381618	1563019	1847064	1999976	2156129	2320466	2492132	2686568	2891501	3110725	3349649	3593811	3875797	4158345	4467762	4786867	5157949	5533333	5964372	6424166	7008297	7663734	8458212	9659045	11382814	15624188	17706125	17963407	18224292	18486210	18748841	19011251	56541053	
.	10	2	3	4	5	6	7	8	9	10	11	12	13	14	15	16	17	18	19	20	21	22	23	24	25	26	27	28	29	30	31	32	33	34	35	36	37	38	39	40	
.	10	403446	486815	707006	925183	1075410	1259926	1454579	1643454	1942056	2103195	2267133	2438948	2618746	2821430	3034865	3264416	3514925	3770383	4063547	4355333	4676508	5008243	5389012	5775839	6217800	6689261	7283929	7950881	8758413	9973254	11708292	15969753	18082748	18356239	18630801	18905867	19182021	19457672	56541053	
.	11	2	3	4	5	6	7	8	9	10	11	12	13	14	15	16	17	18	19	20	21	22	23	24	25	26	27	28	29	30	31	32	33	34	35	36	37	38	39	40	
.	11	434473	534636	780085	1027790	1191277	1389635	1600824	1806266	2142442	2323390	2507756	2702016	2905838	3132835	3372640	3629613	3906836	4190510	4512942	4838036	5191583	5555841	5970386	6392030	6868173	7374414	8006217	8709402	9551893	10803026	12570579	16828333	18968301	19270622	19573950	19877372	20180977	20483355	56541053	
.	12	2	3	4	5	6	7	8	9	10	11	12	13	14	15	16	17	18	19	20	21	22	23	24	25	26	27	28	29	30	31	32	33	34	35	36	37	38	39	40	
.	12	461779	571654	837642	1108981	1287878	1501944	1732408	1959701	2353182	2569438	2794410	3033870	3287746	3569830	3868796	4188709	4534758	4889372	5285273	5685780	6114903	6556119	7050732	7551971	8108289	8695384	9407194	10192600	11116431	12456672	14314357	18627116	20732897	21097823	21460865	21822700	22180975	22536496	56541053	
.	13	2	3	4	5	6	7	8	9	10	11	12	13	14	15	16	17	18	19	20	21	22	23	24	25	26	27	28	29	30	31	32	33	34	35	36	37	38	39	40	
.	13	491797	613338	903332	1202797	1402526	1638631	1895894	2151759	2618868	2881148	3159875	3459365	3779945	4135827	4513107	4914511	5344671	5785802	6270548	6761121	7283394	7816221	8404669	8999869	9645813	10322631	11125242	12006191	13027243	14457984	16394868	20653752	22662242	23076623	23488167	23896296	24298652	24695964	56541053	
.	14	2	3	4	5	6	7	8	9	10	11	12	13	14	15	16	17	18	19	20	21	22	23	24	25	26	27	28	29	30	31	32	33	34	35	36	37	38	39	40	
.	14	523042	660094	978699	1312101	1534547	1795905	2080721	2369499	2922195	3236805	3574269	3938349	4328975	4755940	5209126	5688441	6197931	6717558	7280646	7849484	8445891	9052484	9713569	10380969	11094528	11839295	12706960	13653727	14734218	16221160	18203869	22427659	24407151	24859031	25304468	25743698	26175397	26599670	56541053	
.	15	2	3	4	5	6	7	8	9	10	11	12	13	14	15	16	17	18	19	20	21	22	23	24	25	26	27	28	29	30	31	32	33	34	35	36	37	38	39	40	
.	15	546319	689305	1015940	1357799	1584628	1850008	2138572	2428484	2982984	3296754	3633066	3996998	4385458	4811554	5264129	5741248	6251214	6773123	7338160	7908729	8509064	9118680	9785149	10455442	11173786	11924698	12799687	13756270	14847218	16349394	18358788	22573605	24477793	24929200	25375101	25813802	26246961	26673853	56541053	
.	16	2	3	4	5	6	7	8	9	10	11	12	13	14	15	16	17	18	19	20	21	22	23	24	25	26	27	28	29	30	31	32	33	34	35	36	37	38	39	40	
.	16	608222	809839	1210941	1639063	1915104	2234062	2581417	2939950	3660257	4071709	4516164	4997215	5512401	6075082	6667144	7289736	7945738	8614732	9324322	10037418	10775254	11516380	12303865	13091861	13918489	14768440	15733422	16770866	17936029	19505323	21554926	25788345	27769725	28268802	28757467	29237108	29704478	30164525	56541053	
.	17	2	3	4	5	6	7	8	9	10	11	12	13	14	15	16	17	18	19	20	21	22	23	24	25	26	27	28	29	30	31	32	33	34	35	36	37	38	39	40	
.	17	652458	888342	1342725	1839228	2158842	2527739	2934895	3361453	4248224	4756237	5304370	5895215	6520043	7190287	7887670	8609378	9358701	10113637	10901685	11685085	12485847	13281123	14123301	14957122	15827185	16718448	17723592	18801486	20003769	21606635	23692119	27879395	29769926	30277682	30773811	31258132	31731772	32194513	56541053	
.	18	2	3	4	5	6	7	8	9	10	11	12	13	14	15	16	17	18	19	20	21	22	23	24	25	26	27	28	29	30	31	32	33	34	35	36	37	38	39	40	
.	18	671218	907145	1359191	1862086	2192096	2576791	3008238	3465532	4450581	5027299	5657513	6336166	7056524	7823676	8619492	9436350	10274037	11110232	11970152	12817069	13676676	14522376	15408147	16282933	17185248	18109251	19144926	20254884	21494149	23133569	25252741	29404555	31267367	31800079	32321919	32832586	33331000	33818957	56541053	
.	19	2	3	4	5	6	7	8	9	10	11	12	13	14	15	16	17	18	19	20	21	22	23	24	25	26	27	28	29	30	31	32	33	34	35	36	37	38	39	40	
.	19	700262	954338	1440957	1997317	2361687	2790891	3277546	3803831	4956603	5624534	6344301	7108906	7909683	8749823	9610517	10482145	11366644	12241900	13136038	14013977	14897830	15763930	16668855	17560510	18479655	19414394	20461448	21582359	22828188	24478662	26613861	30808381	32655872	33190522	33711754	34220011	34715502	35198325	56541053	
.	20	2	3	4	5	6	7	8	9	10	11	12	13	14	15	16	17	18	19	20	21	22	23	24	25	26	27	28	29	30	31	32	33	34	35	36	37	38	39	40	
.	20	728032	993536	1492872	2064763	2437158	2873518	3367355	3900011	5060113	5730240	6451842	7214447	8011964	8844903	9695219	10558696	11433703	12298321	13178989	14044208	14914425	15771657	16665084	17545930	18453383	19380851	20421092	21534428	22780908	24432513	26562815	30754079	32584319	33118761	33637590	34144833	34638995	35120282	56541053	
.	21	2	3	4	5	6	7	8	9	10	11	12	13	14	15	16	17	18	19	20	21	22	23	24	25	26	27	28	29	30	31	32	33	34	35	36	37	38	39	40	
.	21	773134	1070551	1613153	2243223	2650009	3127825	3676258	4277246	5603535	6369546	7188743	8047618	8938585	9858500	10786557	11715806	12645438	13554635	14473516	15368433	16259572	17130634	18030048	18915123	19827483	20751659	21788609	22891866	24118962	25769171	27915650	32247894	34212980	34754430	35280296	35792155	36290372	36775159	56541053	
.	22	2	3	4	5	6	7	8	9	10	11	12	13	14	15	16	17	18	19	20	21	22	23	24	25	26	27	28	29	30	31	32	33	34	35	36	37	38	39	40	
.	22	818684	1151466	1749514	2464989	2928999	3479925	4112153	4811840	6361192	7239352	8164339	9121811	10095922	11087816	12076615	13059261	14035291	14984297	15938240	16865313	17787111	18687982	19616099	20524501	21457612	22400671	23452679	24573485	25806094	27455584	29569319	33805963	35776254	36309902	36826885	37329685	37815329	38286950	56541053	
.	23	2	3	4	5	6	7	8	9	10	11	12	13	14	15	16	17	18	19	20	21	22	23	24	25	26	27	28	29	30	31	32	33	34	35	36	37	38	39	40	
.	23	859927	1215134	1840729	2589182	3084025	3661263	4319448	5040363	6630273	7528783	8477118	9453748	10448469	11459477	12465641	13459783	14449155	15409761	16374581	17316062	18256899	19175472	20129497	21071990	22034486	23019183	24117043	25295877	26600681	28324213	30481696	34425235	36024645	36553667	37066585	37564452	38046720	38513733	56541053	
.	24	2	3	4	5	6	7	8	9	10	11	12	13	14	15	16	17	18	19	20	21	22	23	24	25	26	27	28	29	30	31	32	33	34	35	36	37	38	39	40	
.	24	910949	1306393	2006903	2856892	3431947	4095197	4847101	5663900	7467030	8463030	9507753	10573303	11644437	12722577	13792418	14843435	15888094	16899891	17922177	18917454	19915384	20891913	21914394	22933479	23968107	25055406	26240417	27489884	28909659	30650665	32760574	36194811	37462862	37986590	38493629	38985004	39460376	39919039	56541053	
.	25	0	1	2	3	4	5	6	7	8	9	10	11	12	13	14	15	16	17	18	19	20	21	22	23	24	25	26	27	28	29	30	31	32	33	34	35	36	37	38	39	40	
.	25	20752	114083	1063946	1485168	2493910	3395939	4003463	4700859	5485410	6333141	8196751	9221126	10288164	11367909	12450060	13536936	14613546	15667161	16714560	17728432	18754571	19750629	20753346	21733842	22767420	23797138	24842282	25948420	27141029	28387081	29799738	31505524	33528227	36729231	37935009	38457749	38963423	39452650	39924336	40380657	56541053	
.	26	0	1	2	3	4	5	6	7	8	9	10	11	12	13	14	15	16	17	18	19	20	21	22	23	24	25	26	27	28	29	30	31	32	33	34	35	36	37	38	39	40	
.	26	24937	127292	1118931	1575249	2710580	3702998	4375450	5146425	6014889	6950684	8991183	10094511	11236665	12382145	13522329	14657031	15776174	16866350	17947435	18991638	20045578	21069600	22098071	23098990	24151417	25195534	26250734	27355543	28548229	29795082	31202200	32903948	34918315	38025829	39165858	39682879	40180181	40660215	41123495	41570023	56541053	
.	27	0	1	2	3	4	5	6	7	8	9	10	11	12	13	14	15	16	17	18	19	20	21	22	23	24	25	26	27	28	29	30	31	32	33	34	35	36	37	38	39	40	
.	27	30502	152843	1202238	1714425	2586152	3676949	4397693	5226781	6156844	7158928	9306843	10451343	11622410	12786756	13934135	15069561	16184382	17265849	18333726	19361155	20397194	21397622	22401161	23380511	24403413	25417084	26451148	27539456	28716006	29943599	31323194	33018269	35075151	38540202	39890472	40394878	40881978	41351311	41801973	42236922	56541053	
.	28	0	1	2	3	4	5	6	7	8	9	10	11	12	13	14	15	16	17	18	19	20	21	22	23	24	25	26	27	28	29	30	31	32	33	34	35	36	37	38	39	40	
.	28	36891	182470	1302934	1882868	2844364	4055057	4838183	5733341	6734628	7811225	10079435	11270119	12470114	13654466	14813494	15954826	17067469	18148169	19205545	20223941	21239267	22224641	23205422	24152297	25138883	26107292	27087772	28086891	29196336	30387925	31688626	33387430	35492657	39197977	40670324	41161243	41633333	42087162	42523406	42942290	56541053	
.	29	0	1	2	3	4	5	6	7	8	9	10	11	12	13	14	15	16	17	18	19	20	21	22	23	24	25	26	27	28	29	30	31	32	33	34	35	36	37	38	39	40	
.	29	43442	212408	1397758	2034318	3073661	4405691	5262730	6244775	7338369	8512240	10951858	12215129	13472577	14703892	15901842	17071387	18207500	19305767	20379463	21409222	22433682	23420309	24399788	25344137	26319984	27276196	28243621	29225285	30314459	31482737	32748095	34426940	36514506	40312817	41875208	42353246	42812277	43252342	43673073	44078402	56541053	
.	30	0	1	2	3	4	5	6	7	8	9	10	11	12	13	14	15	16	17	18	19	20	21	22	23	24	25	26	27	28	29	30	31	32	33	34	35	36	37	38	39	40	
.	30	51715	249739	1511287	2220287	3365854	4847803	5801890	6888126	8091608	9369358	11988647	13319213	14636234	15914678	17151516	18354075	19516153	20636234	21729739	22776546	23811623	24808961	25796858	26744704	27726911	28683820	29652095	30633162	31722189	32889857	34149476	35818867	37891781	41606161	43120498	43583834	44028084	44453679	44860298	45249461	56541053	
.	31	0	1	2	3	4	5	6	7	8	9	10	11	12	13	14	15	16	17	18	19	20	21	22	23	24	25	26	27	28	29	30	31	32	33	34	35	36	37	38	39	40	
.	31	62951	301197	1652938	2444176	3696398	5317898	6352234	7521580	8807306	10161659	12902233	14278308	15627760	16932414	18185627	19396899	20562852	21685343	22777256	23820542	24851776	25842381	26820744	27762727	28735801	29689000	30650641	31627824	32717031	33888573	35154810	36833242	38895517	42502158	43911228	44359701	44790212	45202052	45595933	45973259	56541053	
.	32	0	1	2	3	4	5	6	7	8	9	10	11	12	13	14	15	16	17	18	19	20	21	22	23	24	25	26	27	28	29	30	31	32	33	34	35	36	37	38	39	40	
.	32	72717	340889	1751482	2595184	3933351	5686439	6800341	8052667	9421930	10854601	13717954	15134757	16516968	17840488	19109197	20332611	21510296	22641238	23741236	24788207	25823352	26818809	27800239	28742567	29719193	30673127	31637038	32612422	33699863	34871907	36132204	37808407	39867013	43433166	44810232	45251530	45673349	46075914	46458983	46825056	56541053	
.	33	0	1	2	3	4	5	6	7	8	9	10	11	12	13	14	15	16	17	18	19	20	21	22	23	24	25	26	27	28	29	30	31	32	33	34	35	36	37	38	39	40	
.	33	86883	393819	1885253	2814534	4277763	6192372	7399167	8739730	10182366	11672136	14600250	16027967	17415680	18744671	20016255	21243323	22426361	23560454	24663194	25711196	26749411	27745016	28729473	29670236	30648705	31607128	32567885	33548168	34634717	35810344	37076257	38748204	40784607	44226049	45506978	45932294	46337768	46725499	47095557	47447775	56541053	
.	34	0	1	2	3	4	5	6	7	8	9	10	11	12	13	14	15	16	17	18	19	20	21	22	23	24	25	26	27	28	29	30	31	32	33	34	35	36	37	38	39	40	
.	34	100178	449870	2042041	3064528	4667970	6762317	8071686	9510639	11043893	12613081	15651909	17123630	18542397	19891926	21179364	22417267	23606810	24744168	25847420	26894928	27927718	28914681	29889448	30819783	31785669	32730107	33676389	34644341	35719001	36880097	38128237	39780632	41785364	45134347	46376563	46782666	47169118	47536121	47885869	48218430	56541053	
.	35	0	1	2	3	4	5	6	7	8	9	10	11	12	13	14	15	16	17	18	19	20	21	22	23	24	25	26	27	28	29	30	31	32	33	34	35	36	37	38	39	40	
.	35	119451	528186	2250709	3408128	5196029	7496124	8900188	10417029	12005167	13612235	16665501	18128856	19533311	20868372	22139737	23363002	24538099	25661985	26751719	27783674	28801955	29777530	30739524	31654644	32606405	33538014	34472129	35425079	36485639	37632695	38859217	40491720	42470165	45787587	47019002	47407199	47776535	48126980	48460796	48777424	56541053	
.	36	0	1	2	3	4	5	6	7	8	9	10	11	12	13	14	15	16	17	18	19	20	21	22	23	24	25	26	27	28	29	30	31	32	33	34	35	36	37	38	39	40	
.	36	135730	600901	2450138	3711198	5658325	8127237	9620327	11216001	12877793	14538460	17671524	19161972	20589161	21939168	23221904	24452377	25631800	26756487	27844309	28873831	29887012	30854982	31811733	32714766	33658022	34582201	35507442	36453066	37506916	38651093	39876365	41493744	43435429	46592282	47716381	48086765	48437995	48771412	49088578	49388670	56541053	
.	37	0	1	2	3	4	5	6	7	8	9	10	11	12	13	14	15	16	17	18	19	20	21	22	23	24	25	26	27	28	29	30	31	32	33	34	35	36	37	38	39	40	
.	37	162119	693581	2668630	4044458	6118271	8749585	10320691	11981854	13690061	15389539	18570504	20073805	21510306	22865598	24152434	25381873	26562083	27676489	28761928	29777686	30788160	31745441	32690368	33596422	34542848	35462206	36383820	37341656	38382321	39489949	40680983	42244648	44120251	47253190	48412440	48768955	49106363	49426250	49728424	50014631	56541053	
.	38	0	1	2	3	4	5	6	7	8	9	10	11	12	13	14	15	16	17	18	19	20	21	22	23	24	25	26	27	28	29	30	31	32	33	34	35	36	37	38	39	40	
.	38	188171	796888	2935454	4454829	7079827	9909154	11560070	13279939	15024653	16738695	19916209	21408842	22830165	24171658	25444609	26665152	27827829	28932187	29995754	30996305	31976085	32907919	33825502	34692747	35594067	36474192	37354975	38254629	39255554	40342385	41503135	43046849	44897394	47915244	48991375	49329321	49649136	49951751	50237309	50508765	56541053	
.	39	0	1	2	3	4	5	6	7	8	9	10	11	12	13	14	15	16	17	18	19	20	21	22	23	24	25	26	27	28	29	30	31	32	33	34	35	36	37	38	39	40	
.	39	207043	869764	3123724	4724151	7117954	10103919	11837338	13628161	15435305	17207250	20467610	21990529	23436884	24798221	26082777	27304315	28470988	29568482	30629509	31618304	32602446	33530585	34447999	35323485	36238750	37131180	38024257	38954853	39972243	41064251	42240526	43774284	45598870	48527465	49539215	49858278	50159567	50445198	50714647	50969037	56541053	
.	40	0	1	2	3	4	5	6	7	8	9	10	11	12	13	14	15	16	17	18	19	20	21	22	23	24	25	26	27	28	29	30	31	32	33	34	35	36	37	38	39	40	
.	40	241946	995056	3467395	5246447	7848327	11028198	12839326	14688800	16535503	18331023	21620818	23145072	24590242	25938075	27209717	28418009	29560762	30637372	31669908	32635038	33577864	34472779	35355210	36185481	37055755	37910593	38764738	39645636	40634079	41720578	42874600	44421330	46256214	49176201	50154060	50453970	50735328	51001810	51252798	51489073	56541053	
.	41	0	1	2	3	4	5	6	7	8	9	10	11	12	13	14	15	16	17	18	19	20	21	22	23	24	25	26	27	28	29	30	31	32	33	34	35	36	37	38	39	40	
.	41	271984	1126198	3823918	5757765	8544906	11897674	13773203	15668476	17543072	19361074	22661385	24178908	25613198	26949553	28205254	29393358	30515764	31571503	32577463	33516744	34434786	35305274	36162717	36968454	37815427	38648209	39479417	40336424	41305150	42370256	43502445	45026278	46831707	49695827	50661336	50942966	51207764	51457375	51692201	51914860	56541053	
.	42	0	1	2	3	4	5	6	7	8	9	10	11	12	13	14	15	16	17	18	19	20	21	22	23	24	25	26	27	28	29	30	31	32	33	34	35	36	37	38	39	40	
.	42	305314	1299445	4514749	6853162	10127855	13908834	15948808	17956316	19906263	21762685	25064618	26552285	27934839	29207448	30391559	31498913	32535118	33500789	34418961	35270952	36098763	36885418	37656684	38379487	39147296	39902150	40660897	41447841	42345516	43343203	44414118	45874887	47622029	50415867	51316975	51550917	51772643	51981183	52177804	52362443	56541053	
.	43	0	1	2	3	4	5	6	7	8	9	10	11	12	13	14	15	16	17	18	19	20	21	22	23	24	25	26	27	28	29	30	31	32	33	34	35	36	37	38	39	40	
.	43	334620	1466320	4974212	7296756	10489887	14174625	16140570	18063266	19920150	21700963	24880714	26318638	27665508	28905364	30066559	31155575	32178313	33138407	34051616	34902738	35731557	36516929	37299408	38034928	38825989	39621251	40429680	41293410	42284072	43396499	44544798	46172190	47922812	50367566	51163931	51416036	51654360	51880326	52091798	52291998	56541053	
A	0	2	3	4	5	6	7	8	9	10	11	12	13	14	15	16	17	18	19	20	21	22	23	24	25	26	27	28	29	30	31	32	33	34	35	36	37	38	39	40	
A	0	43172	52699	83717	115731	132535	166265	196516	229402	276079	303722	327598	351979	377646	407356	436368	470124	505338	541911	585804	629881	680023	727173	782962	847101	913999	986209	1088460	1205204	1363528	1561045	1982605	4282495	4338221	4395411	4453747	4513851	4574711	4637741	17036571	
A	1	2	3	4	5	6	7	8	9	10	11	12	13	14	15	16	17	18	19	20	21	22	23	24	25	26	27	28	29	30	31	32	33	34	35	36	37	38	39	40	
A	1	53916	65751	104577	142996	171290	209155	248172	284662	338080	366371	394835	425207	457378	494333	533289	575234	620622	666976	722524	777011	838295	904192	978966	1059172	1154598	1256248	1391902	1555585	1754556	2064591	2546361	3804110	4564851	4623870	4684478	4745756	4808350	4871595	16602334	
A	2	2	3	4	5	6	7	8	9	10	11	12	13	14	15	16	17	18	19	20	21	22	23	24	25	26	27	28	29	30	31	32	33	34	35	36	37	38	39	40	
A	2	63390	75476	114378	152903	182627	223226	265146	303875	358727	387866	416624	447354	479695	516572	555134	596962	641998	687673	742009	795399	855430	919593	993732	1073233	1166200	1266283	1400365	1560836	1753963	2054633	2529762	3739821	4421321	4474465	4529195	4585161	4642095	4700132	16521040	
A	3	2	3	4	5	6	7	8	9	10	11	12	13	14	15	16	17	18	19	20	21	22	23	24	25	26	27	28	29	30	31	32	33	34	35	36	37	38	39	40	
A	3	67966	79423	116425	152831	180512	219125	259158	295671	346023	371855	397481	424597	452867	485672	519516	556270	595719	634898	682734	728298	780638	836537	900735	969847	1052347	1141683	1263943	1409321	1587297	1870134	2316860	3477318	4153147	4190955	4229627	4268837	4308349	4349035	16097198	
A	4	2	3	4	5	6	7	8	9	10	11	12	13	14	15	16	17	18	19	20	21	22	23	24	25	26	27	28	29	30	31	32	33	34	35	36	37	38	39	40	
A	4	74609	87219	131329	171397	203664	248216	292009	331399	388887	419528	450540	483340	517957	557386	598983	643610	691837	740968	799087	856419	920153	988425	1066346	1149806	1246609	1351162	1488874	1653158	1849618	2152002	2622786	3805604	4491895	4547404	4603662	4660189	4717981	4776354	16441297	
A	5	2	3	4	5	6	7	8	9	10	11	12	13	14	15	16	17	18	19	20	21	22	23	24	25	26	27	28	29	30	31	32	33	34	35	36	37	38	39	40	
A	5	82448	97594	143718	189289	223357	267053	313096	355840	421408	457196	494015	534099	576779	626154	678512	735708	798895	863901	939334	1015801	1101187	1191790	1294676	1404928	1529785	1664587	1833535	2031391	2267320	2614839	3136260	4386561	5040909	5123787	5208107	5293562	5379016	5464813	16475461	
A	6	2	3	4	5	6	7	8	9	10	11	12	13	14	15	16	17	18	19	20	21	22	23	24	25	26	27	28	29	30	31	32	33	34	35	36	37	38	39	40	
A	6	88319	106038	157649	210247	248772	297255	348599	397165	477622	521903	569274	620535	676237	740506	808805	883317	964802	1050001	1147045	1246146	1355531	1470650	1599511	1736314	1888967	2050204	2247172	2477204	2742485	3119793	3671415	4902466	5533359	5636092	5738902	5840850	5942182	6043085	16309223	
A	7	2	3	4	5	6	7	8	9	10	11	12	13	14	15	16	17	18	19	20	21	22	23	24	25	26	27	28	29	30	31	32	33	34	35	36	37	38	39	40	
A	7	93686	115006	168218	220822	258589	305729	355409	402254	478555	519949	564019	612038	663371	722394	785062	854464	929707	1008266	1098321	1190014	1291294	1398815	1520405	1649298	1794201	1948961	2139514	2363572	2623799	2998568	3547062	4770134	5359310	5453053	5546359	5640199	5733391	5826478	16222969	
A	8	2	3	4	5	6	7	8	9	10	11	12	13	14	15	16	17	18	19	20	21	22	23	24	25	26	27	28	29	30	31	32	33	34	35	36	37	38	39	40	
A	8	96414	114292	170079	228906	270334	322684	378791	433379	531098	586344	645865	711375	782499	863452	950418	1045451	1148012	1254900	1375662	1499588	1633744	1775047	1929664	2090642	2268048	2454576	2676113	2927953	3214109	3610229	4173686	5394090	6029650	6147870	6263961	6379510	6494003	6606004	16077675	
A	9	2	3	4	5	6	7	8	9	10	11	12	13	14	15	16	17	18	19	20	21	22	23	24	25	26	27	28	29	30	31	32	33	34	35	36	37	38	39	40	
A	9	102333	121032	177553	236927	279370	331286	387424	442001	538974	593351	652513	717188	786927	866314	951359	1043472	1143212	1247892	1365427	1485905	1615921	1752443	1904044	2062445	2236384	2420175	2639529	2889982	3175327	3576245	4147869	5379740	5985050	6099619	6214115	6326652	6438482	6548178	16283679	
A	10	2	3	4	5	6	7	8	9	10	11	12	13	14	15	16	17	18	19	20	21	22	23	24	25	26	27	28	29	30	31	32	33	34	35	36	37	38	39	40	
A	10	108299	127880	186171	247168	290296	343182	400056	455669	555204	611215	671675	737165	808427	889199	975197	1068323	1170053	1276050	1394432	1514925	1645523	1782728	1933776	2091690	2265115	2448037	2666839	2917396	3203890	3606884	4179865	5427223	6029755	6146134	6261418	6375356	6487821	6598374	16188388	
A	11	2	3	4	5	6	7	8	9	10	11	12	13	14	15	16	17	18	19	20	21	22	23	24	25	26	27	28	29	30	31	32	33	34	35	36	37	38	39	40	
A	11	115425	138581	200943	267833	313461	369463	430029	489569	598771	659863	726210	798509	876464	964496	1058581	1160383	1269880	1383803	1510515	1641077	1781563	1927891	2089113	2256884	2438697	2631239	2859192	3118090	3412831	3824170	4402185	5637338	6240952	6361722	6480510	6598113	6714749	6828947	16148318	
A	12	2	3	4	5	6	7	8	9	10	11	12	13	14	15	16	17	18	19	20	21	22	23	24	25	26	27	28	29	30	31	32	33	34	35	36	37	38	39	40	
A	12	123774	149844	222400	302241	356386	422616	495268	569135	716526	801843	895543	998874	1111987	1237783	1372431	1516768	1671416	1832098	2005920	2183560	2370203	2561619	2767537	2978399	3201745	3434123	3700416	3997477	4326200	4772686	5385648	6636200	7225412	7366127	7503376	7637644	7768067	7894333	16132516	
A	13	2	3	4	5	6	7	8	9	10	11	12	13	14	15	16	17	18	19	20	21	22	23	24	25	26	27	28	29	30	31	32	33	34	35	36	37	38	39	40	
A	13	129815	159364	241333	335254	400114	478884	566874	658594	853689	969379	1098306	1241013	1396715	1569432	1752740	1947688	2152937	2363386	2586650	2811495	3044739	3279201	3526038	3776311	4035680	4301133	4597059	4924223	5281130	5752171	6381548	7591753	8139483	8285966	8428615	8566392	8699234	8828380	16111776	
A	14	2	3	4	5	6	7	8	9	10	11	12	13	14	15	16	17	18	19	20	21	22	23	24	25	26	27	28	29	30	31	32	33	34	35	36	37	38	39	40	
A	14	137339	171058	263504	372583	448576	540856	645362	757763	1006668	1155716	1322279	1505110	1704266	1919387	2147094	2385024	2632673	2881971	3141858	3400612	3662267	3923655	4194758	4465963	4742710	5023783	5333378	5674212	6040981	6519601	7152926	8335187	8853427	8999708	9140535	9276913	9407903	9534287	16107662	
A	15	2	3	4	5	6	7	8	9	10	11	12	13	14	15	16	17	18	19	20	21	22	23	24	25	26	27	28	29	30	31	32	33	34	35	36	37	38	39	40	
A	15	144149	180001	273116	381786	457490	547332	649753	758261	997032	1139511	1298655	1474416	1664735	1871937	2090912	2319327	2558633	2801786	3054910	3307288	3564907	3822919	4090656	4359445	4635053	4916441	5226817	5568603	5936944	6419507	7058817	8235110	8731914	8879362	9021962	9159265	9292247	9420562	16064204	
A	16	2	3	4	5	6	7	8	9	10	11	12	13	14	15	16	17	18	19	20	21	22	23	24	25	26	27	28	29	30	31	32	33	34	35	36	37	38	39	40	
A	16	157714	204682	313978	443136	531133	636426	757176	889099	1188384	1367928	1568860	1789755	2027759	2285756	2554473	2832617	3118545	3404284	3696654	3984563	4273442	4558288	4848412	5136047	5426020	5720064	6039349	6385996	6758578	7242613	7870001	9048327	9567843	9717991	9862042	10001724	10136042	10266099	16148770	
A	17	2	3	4	5	6	7	8	9	10	11	12	13	14	15	16	17	18	19	20	21	22	23	24	25	26	27	28	29	30	31	32	33	34	35	36	37	38	39	40	
A	17	165589	220219	348581	508287	617990	749976	904346	1076371	1478682	1718507	1982934	2268965	2569636	2885112	3205174	3527076	3848361	4163232	4477038	4779458	5076391	5363661	5654713	5940903	6228052	6517293	6832676	7177047	7547022	8030124	8658368	9799460	10270888	10413872	10552098	10685340	10815570	10941629	16051273	
A	18	2	3	4	5	6	7	8	9	10	11	12	13	14	15	16	17	18	19	20	21	22	23	24	25	26	27	28	29	30	31	32	33	34	35	36	37	38	39	40	
A	18	173898	231321	359416	520764	633850	771963	935610	1121221	1567774	1838799	2139010	2461316	2799535	3149908	3503097	3852718	4196587	4529094	4855899	5166547	5471245	5763009	6056193	6343339	6629341	6919659	7233670	7577669	7949921	8433898	9059505	10179922	10639552	10782726	10922119	11057776	11189109	11317262	16118797	
A	19	2	3	4	5	6	7	8	9	10	11	12	13	14	15	16	17	18	19	20	21	22	23	24	25	26	27	28	29	30	31	32	33	34	35	36	37	38	39	40	
A	19	185004	248978	394167	586825	722703	891219	1093155	1326157	1887364	2218021	2572921	2943805	3322609	3703682	4076446	4436429	4783690	5112759	5432148	5733182	6023225	6300623	6579277	6850867	7125364	7400228	7702205	8034133	8392886	8863748	9489910	10648361	11139126	11279435	11415169	11547208	11675561	11799805	16064820	
A	20	2	3	4	5	6	7	8	9	10	11	12	13	14	15	16	17	18	19	20	21	22	23	24	25	26	27	28	29	30	31	32	33	34	35	36	37	38	39	40	
A	20	192837	261141	408894	604422	741430	909803	1110571	1340491	1889273	2211522	2559196	2923412	3294308	3668419	4035809	4393033	4739160	5068743	5387573	5689758	5982100	6262705	6543878	6818931	7094137	7372142	7676124	8009307	8371306	8850110	9474583	10630379	11109840	11249918	11385678	11517106	11644699	11767696	16083567	
A	21	2	3	4	5	6	7	8	9	10	11	12	13	14	15	16	17	18	19	20	21	22	23	24	25	26	27	28	29	30	31	32	33	34	35	36	37	38	39	40	
A	21	206106	282055	440770	651347	797525	977774	1195724	1447059	2050711	2403586	2780155	3169048	3562833	3955097	4334376	4698657	5046911	5373976	5688603	5984343	6268358	6538018	6805551	7066243	7327556	7588305	7876634	8190469	8532213	8995041	9615190	10849338	11390571	11529505	11663757	11794368	11921293	12044600	16112141	
A	22	2	3	4	5	6	7	8	9	10	11	12	13	14	15	16	17	18	19	20	21	22	23	24	25	26	27	28	29	30	31	32	33	34	35	36	37	38	39	40	
A	22	215974	303702	489386	749093	930893	1158422	1431503	1748051	2491254	2908008	3338098	3769598	4189844	4595988	4979798	5342337	5683508	6000959	6305498	6590275	6864068	7125594	7388339	7643289	7902979	8163448	8451424	8770780	9113970	9574345	10186237	11355685	11869713	12003624	12133185	12258570	12379488	12496859	16069238	
A	23	2	3	4	5	6	7	8	9	10	11	12	13	14	15	16	17	18	19	20	21	22	23	24	25	26	27	28	29	30	31	32	33	34	35	36	37	38	39	40	
A	23	224887	318643	508468	772325	960916	1191214	1465623	1780050	2512642	2922008	3347390	3774348	4194076	4601570	4989307	5354388	5700177	6023923	6336041	6629145	6914189	7186442	7462728	7734762	8007628	8287275	8595168	8935737	9305050	9796983	10412622	11468546	11861581	11995534	12124472	12249783	12370289	12486410	16052555	
A	24	2	3	4	5	6	7	8	9	10	11	12	13	14	15	16	17	18	19	20	21	22	23	24	25	26	27	28	29	30	31	32	33	34	35	36	37	38	39	40	
A	24	236206	343569	565310	881637	1110831	1387868	1715423	2084255	2925411	3377795	3838861	4291036	4725413	5139762	5529302	5892750	6236729	6557068	6869244	7163313	7451290	7727941	8015210	8302518	8589827	8896404	9226189	9586250	9982740	10475517	11063218	11927505	12217860	12346922	12471260	12591317	12707478	12818719	16025933	
A	25	0	1	2	3	4	5	6	7	8	9	10	11	12	13	14	15	16	17	18	19	20	21	22	23	24	25	26	27	28	29	30	31	32	33	34	35	36	37	38	39	40	
A	25	4828	26063	268502	383375	612500	939385	1174772	1457628	1788381	2157763	2993626	3441917	3895618	4339163	4765430	5174327	5559230	5918757	6259782	6578198	6888802	7180822	7468359	7746823	8037062	8328463	8618773	8929986	9261210	9617045	10007832	10484708	11040756	11842422	12122262	12250338	12374641	12494471	12609629	12720541	15938262	
A	26	0	1	2	3	4	5	6	7	8	9	10	11	12	13	14	15	16	17	18	19	20	21	22	23	24	25	26	27	28	29	30	31	32	33	34	35	36	37	38	39	40	
A	26	5847	29988	282238	411320	674579	1056129	1330202	1658107	2038873	2459876	3384458	3863710	4342232	4801733	5237003	5648169	6031423	6387746	6725043	7039623	7347598	7637210	7924406	8200895	8490983	8780821	9067916	9374600	9701446	10053741	10440742	10912523	11461395	12224493	12480725	12604574	12723141	12837399	12947013	13052330	15880595	
A	27	0	1	2	3	4	5	6	7	8	9	10	11	12	13	14	15	16	17	18	19	20	21	22	23	24	25	26	27	28	29	30	31	32	33	34	35	36	37	38	39	40	
A	27	6954	36725	311099	457281	741094	1152454	1440425	1783839	2179128	2610741	3544985	4024450	4495290	4946375	5370871	5771585	6144938	6490352	6816342	7119331	7415429	7695038	7970009	8235850	8512757	8788944	9068045	9366023	9687461	10035961	10415168	10889195	11465238	12351091	12659707	12781230	12898454	13010921	13118781	13222113	15979359	
A	28	0	1	2	3	4	5	6	7	8	9	10	11	12	13	14	15	16	17	18	19	20	21	22	23	24	25	26	27	28	29	30	31	32	33	34	35	36	37	38	39	40	
A	28	8689	44944	338887	503587	807485	1248465	1550818	1908064	2315868	2758844	3698959	4173933	4637292	5079396	5493931	5884603	6247396	6586433	6904218	7201052	7487366	7758784	8025340	8280635	8545457	8808159	9072613	9345777	9647575	9987154	10348307	10826144	11422810	12393367	12741953	12862010	12977314	13087710	13193588	13295100	15976386	
A	29	0	1	2	3	4	5	6	7	8	9	10	11	12	13	14	15	16	17	18	19	20	21	22	23	24	25	26	27	28	29	30	31	32	33	34	35	36	37	38	39	40	
A	29	10592	52540	363831	548650	887411	1388650	1729919	2131761	2583352	3069367	4073355	4566596	5037007	5478634	5888697	6271155	6623755	6950195	7256967	7542172	7818748	8079914	8335305	8581606	8835451	9085762	9339591	9600733	9891028	10218222	10564434	11030857	11624242	12632400	13004946	13119031	13228620	13332847	13432330	13528351	15926149	
A	30	0	1	2	3	4	5	6	7	8	9	10	11	12	13	14	15	16	17	18	19	20	21	22	23	24	25	26	27	28	29	30	31	32	33	34	35	36	37	38	39	40	
A	30	12879	62838	391852	601029	987205	1559378	1946584	2396802	2898294	3424845	4481335	4983179	5454896	5892203	6293895	6665538	7006685	7323519	7622179	7899475	8169994	8426975	8679733	8922759	9175672	9426424	9680312	9942221	10234154	10562876	10910596	11375746	11962051	12927317	13272943	13383283	13488279	13588774	13684157	13774564	15920156	
A	31	0	1	2	3	4	5	6	7	8	9	10	11	12	13	14	15	16	17	18	19	20	21	22	23	24	25	26	27	28	29	30	31	32	33	34	35	36	37	38	39	40	
A	31	16090	76875	430089	662565	1075899	1680636	2083844	2548798	3060377	3592245	4650470	5150049	5616948	6050030	6445859	6812203	7149007	7461055	7755205	8029761	8296712	8549898	8799713	9040750	9291418	9541238	9793769	10054787	10346831	10675984	11025255	11494034	12072292	13012417	13339083	13445873	13548837	13646644	13739564	13828476	15895414	
A	32	0	1	2	3	4	5	6	7	8	9	10	11	12	13	14	15	16	17	18	19	20	21	22	23	24	25	26	27	28	29	30	31	32	33	34	35	36	37	38	39	40	
A	32	18454	85923	454883	700698	1135866	1776877	2201856	2687621	3220791	3770221	4846636	5344758	5808605	6234824	6622561	6980141	7308500	7613182	7901795	8170579	8433479	8684258	8932842	9171909	9422796	9672269	9925590	10188068	10482032	10814687	11165327	11637422	12217387	13140351	13452704	13559868	13662848	13760497	13853247	13941908	15955805	
A	33	0	1	2	3	4	5	6	7	8	9	10	11	12	13	14	15	16	17	18	19	20	21	22	23	24	25	26	27	28	29	30	31	32	33	34	35	36	37	38	39	40	
A	33	22451	102480	498105	775267	1254740	1955531	2412646	2927890	3478993	4040433	5110799	5598910	6051957	6464397	6840536	7189785	7511439	7810145	8094961	8360232	8621792	8870929	9119016	9356028	9607554	9859254	10112157	10376155	10670798	11005489	11358004	11829076	12402862	13290738	13582646	13686215	13784770	13879323	13968884	14053965	15932485	
A	34	0	1	2	3	4	5	6	7	8	9	10	11	12	13	14	15	16	17	18	19	20	21	22	23	24	25	26	27	28	29	30	31	32	33	34	35	36	37	38	39	40	
A	34	26153	119802	544446	860443	1403875	2193325	2698013	3256060	3843583	4428549	5514272	5999642	6444554	6848004	7214284	7553609	7866876	8159346	8437990	8699452	8956636	9202079	9446203	9680729	9929265	10177902	10427196	10689058	10981065	11311186	11658083	12121243	12680120	13527292	13802914	13899598	13991099	14078098	14160213	14238344	15864229	
A	35	0	1	2	3	4	5	6	7	8	9	10	11	12	13	14	15	16	17	18	19	20	21	22	23	24	25	26	27	28	29	30	31	32	33	34	35	36	37	38	39	40	
A	35	32344	145081	611447	972686	1573237	2422724	2949028	3519857	4109485	4687825	5741048	6209017	6636019	7024958	7379101	7708285	8014061	8299136	8572103	8827921	9080493	9321862	9562075	9791636	10035787	10280013	10526755	10785115	11072706	11398801	11739389	12197553	12749226	13591110	13863333	13956602	14044551	14128035	14207037	14281890	15805544	
A	36	0	1	2	3	4	5	6	7	8	9	10	11	12	13	14	15	16	17	18	19	20	21	22	23	24	25	26	27	28	29	30	31	32	33	34	35	36	37	38	39	40	
A	36	36468	162560	662561	1056655	1705271	2604603	3154527	3743104	4345402	4927814	5981327	6443552	6867454	7250268	7601209	7926543	8229548	8513201	8785002	9041168	9293096	9535249	9776811	10008025	10254751	10501573	10749731	11009453	11299488	11629213	11974407	12431364	12972120	13754338	13993548	14082757	14167502	14247135	14322181	14393138	15792432	
A	37	0	1	2	3	4	5	6	7	8	9	10	11	12	13	14	15	16	17	18	19	20	21	22	23	24	25	26	27	28	29	30	31	32	33	34	35	36	37	38	39	40	
A	37	43199	188449	728819	1159218	1848017	2794036	3360386	3957668	4560746	5138900	6169337	6618469	7027993	7399330	7737797	8052152	8345541	8619186	8884109	9132141	9380980	9617900	9854134	10084737	10330267	10573660	10817345	11075645	11356817	11673399	12003758	12446987	12974793	13777416	14036491	14123608	14206143	14284664	14358121	14427506	15769411	
A	38	0	1	2	3	4	5	6	7	8	9	10	11	12	13	14	15	16	17	18	19	20	21	22	23	24	25	26	27	28	29	30	31	32	33	34	35	36	37	38	39	40	
A	38	51417	222138	793524	1277398	2037582	3053463	3644213	4256134	4863062	5435626	6442815	6877914	7272696	7632909	7959988	8267746	8553316	8822307	9079258	9321879	9562415	9792290	10022411	10241778	10475293	10710160	10945514	11193045	11467120	11780135	12106501	12541852	13053475	13800798	14029848	14111253	14188119	14260886	14329008	14393553	15584374	
A	39	0	1	2	3	4	5	6	7	8	9	10	11	12	13	14	15	16	17	18	19	20	21	22	23	24	25	26	27	28	29	30	31	32	33	34	35	36	37	38	39	40	
A	39	57261	245798	875529	1388896	2186818	3245576	3855144	4478252	5091715	5666149	6661804	7090561	7480663	7836523	8161090	8465925	8751918	9019127	9278438	9522349	9766810	10001198	10235659	10462195	10705814	10947545	11188699	11446167	11725506	12041160	12369817	12804367	13310979	14037243	14255691	14334374	14407755	14477234	14542254	14603358	15709675	
A	40	0	1	2	3	4	5	6	7	8	9	10	11	12	13	14	15	16	17	18	19	20	21	22	23	24	25	26	27	28	29	30	31	32	33	34	35	36	37	38	39	40	
A	40	66984	274002	956297	1518780	2369803	3471264	4094204	4726137	5341534	5916521	6915304	7346052	7738027	8094147	8420781	8728581	9013083	9279924	9536777	9777975	10016635	10244912	10473597	10691122	10924121	11159939	11393512	11641425	11917470	12234840	12564382	13003037	13509529	14224674	14429066	14501706	14568968	14632511	14691741	14747821	15729726	
A	41	0	1	2	3	4	5	6	7	8	9	10	11	12	13	14	15	16	17	18	19	20	21	22	23	24	25	26	27	28	29	30	31	32	33	34	35	36	37	38	39	40	
A	41	75498	313051	1062399	1680209	2598070	3754863	4388960	5022412	5629750	6191095	7152748	7563486	7937005	8277452	8590048	8883661	9157181	9414742	9661369	9893834	10125019	10347689	10569857	10781508	11009425	11239238	11468986	11712595	11984833	12296868	12620690	13052448	13549858	14250629	14451795	14519066	14582392	14641174	14696473	14748400	15639169	
A	42	0	1	2	3	4	5	6	7	8	9	10	11	12	13	14	15	16	17	18	19	20	21	22	23	24	25	26	27	28	29	30	31	32	33	34	35	36	37	38	39	40	
A	42	85311	354974	1269314	2012419	3057348	4316901	4980933	5626438	6232384	6780809	7702096	8087644	8434132	8746583	9031015	9296026	9542177	9771588	9990963	10196560	10400975	10597945	10795187	10982105	11187047	11394207	11602320	11824036	12073917	12365976	12670382	13084968	13563438	14236070	14415797	14469048	14519261	14565503	14608756	14649115	15287489	
A	43	0	1	2	3	4	5	6	7	8	9	10	11	12	13	14	15	16	17	18	19	20	21	22	23	24	25	26	27	28	29	30	31	32	33	34	35	36	37	38	39	40	
A	43	95315	403482	1371772	2096364	3107063	4308237	4925748	5522930	6080849	6587430	7443488	7807552	8139227	8442793	8722809	8987281	9236412	9472638	9700126	9917054	10131122	10338017	10547978	10748191	10968765	11196218	11428018	11679096	11962784	12291228	12623535	13084844	13573884	14196025	14375166	14441415	14504447	14563700	14618942	14671223	15682455	
T	0	2	3	4	5	6	7	8	9	10	11	12	13	14	15	16	17	18	19	20	21	22	23	24	25	26	27	28	29	30	31	32	33	34	35	36	37	38	39	40	
T	0	43687	51360	73284	95503	106449	134874	163013	197754	238757	268030	288804	308013	324409	344810	362778	385752	409272	434962	467688	499640	537734	564766	609013	652995	694241	745393	820917	902908	1016046	1165543	1489835	4202306	4220935	4239841	4259666	4280067	4301328	4322993	16795579	
T	1	2	3	4	5	6	7	8	9	10	11	12	13	14	15	16	17	18	19	20	21	22	23	24	25	26	27	28	29	30	31	32	33	34	35	36	37	38	39	40	
T	1	48027	58416	90254	121063	144987	177528	212595	248238	295538	322231	345727	368727	391819	417875	445459	475583	508752	543169	583944	623623	668005	713471	767532	821699	886384	958195	1059517	1172812	1333087	1604818	1972175	3186855	3931329	3956643	3982484	4009343	4036161	4063783	15849799	
T	2	2	3	4	5	6	7	8	9	10	11	12	13	14	15	16	17	18	19	20	21	22	23	24	25	26	27	28	29	30	31	32	33	34	35	36	37	38	39	40	
T	2	57920	69274	104864	138802	166552	204392	245355	286180	339334	369157	395708	421741	447789	477352	508636	542267	580013	619124	664393	709549	760144	811140	872319	935117	1008019	1088982	1201663	1326861	1502457	1786247	2188294	3422672	4120360	4144392	4168906	4193870	4219370	4245367	16255423	
T	3	2	3	4	5	6	7	8	9	10	11	12	13	14	15	16	17	18	19	20	21	22	23	24	25	26	27	28	29	30	31	32	33	34	35	36	37	38	39	40	
T	3	62442	74496	110503	145353	173454	211731	253223	294032	347577	377275	404269	430779	457306	486870	519193	553610	592218	632189	678246	724492	775972	829301	891436	955271	1028349	1111342	1225275	1352438	1529792	1814586	2209403	3406645	4086343	4110074	4134384	4159020	4184228	4209792	15987541	
T	4	2	3	4	5	6	7	8	9	10	11	12	13	14	15	16	17	18	19	20	21	22	23	24	25	26	27	28	29	30	31	32	33	34	35	36	37	38	39	40	
T	4	66374	79465	120462	158370	189730	231034	274556	316498	374655	406726	436876	466631	496955	531000	567665	606460	649814	695458	747201	799750	856889	916623	985691	1057392	1137848	1228364	1350138	1484425	1670654	1960058	2354508	3492410	4123741	4154732	4186528	4218939	4251956	4285278	15982159	
T	5	2	3	4	5	6	7	8	9	10	11	12	13	14	15	16	17	18	19	20	21	22	23	24	25	26	27	28	29	30	31	32	33	34	35	36	37	38	39	40	
T	5	70348	84772	125722	166271	197861	238569	282685	325811	386944	421110	453344	485424	518190	554875	594510	636455	683263	732260	787769	844933	906643	971206	1045846	1123404	1210194	1307237	1434936	1576779	1769997	2067310	2469449	3581621	4170887	4209645	4249234	4289587	4330193	4371725	15356666	
T	6	2	3	4	5	6	7	8	9	10	11	12	13	14	15	16	17	18	19	20	21	22	23	24	25	26	27	28	29	30	31	32	33	34	35	36	37	38	39	40	
T	6	79147	96593	143358	189305	223995	267563	315838	362819	433127	471436	508700	546357	585752	628898	675609	724658	779166	837118	901310	967249	1039264	1114339	1199840	1289059	1387598	1497014	1638868	1795871	2006932	2325297	2753444	3895313	4488940	4539408	4590746	4643461	4696383	4749938	15966416	
T	7	2	3	4	5	6	7	8	9	10	11	12	13	14	15	16	17	18	19	20	21	22	23	24	25	26	27	28	29	30	31	32	33	34	35	36	37	38	39	40	
T	7	86154	106158	152655	197508	231140	272973	318478	362949	426779	461893	495829	529057	563379	601386	643315	687851	736973	788958	846743	906030	971658	1039343	1118020	1200196	1291083	1392992	1526933	1676479	1880152	2192708	2612251	3747210	4334815	4376004	4417930	4460876	4504262	4548199	15979341	
T	8	2	3	4	5	6	7	8	9	10	11	12	13	14	15	16	17	18	19	20	21	22	23	24	25	26	27	28	29	30	31	32	33	34	35	36	37	38	39	40	
T	8	86690	103878	152359	200776	237234	282600	331813	380093	454299	495349	535824	577279	619812	667113	718388	773231	833725	897989	968124	1040979	1120116	1202298	1296197	1393664	1500956	1619375	1771566	1939561	2162929	2495657	2936094	4085793	4695183	4753956	4813695	4874410	4935921	4998303	16046782	
T	9	2	3	4	5	6	7	8	9	10	11	12	13	14	15	16	17	18	19	20	21	22	23	24	25	26	27	28	29	30	31	32	33	34	35	36	37	38	39	40	
T	9	90336	108159	157277	205397	240566	284482	332194	378968	449107	487773	525622	563881	603332	646807	694167	743794	799301	858220	923165	990813	1064000	1140105	1227836	1318793	1419529	1530701	1675535	1835649	2049935	2371321	2798444	3926997	4516311	4569061	4622742	4677188	4732654	4788388	15781283	
T	10	2	3	4	5	6	7	8	9	10	11	12	13	14	15	16	17	18	19	20	21	22	23	24	25	26	27	28	29	30	31	32	33	34	35	36	37	38	39	40	
T	10	96210	116813	171589	224502	261863	307405	356504	404935	477608	517666	556581	595759	635989	680095	727933	778782	835060	895082	960805	1028519	1102449	1179363	1267111	1359156	1460451	1573092	1717569	1878100	2092697	2415087	2841608	3969504	4575240	4629970	4685825	4742299	4799827	4858257	15874509	
T	11	2	3	4	5	6	7	8	9	10	11	12	13	14	15	16	17	18	19	20	21	22	23	24	25	26	27	28	29	30	31	32	33	34	35	36	37	38	39	40	
T	11	104501	130879	195175	257966	299395	348876	402657	454923	536482	581220	624178	667608	712877	761496	814579	870718	931700	996653	1067451	1141987	1221525	1304706	1398749	1496787	1605312	1723956	1875279	2042696	2264712	2595292	3029072	4156657	4764644	4826592	4889686	4953880	5018150	5083707	15977885	
T	12	2	3	4	5	6	7	8	9	10	11	12	13	14	15	16	17	18	19	20	21	22	23	24	25	26	27	28	29	30	31	32	33	34	35	36	37	38	39	40	
T	12	111065	138207	203302	268540	312716	365157	422451	479353	572216	623429	674943	727152	781775	842233	907441	976297	1052331	1133314	1220851	1312909	1411126	1513085	1628331	1747967	1878412	2020675	2196982	2390147	2640071	3000145	3467753	4620118	5224082	5308183	5393099	5479238	5565515	5653037	16054117	
T	13	2	3	4	5	6	7	8	9	10	11	12	13	14	15	16	17	18	19	20	21	22	23	24	25	26	27	28	29	30	31	32	33	34	35	36	37	38	39	40	
T	13	117855	146924	215063	284568	332226	388071	450251	511533	616557	675336	735505	797693	863513	936050	1015056	1098373	1189472	1286341	1391025	1500723	1618621	1740682	1876474	2018206	2169939	2334210	2534138	2751976	3028246	3414384	3906670	5059728	5645085	5747736	5851130	5955820	6060147	6163993	16017481	
T	14	2	3	4	5	6	7	8	9	10	11	12	13	14	15	16	17	18	19	20	21	22	23	24	25	26	27	28	29	30	31	32	33	34	35	36	37	38	39	40	
T	14	125158	157414	231768	307620	359080	419170	485131	551095	668497	734922	803771	876237	953557	1037827	1129401	1226025	1331671	1443680	1563934	1690158	1824157	1963074	2116039	2276652	2446643	2630283	2848446	3086006	3381509	3786523	4296410	5447038	6026161	6144874	6264326	6383063	6501045	6619498	16015557	
T	15	2	3	4	5	6	7	8	9	10	11	12	13	14	15	16	17	18	19	20	21	22	23	24	25	26	27	28	29	30	31	32	33	34	35	36	37	38	39	40	
T	15	132576	167031	245882	324563	376514	437098	502811	567612	680385	743009	807229	874872	946484	1024308	1109465	1199321	1298467	1403520	1516625	1635505	1762796	1894271	2041305	2194267	2357570	2535570	2747554	2980165	3269679	3670012	4176812	5330794	5900026	6014997	6131412	6247008	6363289	6480024	16091630	
T	16	2	3	4	5	6	7	8	9	10	11	12	13	14	15	16	17	18	19	20	21	22	23	24	25	26	27	28	29	30	31	32	33	34	35	36	37	38	39	40	
T	16	146714	196191	293957	393076	456365	529153	607647	685765	829983	910587	994097	1082162	1175866	1277264	1386663	1502212	1627004	1759611	1900382	2047883	2204120	2365242	2540665	2723644	2917256	3123436	3364425	3625344	3943968	4373551	4906949	6064243	6644868	6781160	6916690	7051911	7184837	7318119	16117005	
T	17	2	3	4	5	6	7	8	9	10	11	12	13	14	15	16	17	18	19	20	21	22	23	24	25	26	27	28	29	30	31	32	33	34	35	36	37	38	39	40	
T	17	158794	216360	324937	436506	507102	587775	674912	763912	933223	1028040	1127555	1233367	1346442	1468029	1600016	1738373	1887909	2045154	2211879	2385419	2567385	2753869	2956769	3165056	3383193	3615048	3880425	4164651	4504324	4950779	5502172	6660621	7237548	7386222	7532880	7678069	7820039	7960122	16136958	
T	18	2	3	4	5	6	7	8	9	10	11	12	13	14	15	16	17	18	19	20	21	22	23	24	25	26	27	28	29	30	31	32	33	34	35	36	37	38	39	40	
T	18	161536	216523	323594	434295	506051	587358	676224	766400	942542	1042282	1148362	1260839	1381627	1512221	1653839	1803748	1964831	2134078	2312907	2499774	2696853	2897319	3114860	3338431	3570797	3816734	4097209	4395676	4751728	5214491	5782703	6941513	7513367	7671021	7826087	7978547	8126727	8271781	16114801	
T	19	2	3	4	5	6	7	8	9	10	11	12	13	14	15	16	17	18	19	20	21	22	23	24	25	26	27	28	29	30	31	32	33	34	35	36	37	38	39	40	
T	19	162165	221023	334272	454609	532391	620795	719040	820572	1023291	1139926	1264432	1397138	1540394	1695282	1861995	2037268	2224541	2420621	2626625	2840983	3064142	3289595	3531874	3779386	4033957	4301458	4601211	4918899	5294593	5778041	6361936	7487451	7993345	8153783	8310707	8463117	8611153	8755218	16061935	
T	20	2	3	4	5	6	7	8	9	10	11	12	13	14	15	16	17	18	19	20	21	22	23	24	25	26	27	28	29	30	31	32	33	34	35	36	37	38	39	40	
T	20	170258	233116	351456	475284	553757	642706	740454	840949	1039008	1153133	1274042	1402755	1540534	1689563	1850238	2019246	2200364	2390733	2590637	2799832	3017745	3240209	3477212	3720056	3970204	4233481	4529987	4844872	5220058	5702483	6283339	7412852	7916676	8078471	8235414	8388669	8537938	8682197	16070041	
T	21	2	3	4	5	6	7	8	9	10	11	12	13	14	15	16	17	18	19	20	21	22	23	24	25	26	27	28	29	30	31	32	33	34	35	36	37	38	39	40	
T	21	177308	247018	374094	509155	593935	689817	796419	907965	1131732	1259548	1395325	1539524	1694243	1860983	2039338	2227810	2428084	2637033	2855466	3081412	3315719	3552209	3803497	4059547	4322061	4595987	4901852	5224356	5601750	6088809	6674761	7814935	8339268	8502247	8660795	8814865	8964286	9108856	16046399	
T	22	2	3	4	5	6	7	8	9	10	11	12	13	14	15	16	17	18	19	20	21	22	23	24	25	26	27	28	29	30	31	32	33	34	35	36	37	38	39	40	
T	22	187859	265213	402531	551521	644786	751710	870344	996457	1256369	1405722	1565300	1736872	1920109	2116572	2325781	2544357	2774227	3012872	3259655	3513561	3773566	4034146	4306701	4581362	4859171	5146255	5463455	5794541	6179016	6670545	7256589	8380442	8904978	9066578	9221944	9372032	9516253	9655476	16093192	
T	23	2	3	4	5	6	7	8	9	10	11	12	13	14	15	16	17	18	19	20	21	22	23	24	25	26	27	28	29	30	31	32	33	34	35	36	37	38	39	40	
T	23	201412	286606	433148	590313	689155	800441	923060	1051963	1316694	1469314	1632921	1806467	1992509	2191764	2404667	2624713	2857754	3098562	3347034	3602315	3864274	4126781	4402160	4681283	4963886	5257150	5579456	5919381	6314641	6817047	7406001	8477813	8931219	9089665	9242583	9389743	9531965	9669062	16074614	
T	24	2	3	4	5	6	7	8	9	10	11	12	13	14	15	16	17	18	19	20	21	22	23	24	25	26	27	28	29	30	31	32	33	34	35	36	37	38	39	40	
T	24	217312	310831	470240	643317	754700	878367	1014006	1157533	1461048	1634842	1822955	2023920	2237463	2465597	2708842	2959058	3222638	3492078	3770605	4055029	4345105	4636016	4938675	5244090	5550355	5871643	6216873	6575512	7003381	7511816	8094186	9068845	9445679	9602974	9753730	9899215	10039036	10172488	16088623	
T	25	0	1	2	3	4	5	6	7	8	9	10	11	12	13	14	15	16	17	18	19	20	21	22	23	24	25	26	27	28	29	30	31	32	33	34	35	36	37	38	39	40	
T	25	4549	23947	250207	350839	519146	697591	810622	934836	1070786	1213634	1514974	1688268	1875138	2074162	2286996	2513251	2754580	3003083	3264847	3532961	3811912	4095434	4384191	4673206	4976446	5281278	5587228	5911985	6256850	6613495	7038261	7537600	8100631	9019808	9384173	9541121	9691931	9836895	9976564	10110963	16075047	
T	26	0	1	2	3	4	5	6	7	8	9	10	11	12	13	14	15	16	17	18	19	20	21	22	23	24	25	26	27	28	29	30	31	32	33	34	35	36	37	38	39	40	
T	26	5479	27794	263411	370446	547540	740356	864154	1000795	1151354	1311468	1654564	1852531	2066677	2294049	2535922	2790599	3060321	3335714	3623212	3915006	4214881	4516724	4822114	5124748	5438342	5751173	6063591	6389693	6734871	7090136	7510902	8006789	8565092	9463356	9808849	9961624	10107873	10248319	10383492	10513332	16003733	
T	27	0	1	2	3	4	5	6	7	8	9	10	11	12	13	14	15	16	17	18	19	20	21	22	23	24	25	26	27	28	29	30	31	32	33	34	35	36	37	38	39	40	
T	27	7116	33406	282831	403917	595485	802524	930843	1072462	1228237	1396000	1751425	1954247	2174642	2406794	2652802	2911035	3183257	3460834	3749615	4040565	4340761	4639674	4942149	5241205	5550102	5857899	6165504	6488445	6830440	7180892	7595571	8086370	8650437	9619643	10015923	10166709	10311447	10450224	10583385	10711216	16148505	
T	28	0	1	2	3	4	5	6	7	8	9	10	11	12	13	14	15	16	17	18	19	20	21	22	23	24	25	26	27	28	29	30	31	32	33	34	35	36	37	38	39	40	
T	28	9035	41768	310265	450598	661535	884984	1019127	1166813	1329888	1505986	1874296	2085669	2310773	2547593	2797359	3058817	3334429	3615582	3905038	4196856	4493900	4791619	5091152	5384239	5685626	5984989	6281584	6584781	6911109	7254075	7647136	8141769	8717948	9748509	10180738	10329714	10472316	10609021	10740788	10866514	16266900	
T	29	0	1	2	3	4	5	6	7	8	9	10	11	12	13	14	15	16	17	18	19	20	21	22	23	24	25	26	27	28	29	30	31	32	33	34	35	36	37	38	39	40	
T	29	10677	49164	328502	480376	706962	952154	1099455	1262362	1443380	1641422	2057385	2296533	2550695	2816531	3095216	3383743	3685431	3989395	4299825	4609857	4922430	5232072	5541501	5840078	6143988	6445212	6740649	7041857	7366849	7704252	8088365	8572917	9140776	10163656	10603279	10747107	10884798	11016914	11143427	11265167	16266367	
T	30	0	1	2	3	4	5	6	7	8	9	10	11	12	13	14	15	16	17	18	19	20	21	22	23	24	25	26	27	28	29	30	31	32	33	34	35	36	37	38	39	40	
T	30	12505	57675	355365	522971	768522	1039819	1204116	1386333	1589127	1811681	2284253	2553549	2838476	3135501	3443934	3761810	4089131	4415960	4746065	5073748	5397321	5716402	6032368	6334590	6641280	6942253	7237920	7537395	7860084	8196152	8576801	9057324	9623223	10628213	11055261	11194457	11328341	11456875	11579577	11697990	16245706	
T	31	0	1	2	3	4	5	6	7	8	9	10	11	12	13	14	15	16	17	18	19	20	21	22	23	24	25	26	27	28	29	30	31	32	33	34	35	36	37	38	39	40	
T	31	14923	68938	391298	580732	849383	1146684	1326295	1523951	1744584	1985812	2492207	2778613	3080612	3393411	3716631	4044880	4381682	4716347	5051846	5382679	5708767	6028158	6340413	6642011	6946542	7245730	7539117	7837052	8157352	8492245	8873357	9354636	9915068	10898913	11302841	11440197	11571416	11697203	11818442	11934800	16252121	
T	32	0	1	2	3	4	5	6	7	8	9	10	11	12	13	14	15	16	17	18	19	20	21	22	23	24	25	26	27	28	29	30	31	32	33	34	35	36	37	38	39	40	
T	32	17388	78082	412026	611172	896230	1214939	1407609	1620411	1858240	2119359	2668840	2977472	3302662	3634636	3975640	4320967	4671907	5017708	5362737	5699859	6031201	6354001	6668568	6971004	7275403	7573263	7866621	8162326	8481498	8814734	9193995	9672952	10231137	11201818	11598442	11734113	11863948	11988906	12108537	12223754	16252508	
T	33	0	1	2	3	4	5	6	7	8	9	10	11	12	13	14	15	16	17	18	19	20	21	22	23	24	25	26	27	28	29	30	31	32	33	34	35	36	37	38	39	40	
T	33	21171	91011	446223	665503	971230	1309663	1513238	1736692	1984303	2255020	2825241	3142652	3475976	3818779	4167882	4519228	4875881	5226151	5573616	5911234	6242825	6564644	6879728	7181112	7485090	7783714	8073897	8370385	8688043	9021516	9402748	9883203	10438728	11392684	11774694	11908766	12037228	12160634	12279923	12395346	16342021	
T	34	0	1	2	3	4	5	6	7	8	9	10	11	12	13	14	15	16	17	18	19	20	21	22	23	24	25	26	27	28	29	30	31	32	33	34	35	36	37	38	39	40	
T	34	24743	104992	483513	721489	1053595	1422833	1645559	1890072	2160666	2458635	3083329	3430229	3790790	4156010	4526716	4896506	5267052	5627376	5982444	6324504	6657249	6977277	7290188	7587345	7886783	8180377	8465687	8756799	9070189	9399546	9773161	10246699	10795051	11725874	12094406	12223832	12348188	12467353	12581596	12691485	16338703	
T	35	0	1	2	3	4	5	6	7	8	9	10	11	12	13	14	15	16	17	18	19	20	21	22	23	24	25	26	27	28	29	30	31	32	33	34	35	36	37	38	39	40	
T	35	30367	125646	538652	805591	1163887	1554486	1786921	2039842	2318377	2624392	3262629	3616678	3983452	4354982	4731581	5106171	5481347	5846920	6206597	6551456	6887389	7212193	7528038	7827875	8129913	8425357	8713479	9005836	9321652	9652048	10025162	10495274	11042384	11972408	12346358	12475764	12599781	12718565	12833040	12942835	16492922	
T	36	0	1	2	3	4	5	6	7	8	9	10	11	12	13	14	15	16	17	18	19	20	21	22	23	24	25	26	27	28	29	30	31	32	33	34	35	36	37	38	39	40	
T	36	35164	144975	590621	881247	1271580	1698968	1953204	2229315	2532930	2864770	3553582	3931375	4319881	4708936	5098232	5483391	5865036	6232502	6592197	6935258	7268790	7588548	7899450	8192829	8489041	8779581	9062024	9351331	9661664	9989046	10361099	10828193	11367940	12273308	12625826	12751811	12872133	12988178	13100049	13207194	16510722	
T	37	0	1	2	3	4	5	6	7	8	9	10	11	12	13	14	15	16	17	18	19	20	21	22	23	24	25	26	27	28	29	30	31	32	33	34	35	36	37	38	39	40	
T	37	42675	168243	641637	960234	1380727	1842403	2117281	2413861	2739354	3092325	3825276	4222964	4630580	5032716	5435292	5828829	6217562	6586519	6949250	7290094	7622951	7940810	8249775	8543711	8842674	9132734	9417312	9712855	10024381	10346797	10713652	11166159	11687018	12562973	12917479	13041915	13161152	13275558	13385083	13490146	16554503	
T	38	0	1	2	3	4	5	6	7	8	9	10	11	12	13	14	15	16	17	18	19	20	21	22	23	24	25	26	27	28	29	30	31	32	33	34	35	36	37	38	39	40	
T	38	50618	196881	692882	1036459	1480260	1965519	2252138	2562140	2900765	3266762	4027194	4437175	4855979	5267248	5678746	6079677	6473514	6848122	7211804	7554398	7884411	8199414	8504304	8791449	9079666	9361682	9635942	9917040	10219433	10536988	10895726	11348038	11870897	12737241	13077148	13198696	13315205	13427075	13534038	13637340	16547755	
T	39	0	1	2	3	4	5	6	7	8	9	10	11	12	13	14	15	16	17	18	19	20	21	22	23	24	25	26	27	28	29	30	31	32	33	34	35	36	37	38	39	40	
T	39	55009	212402	751364	1116314	1598249	2125248	2437688	2772346	3136074	3530379	4336095	4763952	5196851	5617185	6029894	6427230	6815419	7179429	7533460	7862439	8186027	8490809	8788503	9072067	9359326	9639618	9914341	10201401	10505601	10823282	11186088	11635434	12151043	12996532	13321436	13439535	13553495	13663133	13768290	13869155	16702752	
T	40	0	1	2	3	4	5	6	7	8	9	10	11	12	13	14	15	16	17	18	19	20	21	22	23	24	25	26	27	28	29	30	31	32	33	34	35	36	37	38	39	40	
T	40	64277	247048	845187	1245974	1759575	2316594	2645690	2995249	3373034	3780986	4617195	5056034	5499579	5926490	6346768	6749332	7139475	7507886	7862022	8194153	8514377	8818659	9113406	9392438	9673928	9950443	10221432	10500337	10801613	11121930	11481303	11938309	12462993	13318433	13643345	13760406	13871735	13978951	14081808	14179709	16798216	
T	41	0	1	2	3	4	5	6	7	8	9	10	11	12	13	14	15	16	17	18	19	20	21	22	23	24	25	26	27	28	29	30	31	32	33	34	35	36	37	38	39	40	
T	41	74055	281875	932269	1366256	1919881	2526770	2883671	3264393	3673079	4113490	5006380	5467245	5927650	6367888	6795653	7201413	7592251	7957469	8306828	8631740	8943762	9239600	9526188	9795083	10067333	10336081	10598341	10868780	11162444	11475078	11826408	12273466	12787255	13619628	13934401	14043959	14148183	14248441	14343918	14436055	16741769	
T	42	0	1	2	3	4	5	6	7	8	9	10	11	12	13	14	15	16	17	18	19	20	21	22	23	24	25	26	27	28	29	30	31	32	33	34	35	36	37	38	39	40	
T	42	84209	340122	1138869	1704323	2405143	3130659	3538042	3959192	4403035	4874487	5815092	6290023	6755620	7194953	7618844	8018151	8399280	8752145	9089587	9402516	9702067	9986919	10261116	10519897	10783104	11042477	11296937	11560717	11847423	12154353	12502799	12945724	13458010	14286631	14596537	14703640	14806897	14905961	15001429	15092493	17814021	
T	43	0	1	2	3	4	5	6	7	8	9	10	11	12	13	14	15	16	17	18	19	20	21	22	23	24	25	26	27	28	29	30	31	32	33	34	35	36	37	38	39	40	
T	43	93380	384547	1249155	1784671	2434921	3136969	3542784	3965758	4415219	4899002	5869458	6356802	6834296	7280458	7709793	8110138	8489262	8839996	9172406	9479419	9772922	10048307	10318432	10571109	10832417	11092797	11350071	11622699	11919553	12246272	12598088	13058376	13554550	14264629	14522538	14621506	14715969	14806838	14893010	14975558	16995468	
G	0	2	3	4	5	6	7	8	9	10	11	12	13	14	15	16	17	18	19	20	21	22	23	24	25	26	27	28	29	30	31	32	33	34	35	36	37	38	39	40	
G	0	38132	43054	58304	73300	80822	103969	126174	149634	176486	191774	203161	214586	226427	241042	253969	269096	287727	303544	329829	350070	377738	395648	427338	456676	488451	528625	582724	648130	730571	886330	1170450	2550779	2559669	2568673	2577644	2586835	2596276	2605870	11056887	
G	1	2	3	4	5	6	7	8	9	10	11	12	13	14	15	16	17	18	19	20	21	22	23	24	25	26	27	28	29	30	31	32	33	34	35	36	37	38	39	40	
G	1	47583	54644	77516	99542	117657	147805	178876	209585	244006	262036	277194	294299	311204	332163	353461	376924	404608	428810	464638	494120	530014	564180	611847	650685	709271	770600	860309	957919	1075307	1289242	1607534	2464650	2970163	2981482	2992974	3004724	3016981	3029092	12264509	
G	2	2	3	4	5	6	7	8	9	10	11	12	13	14	15	16	17	18	19	20	21	22	23	24	25	26	27	28	29	30	31	32	33	34	35	36	37	38	39	40	
G	2	52614	60009	84386	107607	127920	159679	193166	223920	259170	277597	293444	311529	329216	351103	373066	397344	424944	449330	484560	514294	550238	584102	631589	671910	729810	790287	879879	977166	1093237	1296192	1610311	2425656	2903479	2914539	2925642	2936928	2948328	2959802	12026904	
G	3	2	3	4	5	6	7	8	9	10	11	12	13	14	15	16	17	18	19	20	21	22	23	24	25	26	27	28	29	30	31	32	33	34	35	36	37	38	39	40	
G	3	61951	69564	95070	119464	140402	173171	207245	238661	274529	293373	309574	328199	346804	369431	392275	417423	446311	471398	507855	538756	575923	611916	661256	704455	765460	829188	923063	1026378	1149893	1365009	1694196	2534206	3028320	3039464	3050748	3062167	3073634	3085311	12701822	
G	4	2	3	4	5	6	7	8	9	10	11	12	13	14	15	16	17	18	19	20	21	22	23	24	25	26	27	28	29	30	31	32	33	34	35	36	37	38	39	40	
G	4	67738	76320	106062	132468	156021	191148	226209	258711	296971	317238	335280	355614	375445	399155	423572	450183	480319	507118	544230	576496	615086	651946	701791	746346	807155	871514	965907	1069355	1192868	1408565	1731042	2562372	3064763	3078530	3092304	3106277	3120360	3134698	12546237	
G	5	2	3	4	5	6	7	8	9	10	11	12	13	14	15	16	17	18	19	20	21	22	23	24	25	26	27	28	29	30	31	32	33	34	35	36	37	38	39	40	
G	5	72456	83083	114801	146023	170957	206708	244287	279518	323097	345994	366881	390316	413757	441637	470090	500707	535408	566789	609525	648266	692856	736257	794750	846974	916651	990311	1095834	1213072	1350683	1578946	1921420	2740650	3186616	3206117	3225999	3246110	3266757	3287691	12617221	
G	6	2	3	4	5	6	7	8	9	10	11	12	13	14	15	16	17	18	19	20	21	22	23	24	25	26	27	28	29	30	31	32	33	34	35	36	37	38	39	40	
G	6	80070	93402	128529	162912	190009	226760	265990	302806	350504	375661	399202	425220	451202	482100	513926	547656	586009	621089	667324	709594	758115	805857	869135	926690	1000884	1080241	1191408	1313802	1457058	1688437	2030319	2833675	3267086	3292541	3318238	3344518	3370811	3397571	12367749	
G	7	2	3	4	5	6	7	8	9	10	11	12	13	14	15	16	17	18	19	20	21	22	23	24	25	26	27	28	29	30	31	32	33	34	35	36	37	38	39	40	
G	7	87047	101123	135601	169039	195646	231530	269472	304790	349802	373179	395466	420179	444650	473785	503847	536593	572768	606467	651115	692291	739165	785565	847739	903917	977910	1055747	1165988	1287632	1430288	1660500	1999865	2783128	3202926	3225841	3249249	3273404	3297591	3322067	12275599	
G	8	2	3	4	5	6	7	8	9	10	11	12	13	14	15	16	17	18	19	20	21	22	23	24	25	26	27	28	29	30	31	32	33	34	35	36	37	38	39	40	
G	8	87052	99449	135278	170907	198271	235029	274281	311007	360692	387027	411743	439034	466557	499087	532799	569225	609672	647539	696759	742534	794967	845326	912564	974212	1053017	1136642	1251971	1378730	1526264	1762699	2102828	2891817	3332883	3364962	3397430	3430750	3464456	3498906	12183035	
G	9	2	3	4	5	6	7	8	9	10	11	12	13	14	15	16	17	18	19	20	21	22	23	24	25	26	27	28	29	30	31	32	33	34	35	36	37	38	39	40	
G	9	93368	106479	144119	181280	209704	247314	287444	324856	376452	403854	429883	458164	487060	520618	555404	592790	634392	673846	724188	771697	825553	877988	947841	1011704	1093552	1179653	1298941	1429871	1581736	1822176	2170384	2961845	3385363	3418101	3451295	3485357	3519210	3554207	12232651	
G	10	2	3	4	5	6	7	8	9	10	11	12	13	14	15	16	17	18	19	20	21	22	23	24	25	26	27	28	29	30	31	32	33	34	35	36	37	38	39	40	
G	10	100572	115669	157657	200049	230810	271079	313416	353898	411933	442828	472206	503979	536114	573420	611809	653221	699184	742982	797733	848946	907378	965086	1038910	1107474	1193642	1284280	1407484	1542900	1700206	1946809	2302713	3109990	3542631	3580943	3619519	3658689	3698395	3738287	12299149	
G	11	2	3	4	5	6	7	8	9	10	11	12	13	14	15	16	17	18	19	20	21	22	23	24	25	26	27	28	29	30	31	32	33	34	35	36	37	38	39	40	
G	11	106310	125562	175677	227427	262663	307047	354086	400097	469310	505835	541192	579236	618100	662176	707839	756139	809190	860530	923135	982728	1049176	1114473	1196396	1273101	1367120	1466257	1599490	1744035	1909124	2163469	2526013	3332592	3779259	3825925	3873183	3920506	3968205	4016266	12229391	
G	12	2	3	4	5	6	7	8	9	10	11	12	13	14	15	16	17	18	19	20	21	22	23	24	25	26	27	28	29	30	31	32	33	34	35	36	37	38	39	40	
G	12	113091	133006	183232	234954	270477	314348	362277	407981	479103	516980	554072	593689	634598	680427	728782	780162	836440	891065	957213	1020703	1091067	1161757	1248940	1331724	1432594	1538384	1678090	1830506	2003074	2268172	2639954	3449993	3881242	3936620	3992305	4048708	4105521	4162792	12148687	
G	13	2	3	4	5	6	7	8	9	10	11	12	13	14	15	16	17	18	19	20	21	22	23	24	25	26	27	28	29	30	31	32	33	34	35	36	37	38	39	40	
G	13	119685	141277	194634	249737	288130	335128	385772	434334	511889	553297	594923	639918	686756	740105	795650	854672	919729	983740	1060070	1135133	1217589	1300816	1402672	1500393	1616825	1738974	1896547	2068169	2260344	2542641	2927181	3722186	4132076	4200450	4269542	4339321	4409362	4479351	12146602	
G	14	2	3	4	5	6	7	8	9	10	11	12	13	14	15	16	17	18	19	20	21	22	23	24	25	26	27	28	29	30	31	32	33	34	35	36	37	38	39	40	
G	14	127424	151608	209707	269915	311942	362295	416470	468466	555063	601751	649074	700799	754755	815986	880206	948818	1023855	1098913	1186677	1273398	1369081	1465438	1581406	1693689	1824546	1961221	2133437	2319621	2524963	2819522	3212442	4001948	4418151	4498313	4578339	4659320	4739789	4820099	12118661	
G	15	2	3	4	5	6	7	8	9	10	11	12	13	14	15	16	17	18	19	20	21	22	23	24	25	26	27	28	29	30	31	32	33	34	35	36	37	38	39	40	
G	15	132455	157573	220470	287061	332516	387304	445981	502705	599519	652123	705696	763756	823971	891650	962496	1037445	1119093	1199865	1293699	1386833	1488209	1589703	1711653	1829163	1964898	2106646	2284885	2478756	2692354	2995654	3402009	4194511	4584529	4666952	4749525	4832152	4914762	4996895	12108648	
G	16	2	3	4	5	6	7	8	9	10	11	12	13	14	15	16	17	18	19	20	21	22	23	24	25	26	27	28	29	30	31	32	33	34	35	36	37	38	39	40	
G	16	148062	188317	271345	359369	416430	482144	551715	620804	744044	810535	878222	951025	1026857	1109862	1196288	1287696	1385881	1484308	1596034	1708192	1828629	1948616	2088866	2226666	2381762	2542130	2736998	2947181	3175342	3492303	3905499	4704517	5123488	5218266	5312149	5405540	5497636	5588691	12041410	
G	17	2	3	4	5	6	7	8	9	10	11	12	13	14	15	16	17	18	19	20	21	22	23	24	25	26	27	28	29	30	31	32	33	34	35	36	37	38	39	40	
G	17	157216	205223	298185	398096	462763	536249	614794	692170	834023	910876	990413	1076010	1165227	1263269	1365833	1473945	1590409	1706691	1836831	1966984	2106715	2246015	2405300	2560031	2732471	2910715	3123549	3351119	3595385	3927718	4356767	5155265	5556569	5659657	5761277	5860573	5958683	6054624	12011838	
G	18	2	3	4	5	6	7	8	9	10	11	12	13	14	15	16	17	18	19	20	21	22	23	24	25	26	27	28	29	30	31	32	33	34	35	36	37	38	39	40	
G	18	160088	205670	297074	396167	460452	534561	614757	693924	841286	922478	1007846	1100739	1197866	1305002	1417584	1536881	1665722	1795886	1939865	2084402	2237928	2391596	2565361	2735757	2921902	3113520	3338821	3580115	3835751	4177944	4613007	5401984	5799337	5910094	6018983	6125459	6230255	6333071	12025213	
G	19	2	3	4	5	6	7	8	9	10	11	12	13	14	15	16	17	18	19	20	21	22	23	24	25	26	27	28	29	30	31	32	33	34	35	36	37	38	39	40	
G	19	166040	213926	309825	416463	484799	563774	649687	736538	904855	998129	1097059	1204874	1317928	1442624	1574753	1713674	1861555	2009602	2171698	2334638	2505163	2673968	2861942	3045403	3242923	3444447	3680357	3932701	4199675	4556315	5008213	5809801	6182580	6296081	6406688	6515465	6621481	6724753	12044273	
G	20	2	3	4	5	6	7	8	9	10	11	12	13	14	15	16	17	18	19	20	21	22	23	24	25	26	27	28	29	30	31	32	33	34	35	36	37	38	39	40	
G	20	173007	222696	322626	434032	504719	586262	674994	765592	940447	1036813	1138051	1245888	1359697	1483272	1612575	1749331	1893875	2037996	2194421	2351762	2516531	2679792	2861881	3039564	3231837	3428860	3660635	3906731	4170370	4522191	4972537	5779377	6158095	6269919	6378622	6485668	6589439	6692157	12102395	
G	21	2	3	4	5	6	7	8	9	10	11	12	13	14	15	16	17	18	19	20	21	22	23	24	25	26	27	28	29	30	31	32	33	34	35	36	37	38	39	40	
G	21	186688	242203	350521	472446	548495	636574	733274	833780	1031878	1141836	1256866	1379166	1507250	1644972	1789699	1939308	2096964	2254297	2423349	2591190	2763721	2934311	3120270	3300613	3496065	3693862	3924676	4168042	4428948	4787111	5249800	6106670	6525928	6641186	6752932	6861602	6968017	7072380	12099992	
G	22	2	3	4	5	6	7	8	9	10	11	12	13	14	15	16	17	18	19	20	21	22	23	24	25	26	27	28	29	30	31	32	33	34	35	36	37	38	39	40	
G	22	196241	258235	376081	511515	595758	693196	800498	913212	1141689	1269661	1403412	1547012	1696823	1858503	2025184	2197778	2376828	2553679	2741882	2927263	3116795	3302505	3503505	3697719	3903313	4110714	4351187	4605481	4873418	5238887	5699223	6535617	6942400	7058373	7171248	7282220	7389721	7495090	12042734	
G	23	2	3	4	5	6	7	8	9	10	11	12	13	14	15	16	17	18	19	20	21	22	23	24	25	26	27	28	29	30	31	32	33	34	35	36	37	38	39	40	
G	23	204126	271679	398515	543417	636226	741560	857196	977510	1221213	1356976	1500499	1652938	1810874	1979392	2152835	2331311	2516163	2698365	2889970	3079909	3275008	3465440	3672458	3874459	4087407	4303034	4551771	4816108	5092848	5459219	5912336	6676497	7022199	7136867	7249245	7358945	7465842	7570021	12099725	
G	24	2	3	4	5	6	7	8	9	10	11	12	13	14	15	16	17	18	19	20	21	22	23	24	25	26	27	28	29	30	31	32	33	34	35	36	37	38	39	40	
G	24	209813	284822	426007	589428	698722	820997	954257	1091044	1376572	1535124	1703409	1882296	2067075	2261996	2462605	2666474	2875505	3080879	3296632	3509733	3727301	3938225	4168987	4396586	4631705	4874861	5146745	5430348	5729971	6088723	6516735	7154282	7422661	7539414	7652964	7763902	7871276	7976549	12060199	
G	25	0	1	2	3	4	5	6	7	8	9	10	11	12	13	14	15	16	17	18	19	20	21	22	23	24	25	26	27	28	29	30	31	32	33	34	35	36	37	38	39	40	
G	25	2418	14626	228979	311545	469941	656449	780673	918872	1067678	1221077	1540746	1716262	1901226	2094308	2292264	2498905	2709548	2920902	3137350	3348727	3569115	3784867	4007699	4221311	4455755	4686235	4924332	5171659	5443688	5725036	6020501	6368672	6774172	7361754	7612310	7729065	7841985	7952455	8059282	8164062	11973939	
G	26	0	1	2	3	4	5	6	7	8	9	10	11	12	13	14	15	16	17	18	19	20	21	22	23	24	25	26	27	28	29	30	31	32	33	34	35	36	37	38	39	40	
G	26	3000	16445	236395	322347	485362	681215	813223	959622	1119021	1281989	1626784	1816203	2015516	2224101	2436649	2657654	2882112	3105540	3332981	3554928	3783781	4009472	4240242	4460272	4701123	4936807	5179505	5428363	5703504	5987687	6283404	6632333	7036791	7604123	7841653	7960666	8076032	8188050	8296662	8401911	11962370	
G	27	0	1	2	3	4	5	6	7	8	9	10	11	12	13	14	15	16	17	18	19	20	21	22	23	24	25	26	27	28	29	30	31	32	33	34	35	36	37	38	39	40	
G	27	3477	18901	258266	356939	540454	765795	912459	1077447	1257414	1443918	1830385	2037721	2251212	2471929	2692953	2919632	3147327	3373419	3600366	3819930	4046359	4265734	4490261	4705872	4940090	5169386	5408415	5655875	5929291	6212020	6508548	6867985	7294659	7943214	8226795	8342206	8454188	8562832	8667361	8769221	12026806	
G	28	0	1	2	3	4	5	6	7	8	9	10	11	12	13	14	15	16	17	18	19	20	21	22	23	24	25	26	27	28	29	30	31	32	33	34	35	36	37	38	39	40	
G	28	4093	22457	278238	395363	612599	881634	1051448	1240627	1446859	1660595	2097738	2325979	2556117	2789056	3018890	3252432	3483690	3709923	3934449	4150999	4371645	4585963	4802207	5008330	5231297	5445875	5669266	5894927	6153366	6426177	6707897	7071561	7512215	8212836	8519361	8629349	8735864	8838846	8937879	9033869	11965825	
G	29	0	1	2	3	4	5	6	7	8	9	10	11	12	13	14	15	16	17	18	19	20	21	22	23	24	25	26	27	28	29	30	31	32	33	34	35	36	37	38	39	40	
G	29	5046	26698	300271	430297	662029	951739	1131857	1333569	1554274	1783741	2251859	2494594	2738082	2983753	3225023	3467188	3705380	3938645	4170235	4391786	4616254	4832217	5049087	5257097	5479965	5694681	5918989	6143258	6400358	6673495	6954856	7327554	7776807	8514138	8842626	8952107	9057795	9159619	9257042	9350726	11976844	
G	30	0	1	2	3	4	5	6	7	8	9	10	11	12	13	14	15	16	17	18	19	20	21	22	23	24	25	26	27	28	29	30	31	32	33	34	35	36	37	38	39	40	
G	30	5958	31918	325773	471723	723195	1040993	1238246	1459253	1699025	1948526	2454118	2714726	2975399	3236184	3491833	3746074	3994754	4236219	4475555	4703948	4934349	5155268	5377406	5588832	5814742	6030855	6256852	6482415	6740739	7014091	7292652	7663095	8107869	8836997	9166193	9272616	9374772	9472674	9566733	9656506	11980271	
G	31	0	1	2	3	4	5	6	7	8	9	10	11	12	13	14	15	16	17	18	19	20	21	22	23	24	25	26	27	28	29	30	31	32	33	34	35	36	37	38	39	40	
G	31	7019	37788	349655	511890	785684	1132842	1347441	1585200	1843465	2111086	2649222	2923169	3195240	3465584	3728334	3988494	4239555	4484777	4725599	4954660	5185970	5407807	5630335	5841308	6067354	6285790	6512258	6739319	7000153	7277580	7558537	7930329	8375087	9081345	9386788	9490849	9590814	9686796	9778751	9866745	12022352	
G	32	0	1	2	3	4	5	6	7	8	9	10	11	12	13	14	15	16	17	18	19	20	21	22	23	24	25	26	27	28	29	30	31	32	33	34	35	36	37	38	39	40	
G	32	8311	43609	368050	541485	834005	1208645	1438620	1694055	1969319	2252432	2820342	3106358	3388690	3665790	3935682	4200177	4455829	4704650	4948220	5179249	5411396	5634348	5857576	6069837	6298269	6518707	6745995	6972639	7232597	7510069	7789496	8160949	8604115	9306301	9612344	9714260	9811723	9904480	9992737	10076398	11980586	
G	33	0	1	2	3	4	5	6	7	8	9	10	11	12	13	14	15	16	17	18	19	20	21	22	23	24	25	26	27	28	29	30	31	32	33	34	35	36	37	38	39	40	
G	33	9700	49453	385039	576036	902741	1322302	1579031	1860174	2161243	2467068	3070590	3369194	3660445	3945423	4221073	4491798	4752263	5003831	5249934	5483316	5718368	5943546	6168864	6382925	6613617	6835309	7063634	7292252	7552164	7829581	8106687	8470674	8899539	9559412	9832651	9929086	10020984	10108431	10191552	10269702	11933754	
G	34	0	1	2	3	4	5	6	7	8	9	10	11	12	13	14	15	16	17	18	19	20	21	22	23	24	25	26	27	28	29	30	31	32	33	34	35	36	37	38	39	40	
G	34	11494	57779	415873	627652	982316	1436463	1712475	2013464	2332116	2654368	3283126	3592100	3892101	4183562	4463600	4736376	4999070	5251221	5496668	5729032	5963261	6187334	6410493	6621810	6848170	7066087	7290307	7515632	7771357	8044517	8318273	8677883	9101034	9746086	10011841	10103026	10189704	10271391	10349462	10422970	11939668	
G	35	0	1	2	3	4	5	6	7	8	9	10	11	12	13	14	15	16	17	18	19	20	21	22	23	24	25	26	27	28	29	30	31	32	33	34	35	36	37	38	39	40	
G	35	13090	65123	446761	688690	1095100	1608964	1913687	2240730	2580959	2921253	3571430	3885400	4186894	4476385	4752409	5020938	5277250	5523883	5762759	5988696	6215565	6432606	6649490	6854081	7074507	7287041	7505601	7724638	7974547	8243179	8510259	8866002	9282349	9915609	10172402	10256386	10336612	10411974	10483255	10550500	11878819	
G	36	0	1	2	3	4	5	6	7	8	9	10	11	12	13	14	15	16	17	18	19	20	21	22	23	24	25	26	27	28	29	30	31	32	33	34	35	36	37	38	39	40	
G	36	14933	74783	482693	744984	1181705	1727834	2049213	2392397	2747936	3099750	3767124	4086748	4391981	4686282	4965414	5236330	5493993	5742520	5982803	6209858	6437325	6653784	6871176	7073292	7292163	7503328	7719420	7935575	8182717	8447272	8708288	9054368	9456980	10062089	10303090	10382945	10458226	10529362	10596369	10659412	11861942	
G	37	0	1	2	3	4	5	6	7	8	9	10	11	12	13	14	15	16	17	18	19	20	21	22	23	24	25	26	27	28	29	30	31	32	33	34	35	36	37	38	39	40	
G	37	18442	88586	523997	809666	1275356	1859148	2200825	2561553	2931808	3298301	3988646	4316273	4627911	4927565	5210803	5483151	5744183	5991135	6232932	6457834	6686634	6901420	7116116	7319336	7537981	7745706	7957494	8171144	8411703	8664638	8916525	9253996	9645469	10250178	10494363	10568426	10637774	10702937	10763987	10820963	11855204	
G	38	0	1	2	3	4	5	6	7	8	9	10	11	12	13	14	15	16	17	18	19	20	21	22	23	24	25	26	27	28	29	30	31	32	33	34	35	36	37	38	39	40	
G	38	20560	97017	544200	860479	1371383	2001317	2362124	2738286	3119699	3492177	4184687	4509611	4817392	5111112	5387692	5654322	5907519	6148773	6382552	6601854	6819410	7026204	7232053	7425371	7632575	7830938	8035017	8237424	8469422	8717006	8961499	9288940	9669931	10250553	10482848	10552321	10617805	10678866	10736017	10789805	11735897	
G	39	0	1	2	3	4	5	6	7	8	9	10	11	12	13	14	15	16	17	18	19	20	21	22	23	24	25	26	27	28	29	30	31	32	33	34	35	36	37	38	39	40	
G	39	23469	108658	601091	935077	1474857	2145193	2524700	2920062	3317483	3704829	4423544	4757521	5073517	5374527	5658212	5930212	6189480	6435249	6672763	6893270	7116797	7326396	7536407	7733718	7945293	8148011	8353664	8559676	8792632	9040638	9284977	9609239	9983643	10541290	10751425	10814771	10873476	10928532	10980264	11028164	11832438	
G	40	0	1	2	3	4	5	6	7	8	9	10	11	12	13	14	15	16	17	18	19	20	21	22	23	24	25	26	27	28	29	30	31	32	33	34	35	36	37	38	39	40	
G	40	27360	130435	682535	1071393	1676845	2413139	2819749	3237154	3651622	4047388	4768018	5096582	5404130	5692138	5960371	6216113	6457170	6684484	6903136	7105884	7307279	7497931	7689538	7865899	8059433	8245096	8436139	8627834	8850373	9091887	9327026	9646645	10015313	10560186	10759382	10814868	10866772	10915035	10959849	11001363	11698704	
G	41	0	1	2	3	4	5	6	7	8	9	10	11	12	13	14	15	16	17	18	19	20	21	22	23	24	25	26	27	28	29	30	31	32	33	34	35	36	37	38	39	40	
G	41	31003	149358	756045	1170297	1804363	2565822	2981845	3404398	3821622	4220690	4941730	5267482	5572737	5858207	6123604	6376612	6614206	6839485	7053708	7253965	7452976	7640599	7828027	8002795	8194153	8377667	8565087	8753932	8974476	9212846	9445583	9764031	10129050	10671820	10873905	10928085	10978533	11025204	11068529	11109234	11797211	
G	42	0	1	2	3	4	5	6	7	8	9	10	11	12	13	14	15	16	17	18	19	20	21	22	23	24	25	26	27	28	29	30	31	32	33	34	35	36	37	38	39	40	
G	42	34064	165954	865292	1360450	2105975	2965518	3416620	3862112	4292823	4694467	5396986	5705865	5988536	6248213	6486313	6708963	6915159	7108366	7291160	7459872	7625647	7783199	7940205	8083866	8244683	8398828	8559338	8721304	8915016	9127963	9336288	9629158	9969972	10487504	10664414	10699537	10732081	10762212	10789638	10814923	11194374	
G	43	0	1	2	3	4	5	6	7	8	9	10	11	12	13	14	15	16	17	18	19	20	21	22	23	24	25	26	27	28	29	30	31	32	33	34	35	36	37	38	39	40	
G	43	37373	195755	1026909	1550204	2291593	3139021	3574963	4003669	4414382	4798936	5474194	5770476	6043898	6295556	6527586	6746178	6949733	7142192	7325037	7494251	7661656	7820099	7979179	8128207	8294384	8459598	8632346	8814111	9032357	9270606	9502862	9846573	10200462	10681230	10856801	10901500	10942853	10981993	11018240	11052032	11650473	
C	0	2	3	4	5	6	7	8	9	10	11	12	13	14	15	16	17	18	19	20	21	22	23	24	25	26	27	28	29	30	31	32	33	34	35	36	37	38	39	40	
C	0	32886	45816	80066	112591	128424	158380	187161	220030	257636	278178	296112	312428	328536	347103	364129	384831	405075	424760	450879	473428	500828	522864	553186	582986	617492	654808	704499	761118	835619	958322	1227818	3063613	3092974	3124377	3157208	3192522	3228659	3266394	11652016	
C	1	2	3	4	5	6	7	8	9	10	11	12	13	14	15	16	17	18	19	20	21	22	23	24	25	26	27	28	29	30	31	32	33	34	35	36	37	38	39	40	
C	1	49273	65045	110359	152707	180910	216753	252245	286223	332167	354511	376764	399192	421264	446052	470754	497482	524288	549381	581780	609891	641897	674680	712294	748033	795438	844122	909289	983930	1081015	1268472	1575192	2678177	3254411	3285246	3317229	3350632	3385468	3421745	11824411	
C	2	2	3	4	5	6	7	8	9	10	11	12	13	14	15	16	17	18	19	20	21	22	23	24	25	26	27	28	29	30	31	32	33	34	35	36	37	38	39	40	
C	2	54591	70665	115462	157780	186863	224272	262627	298841	347119	370832	394120	417399	440168	466335	492286	519903	548380	574740	608681	638290	672383	706674	745884	783854	833289	884013	952339	1029385	1126360	1309828	1612758	2660456	3200471	3229815	3260278	3292016	3325164	3359111	11737686	
C	3	2	3	4	5	6	7	8	9	10	11	12	13	14	15	16	17	18	19	20	21	22	23	24	25	26	27	28	29	30	31	32	33	34	35	36	37	38	39	40	
C	3	60112	75382	119493	160636	188695	225866	263298	298719	345061	367727	389803	412090	434353	459763	484459	511443	538922	564015	596748	624775	657178	689457	727486	763758	810660	859414	925152	999632	1095455	1276582	1576127	2607421	3125357	3147928	3170931	3194387	3218718	3243744	11754492	
C	4	2	3	4	5	6	7	8	9	10	11	12	13	14	15	16	17	18	19	20	21	22	23	24	25	26	27	28	29	30	31	32	33	34	35	36	37	38	39	40	
C	4	67176	83924	133667	177588	209681	250612	290228	326366	374761	398626	422691	446997	471276	498217	525383	553717	582567	609315	643708	673826	707228	740877	780014	817497	865902	915576	983176	1060785	1161022	1348902	1657978	2709820	3216599	3239833	3263818	3288238	3313502	3339105	11571360	
C	5	2	3	4	5	6	7	8	9	10	11	12	13	14	15	16	17	18	19	20	21	22	23	24	25	26	27	28	29	30	31	32	33	34	35	36	37	38	39	40	
C	5	75420	96623	151082	202451	237149	279173	321973	361984	419779	448236	476819	505827	534905	567811	600618	636067	673055	708545	752267	792462	838062	885154	939594	993502	1059806	1130497	1221268	1324582	1454343	1677379	2035511	3140977	3632362	3681977	3732967	3785304	3838678	3892979	12091705	
C	6	2	3	4	5	6	7	8	9	10	11	12	13	14	15	16	17	18	19	20	21	22	23	24	25	26	27	28	29	30	31	32	33	34	35	36	37	38	39	40	
C	6	83253	108285	170417	227702	264341	308180	352623	394539	455331	484839	514364	544307	573848	607280	640347	675652	712495	747289	789998	829299	873780	919198	971907	1023635	1087616	1154740	1241581	1341258	1466860	1685399	2035667	3118368	3605445	3652056	3700564	3749924	3800522	3852224	11897665	
C	7	2	3	4	5	6	7	8	9	10	11	12	13	14	15	16	17	18	19	20	21	22	23	24	25	26	27	28	29	30	31	32	33	34	35	36	37	38	39	40	
C	7	86872	112115	175296	234602	272370	316392	361084	403022	462940	492073	521619	551353	580885	614052	647460	683036	720081	755457	798665	838472	882834	929129	981992	1034795	1099487	1167760	1256813	1358654	1488580	1712045	2072791	3147068	3592507	3638012	3684792	3733034	3782133	3832637	12063144	
C	8	2	3	4	5	6	7	8	9	10	11	12	13	14	15	16	17	18	19	20	21	22	23	24	25	26	27	28	29	30	31	32	33	34	35	36	37	38	39	40	
C	8	89735	116006	181872	243296	281803	326761	372804	415895	480060	511763	543361	575264	607225	643333	678985	717342	757045	795886	842182	885912	934707	984919	1042814	1100667	1170725	1244538	1340019	1449072	1584688	1815248	2178093	3263340	3744697	3798651	3854161	3911443	3969514	4028820	12233561	
C	9	2	3	4	5	6	7	8	9	10	11	12	13	14	15	16	17	18	19	20	21	22	23	24	25	26	27	28	29	30	31	32	33	34	35	36	37	38	39	40	
C	9	93849	120347	184851	244892	283619	328890	374556	417194	482531	514998	548111	581233	614813	652829	690571	730669	772744	813853	863017	909930	962288	1016331	1078228	1140391	1214907	1293637	1394292	1508232	1651214	1889303	2266117	3355606	3819401	3876626	3936140	3997013	4058495	4120478	12243440	
C	10	2	3	4	5	6	7	8	9	10	11	12	13	14	15	16	17	18	19	20	21	22	23	24	25	26	27	28	29	30	31	32	33	34	35	36	37	38	39	40	
C	10	98365	126453	191589	253464	292441	338260	384603	428952	497311	531486	566671	602045	638216	678716	719926	764090	810628	856269	910577	962943	1021158	1081066	1149215	1217519	1298592	1383852	1492037	1612485	1761620	2004474	2384106	3463036	3935122	3999192	4064039	4129523	4195978	4262754	12179007	
C	11	2	3	4	5	6	7	8	9	10	11	12	13	14	15	16	17	18	19	20	21	22	23	24	25	26	27	28	29	30	31	32	33	34	35	36	37	38	39	40	
C	11	108237	139614	208290	274564	315758	364249	414052	461677	537879	576472	616176	656663	698397	744667	791641	842373	896066	949524	1011841	1072244	1139319	1208771	1286128	1365258	1457044	1552962	1672256	1804581	1965226	2220095	2613309	3701746	4183446	4256383	4330571	4404873	4479873	4554435	12185459	
C	12	2	3	4	5	6	7	8	9	10	11	12	13	14	15	16	17	18	19	20	21	22	23	24	25	26	27	28	29	30	31	32	33	34	35	36	37	38	39	40	
C	12	113849	150597	228708	303246	348299	399823	452412	503232	585337	627186	669852	714155	759386	809387	860142	915482	974571	1032895	1101289	1168608	1242507	1319658	1405924	1493881	1595538	1702202	1831706	1974470	2147086	2415669	2821002	3920805	4402161	4486893	4572085	4657110	4741872	4826334	12205733	
C	13	2	3	4	5	6	7	8	9	10	11	12	13	14	15	16	17	18	19	20	21	22	23	24	25	26	27	28	29	30	31	32	33	34	35	36	37	38	39	40	
C	13	124442	165773	252302	333238	382056	436548	492997	547298	636733	683136	731141	780741	832961	890240	949661	1013778	1082533	1152335	1232803	1313770	1402445	1495522	1599485	1704959	1823369	1948314	2097498	2261823	2457523	2748788	3179469	4280085	4745598	4842471	4938880	5034763	5129909	5224240	12265194	
C	14	2	3	4	5	6	7	8	9	10	11	12	13	14	15	16	17	18	19	20	21	22	23	24	25	26	27	28	29	30	31	32	33	34	35	36	37	38	39	40	
C	14	133121	180014	273720	361983	414949	473584	533758	592175	691967	744416	799145	856203	916397	982740	1052425	1128574	1209732	1292994	1388177	1485316	1590386	1700317	1821366	1944665	2080629	2224008	2391699	2573888	2786765	3095514	3542091	4643486	5109412	5216136	5321268	5424402	5526660	5625786	12299173	
C	15	2	3	4	5	6	7	8	9	10	11	12	13	14	15	16	17	18	19	20	21	22	23	24	25	26	27	28	29	30	31	32	33	34	35	36	37	38	39	40	
C	15	137139	184700	276472	364389	418108	478274	540027	599906	706048	762111	821486	883954	950268	1023659	1101256	1185155	1275021	1367952	1472926	1579103	1693152	1811787	1941535	2072567	2216265	2366041	2540431	2728746	2948241	3264221	3721150	4813190	5261324	5367889	5472202	5575377	5676663	5776372	12276571	
C	16	2	3	4	5	6	7	8	9	10	11	12	13	14	15	16	17	18	19	20	21	22	23	24	25	26	27	28	29	30	31	32	33	34	35	36	37	38	39	40	
C	16	155732	220649	331661	443482	511176	586339	664879	744282	897846	982659	1074985	1174273	1281919	1402200	1529720	1667211	1814308	1966529	2131252	2296780	2469063	2644234	2825922	3005504	3193451	3382810	3592650	3812345	4058141	4396856	4872477	5971258	6433526	6551385	6666586	6777933	6885963	6991616	12233868	
C	17	2	3	4	5	6	7	8	9	10	11	12	13	14	15	16	17	18	19	20	21	22	23	24	25	26	27	28	29	30	31	32	33	34	35	36	37	38	39	40	
C	17	170859	246540	371022	496339	570987	653739	740843	829000	1002296	1098814	1203468	1316873	1438738	1573877	1716647	1869984	2032022	2198560	2375937	2553224	2735356	2917578	3106519	3291132	3483469	3675392	3886942	4108669	4357038	4698014	5174812	6264049	6704921	6817931	6927556	7034150	7137480	7238138	12340984	
C	18	2	3	4	5	6	7	8	9	10	11	12	13	14	15	16	17	18	19	20	21	22	23	24	25	26	27	28	29	30	31	32	33	34	35	36	37	38	39	40	
C	18	175696	253631	379107	510860	591743	682909	781647	883987	1098979	1223740	1362295	1513272	1677496	1856545	2044972	2243003	2446897	2651174	2861481	3066346	3270650	3470452	3671733	3865406	4063208	4259338	4475226	4701424	4956749	5307236	5797526	6881136	7315111	7436238	7554730	7670804	7784909	7896843	12282242	
C	19	2	3	4	5	6	7	8	9	10	11	12	13	14	15	16	17	18	19	20	21	22	23	24	25	26	27	28	29	30	31	32	33	34	35	36	37	38	39	40	
C	19	187053	270411	402693	539420	621794	715103	815664	920564	1141093	1268458	1409889	1563089	1728752	1908235	2097323	2294774	2496858	2698918	2905567	3105174	3305300	3499744	3695762	3884854	4077411	4268261	4477675	4696626	4941034	5280558	5753802	6862768	7340821	7461223	7579190	7694221	7807307	7918549	12370025	
C	20	2	3	4	5	6	7	8	9	10	11	12	13	14	15	16	17	18	19	20	21	22	23	24	25	26	27	28	29	30	31	32	33	34	35	36	37	38	39	40	
C	20	191930	276583	409896	551025	637252	734747	841336	952979	1191385	1328772	1480553	1642392	1817425	2003649	2196597	2397086	2600304	2800849	3006358	3202856	3398049	3588951	3782113	3967379	4157205	4346368	4554346	4773518	5019174	5357729	5832356	6931471	7399708	7520453	7637876	7753390	7866919	7978232	12285050	
C	21	2	3	4	5	6	7	8	9	10	11	12	13	14	15	16	17	18	19	20	21	22	23	24	25	26	27	28	29	30	31	32	33	34	35	36	37	38	39	40	
C	21	203032	299275	447768	610275	710054	823660	950841	1088442	1389214	1564576	1756397	1959880	2174259	2397448	2623144	2850031	3073479	3289329	3506098	3711488	3911774	4106096	4300730	4488720	4681801	4873505	5085447	5308999	5556051	5898210	6375899	7476951	7957213	8081492	8202812	8321320	8436776	8549323	12282521	
C	22	2	3	4	5	6	7	8	9	10	11	12	13	14	15	16	17	18	19	20	21	22	23	24	25	26	27	28	29	30	31	32	33	34	35	36	37	38	39	40	
C	22	218610	324316	481516	652860	757562	876597	1009808	1154120	1471880	1655961	1857529	2068329	2289146	2516753	2745852	2974789	3200728	3416787	3631205	3834214	4032682	4225737	4417554	4602131	4792149	4980254	5186613	5402683	5639690	5971807	6427270	7534219	8059163	8181327	8300508	8416863	8529867	8639525	12335889	
C	23	2	3	4	5	6	7	8	9	10	11	12	13	14	15	16	17	18	19	20	21	22	23	24	25	26	27	28	29	30	31	32	33	34	35	36	37	38	39	40	
C	23	229502	338206	500598	683127	797728	928048	1073569	1230840	1579724	1780485	1996308	2219995	2451010	2686751	2918832	3149371	3375061	3588911	3801536	4004693	4203428	4396809	4592151	4781486	4975565	5171724	5390648	5624651	5888142	6250964	6750737	7802379	8209646	8331601	8450285	8565981	8678624	8788240	12314159	
C	24	2	3	4	5	6	7	8	9	10	11	12	13	14	15	16	17	18	19	20	21	22	23	24	25	26	27	28	29	30	31	32	33	34	35	36	37	38	39	40	
C	24	247618	367171	545346	742510	867694	1007965	1163415	1331068	1703999	1915269	2142528	2376051	2614486	2855222	3091669	3325153	3553222	3769866	3985696	4189379	4391688	4589731	4791522	4990285	5196220	5412498	5650610	5897774	6193567	6574609	7086435	8044179	8376662	8497280	8615675	8730570	8842586	8951283	12366298	
C	25	0	1	2	3	4	5	6	7	8	9	10	11	12	13	14	15	16	17	18	19	20	21	22	23	24	25	26	27	28	29	30	31	32	33	34	35	36	37	38	39	40	
C	25	8957	47275	301480	424631	608417	818607	953489	1105615	1274654	1456756	1863494	2090768	2332271	2576365	2821459	3066542	3306277	3540508	3768670	3984635	4200831	4405595	4609186	4808591	5014246	5217251	5428038	5650879	5895370	6147594	6449233	6830633	7328757	8221336	8532353	8653314	8770955	8884918	8994950	9101180	12269894	
C	26	0	1	2	3	4	5	6	7	8	9	10	11	12	13	14	15	16	17	18	19	20	21	22	23	24	25	26	27	28	29	30	31	32	33	34	35	36	37	38	39	40	
C	26	10611	52864	321696	455945	652645	874843	1017416	1177445	1355183	1546892	1974917	2211605	2461778	2711800	2962293	3210147	3451856	3686888	3915737	4131619	4348856	4555732	4760847	4962613	5170507	5376271	5589260	5812425	6057946	6313056	6616690	7001841	7504575	8383395	8684169	8805553	8922673	9035985	9145866	9251988	12343893	
C	27	0	1	2	3	4	5	6	7	8	9	10	11	12	13	14	15	16	17	18	19	20	21	22	23	24	25	26	27	28	29	30	31	32	33	34	35	36	37	38	39	40	
C	27	12955	63049	349075	495321	708116	955172	1112962	1292029	1491060	1707263	2179042	2433918	2700259	2960651	3216502	3466302	3707853	3940237	4166396	4380322	4593638	4796169	4997735	5196577	5399457	5599848	5808177	6028106	6267807	6513719	6802900	7173712	7663810	8625247	8987040	9103726	9216882	9326327	9431439	9533365	12385376	
C	28	0	1	2	3	4	5	6	7	8	9	10	11	12	13	14	15	16	17	18	19	20	21	22	23	24	25	26	27	28	29	30	31	32	33	34	35	36	37	38	39	40	
C	28	15074	73072	375081	532857	762258	1039486	1216302	1417349	1641521	1885308	2407950	2684044	2965437	3237926	3502819	3758479	4001459	4235736	4461345	4674539	4885861	5087780	5286228	5478598	5676008	5867774	6063814	6260911	6483791	6720024	6984791	7347461	7839189	8842770	9227777	9339675	9447344	9551090	9650656	9746312	12331447	
C	29	0	1	2	3	4	5	6	7	8	9	10	11	12	13	14	15	16	17	18	19	20	21	22	23	24	25	26	27	28	29	30	31	32	33	34	35	36	37	38	39	40	
C	29	17127	83099	403999	573840	816080	1111968	1300319	1515902	1756178	2016523	2568072	2856218	3145605	3423784	3691716	3948111	4191744	4426342	4651246	4864217	5075060	5274916	5472705	5664166	5859390	6049351	6243202	6438247	6655034	6885578	7139250	7494422	7971491	9001433	9423167	9533811	9639874	9741772	9839084	9932968	12370503	
C	30	0	1	2	3	4	5	6	7	8	9	10	11	12	13	14	15	16	17	18	19	20	21	22	23	24	25	26	27	28	29	30	31	32	33	34	35	36	37	38	39	40	
C	30	20373	96428	437197	623464	885814	1206495	1411825	1644619	1904043	2183186	2767821	3066639	3366342	3649669	3920733	4179532	4424462	4659415	4884819	5098254	5308838	5509195	5706230	5897402	6094096	6283167	6475890	6670010	6886091	7115617	7368306	7721581	8197517	9212513	9624980	9732357	9835571	9934235	10028710	10119280	12393799	
C	31	0	1	2	3	4	5	6	7	8	9	10	11	12	13	14	15	16	17	18	19	20	21	22	23	24	25	26	27	28	29	30	31	32	33	34	35	36	37	38	39	40	
C	31	24919	117075	481161	688254	984677	1356981	1593899	1862876	2158121	2471756	3109574	3425716	3734198	4022627	4294041	4550560	4791846	5022402	5243844	5452680	5659565	5855756	6049521	6237896	6429725	6615480	6804735	6995904	7211933	7442002	7696899	8053481	8532308	9508721	9881754	9982020	10078383	10170647	10258414	10342476	12370404	
C	32	0	1	2	3	4	5	6	7	8	9	10	11	12	13	14	15	16	17	18	19	20	21	22	23	24	25	26	27	28	29	30	31	32	33	34	35	36	37	38	39	40	
C	32	28564	132902	515903	741209	1066614	1485342	1751620	2049944	2372942	2711950	3381496	3705529	4016370	4304597	4574673	4830685	5073419	5305057	5527843	5737879	5946635	6145561	6340612	6529176	6722084	6908247	7098191	7288748	7503095	7731776	7982745	8336443	8813733	9784055	10146101	10242648	10334189	10421390	10503821	10582355	12351513	
C	33	0	1	2	3	4	5	6	7	8	9	10	11	12	13	14	15	16	17	18	19	20	21	22	23	24	25	26	27	28	29	30	31	32	33	34	35	36	37	38	39	40	
C	33	33561	149896	554687	796529	1147833	1603657	1893033	2213755	2556606	2908394	3592399	3915990	4226081	4514851	4785543	5041291	5285557	5519106	5743462	5955193	6165205	6364676	6560644	6748950	6941223	7127630	7316976	7508155	7722491	7952537	8207597	8564030	9042257	9981994	10315766	10407006	10493565	10575890	10653977	10727541	12331572	
C	34	0	1	2	3	4	5	6	7	8	9	10	11	12	13	14	15	16	17	18	19	20	21	22	23	24	25	26	27	28	29	30	31	32	33	34	35	36	37	38	39	40	
C	34	37788	166255	596960	853695	1226910	1708421	2014364	2349768	2706251	3070252	3769904	4100380	4413673	4703071	4973485	5229497	5472533	5704946	5929039	6140661	6349293	6546712	6741285	6928620	7120172	7304462	7491920	7681573	7895111	8123569	8377441	8733528	9207880	10133816	10466123	10554931	10638848	10718000	10793319	10864352	12397174	
C	35	0	1	2	3	4	5	6	7	8	9	10	11	12	13	14	15	16	17	18	19	20	21	22	23	24	25	26	27	28	29	30	31	32	33	34	35	36	37	38	39	40	
C	35	43650	191308	652590	939902	1362529	1908673	2249275	2615323	2995065	3377483	4089112	4416478	4725663	5010764	5275363	5526325	5764158	5990763	6208977	6414318	6617225	6809586	6998638	7179769	7364915	7544320	7725011	7908207	8115451	8337384	8583124	8931608	9394923	10307177	10635626	10717164	10794308	10867123	10936181	11000916	12362485	
C	36	0	1	2	3	4	5	6	7	8	9	10	11	12	13	14	15	16	17	18	19	20	21	22	23	24	25	26	27	28	29	30	31	32	33	34	35	36	37	38	39	40	
C	36	49165	218228	712886	1026935	1490908	2086605	2454130	2841858	3241520	3635843	4359185	4689819	4999315	5283087	5546442	5795504	6032614	6257655	6473698	6676938	6877192	7066792	7253687	7430011	7611458	7787110	7965658	8146098	8352438	8574953	8821962	9169210	9627780	10491938	10783308	10858643	10929525	10996128	11059370	11118317	12365348	
C	37	0	1	2	3	4	5	6	7	8	9	10	11	12	13	14	15	16	17	18	19	20	21	22	23	24	25	26	27	28	29	30	31	32	33	34	35	36	37	38	39	40	
C	37	57803	246224	771871	1113034	1611843	2251670	2639871	3046443	3455820	3857679	4584911	4913764	5221487	5503652	5766206	6015405	6252461	6477313	6693301	6895281	7095259	7282975	7468007	7646302	7829590	8007770	8189333	8379676	8587084	8802779	9044712	9375170	9810635	10660287	10961771	11032670	11098958	11160755	11218897	11273680	12359599	
C	38	0	1	2	3	4	5	6	7	8	9	10	11	12	13	14	15	16	17	18	19	20	21	22	23	24	25	26	27	28	29	30	31	32	33	34	35	36	37	38	39	40	
C	38	65576	280259	828992	1204637	1754742	2452994	2865734	3287518	3705265	4108266	4825647	5148276	5448232	5724523	5982317	6227541	6457614	6677119	6886274	7082308	7273983	7454145	7630868	7798283	7970667	8135546	8302636	8471254	8663713	8872390	9103543	9432153	9867225	10690786	10965665	11031185	11092141	11149058	11202380	11252201	12237161	
C	39	0	1	2	3	4	5	6	7	8	9	10	11	12	13	14	15	16	17	18	19	20	21	22	23	24	25	26	27	28	29	30	31	32	33	34	35	36	37	38	39	40	
C	39	71304	301489	894106	1282230	1856384	2586255	3018159	3455854	3888386	4304246	5044520	5376847	5684205	5968337	6231932	6479299	6712522	6933028	7143199	7338597	7531163	7710533	7885781	8053856	8226668	8394357	8565904	8745960	8946855	9157522	9397995	9723595	10151556	10950751	11209014	11267949	11323192	11374650	11422190	11466711	12294539	
C	40	0	1	2	3	4	5	6	7	8	9	10	11	12	13	14	15	16	17	18	19	20	21	22	23	24	25	26	27	28	29	30	31	32	33	34	35	36	37	38	39	40	
C	40	83325	340532	980104	1407028	2038820	2823917	3276399	3726975	4166026	4582838	5317011	5643112	5945214	6222008	6478505	6720691	6947742	7161786	7364681	7553734	7736281	7907985	8075377	8232730	8394981	8551823	8710363	8872748	9061331	9268629	9498597	9830047	10265087	11069616	11318975	11373698	11424561	11472021	11516108	11556888	12311115	
C	41	0	1	2	3	4	5	6	7	8	9	10	11	12	13	14	15	16	17	18	19	20	21	22	23	24	25	26	27	28	29	30	31	32	33	34	35	36	37	38	39	40	
C	41	91428	380960	1072040	1539838	2221414	3049039	3517547	3976092	4417440	4834618	5559346	5879512	6174623	6444823	6694766	6930489	7150943	7358624	7554375	7736022	7911846	8076203	8237462	8387885	8543333	8694040	8845820	8999934	9182214	9384281	9608581	9935150	10364361	11152567	11400052	11450673	11497473	11541373	11582098	11619988	12361721	
C	42	0	1	2	3	4	5	6	7	8	9	10	11	12	13	14	15	16	17	18	19	20	21	22	23	24	25	26	27	28	29	30	31	32	33	34	35	36	37	38	39	40	
C	42	101730	438026	1240678	1775374	2558785	3495152	4012609	4507970	4977416	5412316	6149838	6468146	6755944	7017092	7254780	7475166	7677895	7868083	8046644	8211397	8369467	8516748	8659569	8793012	8931855	9066031	9201695	9341177	9508553	9694304	9904042	10214430	10630002	11405055	11639620	11678085	11713797	11746900	11777374	11805305	12244562	
C	43	0	1	2	3	4	5	6	7	8	9	10	11	12	13	14	15	16	17	18	19	20	21	22	23	24	25	26	27	28	29	30	31	32	33	34	35	36	37	38	39	40	
C	43	108552	482040	1325622	1864763	2655554	3589642	4096319	4570153	5008944	5414839	6092818	6383050	6647328	6885798	7105612	7311219	7502147	7682822	7853288	8011255	8165098	8309747	8453060	8586662	8729664	8871879	9018486	9176745	9368619	9587634	9819554	10181638	10593157	11224923	11408667	11450856	11490332	11527036	11560847	11592426	12211898	
N	0	
N	0	
N	1	
N	1	
N	2	
N	2	
N	3	
N	3	
N	4	
N	4	
N	5	
N	5	
N	6	
N	6	
N	7	
N	7	
N	8	
N	8	
N	9	
N	9	
N	10	
N	10	
N	11	
N	11	
N	12	
N	12	
N	13	
N	13	
N	14	
N	14	
N	15	
N	15	
N	16	
N	16	
N	17	
N	17	
N	18	
N	18	
N	19	
N	19	
N	20	
N	20	
N	21	
N	21	
N	22	
N	22	
N	23	
N	23	
N	24	
N	24	
N	25	1	2	4	5	7	8	
N	25	2172	14778	283906	283907	283908	283911	
N	26	1	2	4	5	7	8	9	10	11	
N	26	201	15191	350454	350455	350456	350458	350459	350460	350462	
N	27	1	2	4	5	8	9	11	
N	27	762	967	1003	1004	1005	1006	1007	
N	28	1	2	4	5	8	11	12	
N	28	229	463	487	488	492	494	495	
N	29	1	2	4	5	7	8	9	11	13	
N	29	907	1155	1179	1180	1181	1185	1187	1188	1190	
N	30	1	2	4	6	9	12	
N	30	880	1100	1118	1119	1120	1121	
N	31	1	2	4	8	9	11	12	
N	31	521	735	755	759	760	761	762	
N	32	1	2	4	8	9	10	12	
N	32	373	620	636	638	639	640	641	
N	33	1	2	4	8	
N	33	979	1199	1219	1221	
N	34	1	2	4	5	8	10	11	
N	34	1042	1249	1274	1275	1277	1278	1279	
N	35	1	2	4	5	8	9	11	
N	35	1028	1259	1276	1277	1281	1282	1283	
N	36	1	2	4	5	6	7	8	9	10	11	12	13	14	15	
N	36	355	1377	8861	9227	9253	9327	10005	10283	10306	10478	10530	10595	10607	10609	
N	37	1	2	4	7	8	9	11	14	
N	37	2079	2306	2328	2329	2333	2334	2335	2336	
N	38	1	2	4	5	8	9	10	
N	38	593	75856	435860	435861	435862	435864	435866	
N	39	1	2	4	5	11	13	
N	39	1417	1634	1646	1647	1648	1649	
N	40	1	2	4	7	8	9	11	
N	40	3039	3272	3284	3285	3287	3290	3292	
N	41	1	2	4	5	7	11	
N	41	954	1165	1178	1180	1181	1183	
N	42	1	2	4	8	9	11	
N	42	369	596	604	605	606	607	
N	43	1	2	4	11	12	
N	43	496	754	756	758	759	
