.	0	5	6	7	8	9	10	11	12	13	14	15	16	17	18	19	20	21	22	23	24	25	26	27	28	29	30	31	32	33	34	35	
.	0	24169	108679	230878	432989	531637	687985	724072	757448	827457	1045400	1182089	1284825	1364606	1444283	1592857	1765902	2020367	2511428	3007139	3455841	4698345	6564440	7237939	26839079	54160047	75144180	75682608	82040869	82063067	82204505	82254207	
.	1	5	6	7	8	9	10	11	12	13	14	15	16	17	18	19	20	21	22	23	24	25	26	27	28	29	30	31	32	33	34	35	
.	1	111162	206396	401928	632112	775230	853716	922689	954291	1067517	1310598	1432631	1590962	1745214	1880401	2093889	2314970	2716675	3273191	3898551	4497929	5992606	8434082	9290540	29947207	59379370	77119851	77926714	81280341	82027873	82194240	82254207	
.	2	4	5	6	7	8	9	10	11	12	13	14	15	16	17	18	19	20	21	22	23	24	25	26	27	28	29	30	31	32	33	34	35	36	
.	2	12976	66551	160910	402216	526845	651279	912091	1052371	1148009	1323127	1468386	1674165	1875230	2001675	2192339	2437040	2693812	3268715	3772388	3972031	4333886	5529218	6153684	8515562	14752057	32486195	54232139	66366146	79355339	79987426	81665696	82033214	82254207	
.	3	4	5	6	7	8	9	10	11	12	13	14	15	16	17	18	19	20	21	22	23	24	25	26	27	28	29	30	31	32	33	34	35	
.	3	13469	124341	166829	439437	629318	799195	916263	1135121	1188670	1305090	1493106	1620449	1810134	1943197	2113563	2611808	2831400	3088128	3246099	3789108	4284867	4919799	5423139	8301296	12027477	27259906	37416662	65154274	76635309	81159738	82211328	82254207	
.	4	4	5	6	7	8	9	10	11	12	13	14	15	16	17	18	19	20	21	22	23	24	25	26	27	28	29	30	31	32	33	34	35	36	
.	4	18413	119103	172027	400714	601464	696866	978707	1049357	1161901	1280982	1582298	1697490	1877462	2058806	2196321	2349214	2579799	3058686	3548292	4015411	4324787	4768266	6290874	6572668	7877618	10587330	32713611	55682918	75761283	77748332	81894831	82156164	82254207	
.	5	5	6	7	8	9	10	11	12	13	14	15	16	17	18	19	20	21	22	23	24	25	26	27	28	29	30	31	32	33	34	35	36	
.	5	79444	233846	417268	619233	737841	953680	1017326	1157088	1315626	1592687	1762868	1949894	2122275	2387556	2487561	2792698	2970933	3127888	3814639	4406980	5214711	5891668	6783493	7964924	14373178	22671461	37830939	69769878	76615133	79769657	81436359	82254207	
.	6	4	5	6	7	8	9	10	11	12	13	14	15	16	17	18	19	20	21	22	23	24	25	26	27	28	29	30	31	32	33	34	35	36	37	
.	6	18015	116664	233005	462072	635341	767711	980887	1072217	1233950	1345988	1506390	1598351	1715668	1958442	2332179	2487525	2792790	3214496	3550084	3982704	4835344	5272845	6107562	6494369	7597463	11176905	18258760	41340798	61419214	77091256	81087366	81485951	81569592	82254207	
.	7	4	5	6	7	8	9	10	11	12	13	14	15	16	17	18	19	20	21	22	23	24	25	26	27	28	29	30	31	32	33	34	35	36	37	
.	7	20766	125413	240076	317050	610271	817226	988104	1110064	1342941	1421886	1609200	1739281	2037327	2149681	2282486	2612341	2703663	3147229	3731656	4044568	4437812	5073673	5984077	7541826	8211639	10944101	23445660	47338273	55573879	70209462	75905381	80274229	82067732	82254207	
.	8	5	6	7	8	9	10	11	12	13	14	15	16	17	18	19	20	21	22	23	24	25	26	27	28	29	30	31	32	33	34	35	36	37	
.	8	95717	293163	402842	654474	825574	936246	1177475	1336511	1506759	1666284	1765576	2106552	2280381	2396358	2623773	3067140	3330701	3979587	4349649	4759006	5222425	5942256	7057532	8098551	10399233	31896805	39474190	65750735	79466159	79926486	80513480	81642674	82254207	
.	9	4	5	6	7	8	9	10	11	12	13	14	15	16	17	18	19	20	21	22	23	24	25	26	27	28	29	30	31	32	33	34	35	36	
.	9	25303	146228	213085	492524	677382	915015	1133690	1229671	1278572	1505906	1669284	1778658	2175721	2304019	2457226	2600873	2975737	3049378	3562035	3732488	4363629	5523780	6051803	7150187	9107399	12416820	26138631	48433162	63409196	69841996	79349024	80037433	82254207	
.	10	5	6	7	8	9	10	11	12	13	14	15	16	17	18	19	20	21	22	23	24	25	26	27	28	29	30	31	32	33	34	35	36	37	
.	10	157868	247216	404166	630598	894677	1190213	1233233	1323291	1494150	1763319	1976862	2202495	2371108	2494216	2676748	2915925	3083505	3400361	3949791	4458134	5015267	5563687	6816121	7505606	11974505	18487708	44901463	58096131	65248452	79587321	81227824	81936171	82254207	
.	11	5	6	7	8	9	10	11	12	13	14	15	16	17	18	19	20	21	22	23	24	25	26	27	28	29	30	31	32	33	34	35	36	37	
.	11	140482	255046	447978	794073	927236	1151357	1228447	1447432	1540724	1686311	1877680	1981320	2160538	2481087	2928033	3243382	3344453	3784450	4388248	4726131	5912011	6293581	7569587	9966713	10666687	23071724	40228220	58898907	62653467	76592529	79954876	81395142	82254207	
.	12	4	5	6	7	8	9	10	11	12	13	14	15	16	17	18	19	20	21	22	23	24	25	26	27	28	29	30	31	32	33	34	35	36	37	
.	12	29594	151807	253533	434120	725385	886899	1142063	1321157	1491486	1693096	1760286	2000530	2293932	2460974	2613061	2832562	3087560	3619223	3660831	4020623	4460642	5258206	6494733	7154985	8420270	10466990	16080246	43761317	62854964	75137602	78592064	79458546	81331130	82254207	
.	13	5	6	7	8	9	10	11	12	14	15	16	17	18	19	20	21	22	23	24	25	26	27	28	29	30	31	32	33	34	35	36	
.	13	155507	243271	433763	710830	1001241	1185428	1383891	1592266	1793328	1960958	2092389	2382270	2820555	3311873	3840226	4055707	4479282	4853250	5299968	5755816	7457889	8298631	8713805	9699407	20455530	42599813	54625500	65549937	79223281	81283619	82254207	
.	14	5	6	7	8	9	10	11	12	13	14	15	16	17	18	19	20	21	22	23	24	25	26	27	28	29	30	31	32	33	34	35	36	37	38	
.	14	196769	347000	526273	786089	1036883	1119133	1402643	1547917	1633334	1844291	2015321	2395125	2608762	2998443	3310931	3793085	4129217	4306971	4807966	5207071	6017695	6860125	8071291	9659676	12206502	21103482	42244615	59855521	74998641	81018772	81391178	81501707	81704403	82254207	
.	15	4	5	6	7	8	9	10	11	12	13	14	15	16	17	18	19	20	21	22	23	24	25	26	27	28	29	30	31	32	33	34	35	36	37	
.	15	30699	167556	275517	574135	948316	1055878	1339706	1534305	1584439	1738914	2003070	2119245	2204524	2614378	2844458	3275775	3492937	3745456	4650882	5169186	5938712	6523858	7054549	8507740	10062778	15711390	23114158	35190499	53571289	63081271	72756505	78880489	81696656	82254207	
.	16	5	6	7	8	9	10	11	12	13	14	15	16	17	18	19	20	21	22	23	24	25	26	27	28	29	30	31	32	33	34	35	36	37	
.	16	192813	319836	605387	868741	1098691	1245094	1474840	1687056	1802360	2051650	2273786	2660592	2826011	3060958	3257676	3754135	4104762	4830476	5154245	5692599	6656856	7089762	8081348	10119388	12342485	22822871	36124810	50190529	59630567	72232495	79719115	80290291	82254207	
.	17	5	6	7	8	9	10	11	12	13	14	15	16	17	18	19	20	21	22	23	24	25	26	27	28	29	30	31	32	33	34	35	36	
.	17	241422	344575	581096	844612	1244995	1382883	1600483	1809251	1930981	2085621	2453094	2525170	2806447	3210387	3705477	3885561	4686185	4829734	5256081	6172105	6950651	8355223	9097587	11331223	15176221	22704153	38792408	55598695	72549018	79130776	81282273	82254207	
.	18	5	6	7	8	9	10	11	12	13	14	15	16	17	18	19	20	21	22	23	24	25	26	27	28	29	30	31	32	33	34	35	36	37	38	
.	18	210314	396018	601516	943826	1184268	1348724	1614276	1780073	1979657	2143719	2560701	2661793	2992688	3289456	3463869	3954488	4373482	4781077	5614598	6715560	7508122	8087532	9170519	10684223	13829870	21094100	33961804	55027705	78018023	79965689	80021555	80110603	80854994	82254207	
.	19	5	6	7	8	9	10	11	12	13	14	15	16	17	18	19	20	21	22	23	24	25	26	27	28	29	30	31	32	33	34	35	36	38	
.	19	262240	437048	699727	1019085	1280168	1541539	1779027	1867710	2019172	2174968	2352527	2615837	3007423	3177592	3393278	4023401	4438772	4843733	5658279	6927402	7845133	7879020	8715234	10561514	14152439	28313659	44939505	58477674	72043453	79100550	81073371	81731138	82254207	
.	20	4	5	6	7	8	9	10	11	12	13	14	15	16	17	18	19	20	21	22	23	24	25	26	27	28	29	30	31	32	33	34	35	36	37	
.	20	48937	231216	464105	749145	1125496	1389917	1645051	1792077	1924999	2119144	2527877	2756725	2874973	3120540	3572634	3952304	4144727	5057235	5254062	6129417	7157510	8213601	9318756	10308093	12518627	14894379	21127066	37259126	51308602	69579709	80270668	80711980	81680244	82254207	
.	21	5	6	7	8	9	10	11	12	13	14	15	16	17	18	19	20	21	22	23	24	25	26	27	28	29	30	31	32	33	34	35	36	37	
.	21	158205	466081	712125	1041707	1411287	1746183	1843044	2053214	2183066	2353005	2861049	3153472	3393717	3832339	4263227	4933836	5287364	5582953	6402775	7274630	7440351	9383587	10351088	12228218	14458604	16527595	41940903	57564733	74043329	79301162	81452450	81547357	82254207	
.	22	5	6	7	8	9	10	11	12	13	14	15	16	17	18	19	20	21	22	23	24	25	26	27	28	29	30	31	32	33	34	35	
.	22	314101	486124	725966	1128916	1399552	1662743	1919238	2197213	2380834	2654703	2957943	3268777	3783786	4057448	4392712	4734996	5134550	5791723	6389801	7537088	8375357	9145429	10815042	11512585	13903801	24513292	45862503	60333701	70468801	80543800	82254207	
.	23	5	6	7	8	9	10	11	12	13	14	15	16	17	18	19	20	21	22	23	24	25	26	27	28	29	30	31	32	33	34	35	36	37	
.	23	333326	422576	755240	1130685	1634725	1951604	2140729	2261934	2468318	2527830	2896798	3394166	3703374	4014126	4471761	4996677	5446474	6625493	7243051	8187350	8911643	10250572	11784474	14286066	15439910	25012155	47589966	55368721	75895570	80631681	81690881	82061030	82254207	
.	24	5	6	7	8	9	10	11	12	13	14	15	16	17	18	19	20	21	22	23	24	25	26	27	28	29	30	31	32	33	34	35	36	37	
.	24	355914	572708	910804	1348654	1586484	1905943	2184289	2221891	2531767	2792601	3206331	3578239	3860876	4110166	4477105	5254279	5966817	6649968	7511159	7936011	9847587	10680013	11757125	14705925	16551422	22311536	44143954	58321844	69114966	76791918	79648097	81107534	82254207	
.	25	5	6	7	8	9	10	11	12	13	14	15	16	17	18	19	20	21	22	23	24	25	26	27	28	29	30	31	32	33	34	35	36	37	
.	25	336265	657786	1106342	1455198	1747027	1983304	2258154	2526086	2656731	3208931	3432018	3872686	4052736	4496715	4936262	5412758	6464130	6999206	7720316	8078309	10119282	11948884	13459263	15399047	15709489	21449571	40627094	57255182	67081036	79654788	81049271	81282535	82254207	
.	26	5	6	7	8	9	10	11	12	13	14	15	16	17	18	19	20	21	22	23	24	25	26	27	28	29	30	31	32	33	34	35	36	
.	26	440222	754104	1139007	1519099	1856617	2061884	2303670	2578151	2761252	3066140	3494372	4034386	4283688	4757480	5294256	5996326	6794987	7136230	8754199	9518310	10156697	12023108	13787306	16859376	20439328	26588388	50985460	60042847	75641824	78491983	80734009	82254207	
.	27	5	6	7	8	9	10	11	12	13	14	15	16	17	18	19	20	21	22	23	24	25	26	27	28	29	30	31	32	33	34	35	36	
.	27	460595	790774	1187659	1684127	1910595	2296456	2384782	2641362	3045258	3431057	3537337	3981044	4585282	5252872	5624064	6498536	7146372	7901193	8459810	9055974	10144555	12948069	14964914	16561586	21927003	31824757	52251541	73212210	78731563	80029516	81345217	82254207	
.	28	4	5	6	7	8	9	10	11	12	13	14	15	16	17	18	19	20	21	22	23	24	25	26	27	28	29	30	31	32	33	34	35	36	37	
.	28	378372	589822	936744	1456436	1899051	2218289	2515314	2780399	3110349	3397134	3597820	4062658	4607924	5186799	5902030	6479413	6951580	8147981	8669784	9260899	10861946	13170537	15088880	21986800	26345438	37179663	48667117	61340596	69609334	79504575	81022906	81361539	82060409	82254207	
.	29	4	5	6	7	8	9	10	11	12	13	14	15	16	17	18	19	20	21	22	23	24	25	26	27	28	29	30	31	32	33	34	35	36	
.	29	424289	598001	1075364	1515826	1966625	2386692	2508081	2873839	3041296	3522944	3766959	4184502	4646184	5158678	5589731	6240511	7198350	8162508	8916908	9882179	11836798	13783295	16407843	20365022	27339330	28741620	43600789	52420315	72794120	79435316	80148796	80720392	82254207	
.	30	4	5	6	7	8	9	10	11	12	13	14	15	16	17	18	19	20	21	22	23	24	25	26	27	28	29	30	31	32	33	34	35	36	37	38	
.	30	424596	678738	1009539	1446001	2063336	2443942	2629525	3084175	3249003	3586529	3923607	4641299	5206178	5455207	6105041	6902242	7775501	8118474	8866613	9754554	11891272	14035150	16733705	19217651	23976411	31478048	46185354	62310923	73487259	75286695	81154262	81203992	81569124	81875524	82254207	
.	31	4	5	6	7	8	9	10	11	12	13	14	15	16	17	18	19	20	21	22	23	24	25	26	27	28	29	30	31	32	33	34	35	36	
.	31	457381	721303	1274279	1536780	2057651	2633467	2737032	2988566	3434905	3761197	4346218	4852491	5431449	5710778	6218717	7277405	8023699	9656622	10072031	10923882	12775568	14382558	17899613	22295698	25758923	34354671	50859121	65188076	74993006	78709049	81831991	81880143	82254207	
.	32	4	5	6	7	8	9	10	11	12	13	14	15	16	17	18	19	20	21	22	23	24	25	26	27	28	29	30	31	32	33	34	37	
.	32	475537	803128	1208643	1997279	2235961	2748523	2933803	3207009	3483350	3700102	4259195	5201958	5637587	6065826	7357349	7760815	8399391	9508367	10992237	12165245	13615518	15458679	17427395	21452156	29370835	31599823	50551091	66660228	78654974	81985146	82043679	82254207	
.	33	4	5	6	7	8	9	10	11	12	13	14	15	16	17	18	19	20	21	22	23	24	25	26	27	28	29	30	31	32	33	34	35	36	
.	33	258706	760018	1375197	1898890	2482822	2764444	3031447	3361484	3677812	4021833	4592232	5416907	5975270	6538797	7110517	8265958	8681435	9245658	11052310	12653039	13960418	17135940	21004174	25509434	32635167	36286657	55736526	62010533	73603922	80279757	81298775	81988013	82254207	
.	34	4	5	6	7	8	9	10	11	12	13	14	16	17	18	19	20	21	22	23	24	25	26	27	28	29	30	31	32	33	34	35	37	
.	34	521741	966705	1430778	2066308	2646121	2968833	3070745	3312901	3790911	4175095	5076887	6320064	6757566	7386132	8335543	9088965	10632369	11998013	13997628	15971987	18318998	21187888	27611868	39687269	47657070	62662405	78555700	80561161	81435106	81712453	82101367	82254207	
.	35	4	5	6	7	8	9	10	11	12	13	14	15	16	17	18	19	20	21	22	23	24	25	26	27	28	29	30	31	32	33	34	35	37	
.	35	553980	1072241	1667002	2548127	3088422	3126091	3170926	3638294	4009492	4300318	4871911	5515688	6113142	6876646	7675976	8200027	9679956	11255869	12372020	13097262	15717026	19429706	21177893	31639731	42191933	49808732	66573628	79194287	80703719	81464498	81761702	82082845	82254207	
A	0	5	6	7	8	9	10	11	12	13	14	15	16	17	18	19	20	21	22	23	24	25	26	27	28	29	30	31	32	33	34	35	
A	0	4863	26982	57934	118410	151048	186336	198010	204496	225104	280533	311047	336808	363907	398659	441259	500982	588629	726011	900078	1020094	1296645	1730309	1922899	8043835	16313313	21919019	22095546	24312091	24320153	24369622	24389677	
A	1	5	6	7	8	9	10	11	12	13	14	15	16	17	18	19	20	21	22	23	24	25	26	27	28	29	30	31	32	33	34	35	
A	1	27031	51013	101792	167112	212354	228744	248473	254911	289129	357429	395029	436709	484891	537526	595889	672128	817783	978594	1193144	1360381	1710632	2313366	2562020	8869072	17372876	22396832	22672873	23852592	24107974	24166058	24189487	
A	2	4	5	6	7	8	9	10	11	12	13	14	15	16	17	18	19	20	21	22	23	24	25	26	27	28	29	30	31	32	33	34	35	36	
A	2	3218	16522	37592	96911	129970	157541	226145	261840	288703	346902	385905	440933	493001	532215	588330	673241	737154	928098	1083065	1135900	1252834	1635171	1783669	2338449	3985233	9362397	14994744	18559495	21896037	22079396	22561592	22677705	22750205	
A	3	4	5	6	7	8	9	10	11	12	13	14	15	16	17	18	19	20	21	22	23	24	25	26	27	28	29	30	31	32	33	34	35	
A	3	3371	28489	38195	105785	154603	193277	220174	288360	299834	324912	377499	414865	462134	501395	554917	707795	767497	832884	863989	1037393	1188052	1386638	1530986	2330104	3394108	7020926	9539213	17547212	21150754	22249375	22588618	22603067	
A	4	4	5	6	7	8	9	10	11	12	13	14	15	16	17	18	19	20	21	22	23	24	25	26	27	28	29	30	31	32	33	34	35	36	
A	4	3894	27486	39661	92494	144899	165873	240556	254991	292675	317375	401877	437061	489121	534980	573945	612875	693133	838142	988243	1129475	1206060	1340690	1780781	1866083	2210851	2838549	8305532	14875142	21439236	21993090	23058408	23147240	23181468	
A	5	5	6	7	8	9	10	11	12	13	14	15	16	17	18	19	20	21	22	23	24	25	26	27	28	29	30	31	32	33	34	35	36	
A	5	18171	54048	97041	144062	169018	227190	241480	278578	324742	397012	434243	489539	529637	608875	634551	727572	785844	833016	1047256	1213344	1421862	1636310	1838124	2198291	3834721	6023476	9715002	18914582	21007517	21938271	22457368	22725329	
A	6	4	5	6	7	8	9	10	11	12	13	14	15	16	17	18	19	20	21	22	23	24	25	26	27	28	29	30	31	32	33	34	35	36	37	
A	6	4825	26213	52410	106418	146189	180622	233656	260976	300742	331808	376064	404714	441471	501337	600902	642675	738606	840951	941250	1062845	1307881	1446598	1673792	1787616	2097530	3199488	5190261	10844787	16360426	21026799	22277424	22418209	22442837	22644920	
A	7	4	5	6	7	8	9	10	11	12	13	14	15	16	17	18	19	20	21	22	23	24	25	26	27	28	29	30	31	32	33	34	35	36	37	
A	7	4279	28400	55095	71916	139116	196062	240771	268264	332671	356327	406212	446228	519990	551419	582878	680331	704470	831819	1006296	1107494	1209380	1378604	1594021	2049964	2241831	3080559	6263268	12445553	14793249	18958871	20671806	22118807	22630019	22683908	
A	8	5	6	7	8	9	10	11	12	13	14	15	16	17	18	19	20	21	22	23	24	25	26	27	28	29	30	31	32	33	34	35	36	37	
A	8	19815	63817	90246	150331	185196	215614	276374	314530	356577	404937	430656	518040	555773	594153	647826	779546	844282	1032986	1131454	1237767	1380729	1574501	1876488	2137252	2820962	8345180	10183660	17782447	21588908	21702118	21849232	22197142	22388762	
A	9	4	5	6	7	8	9	10	11	12	13	14	15	16	17	18	19	20	21	22	23	24	25	26	27	28	29	30	31	32	33	34	35	36	
A	9	5374	32989	48200	111963	157284	216142	267484	297706	308547	367305	409232	438967	543616	576111	620161	660516	776914	793589	935109	992250	1176414	1493859	1637150	1946927	2495391	3501977	7348276	13397332	17439346	19531253	22110674	22311730	22788295	
A	10	5	6	7	8	9	10	11	12	13	14	15	16	17	18	19	20	21	22	23	24	25	26	27	28	29	30	31	32	33	34	35	36	37	
A	10	35329	56174	92979	141237	202975	277594	292506	315340	360061	425377	485513	545940	587284	626758	676284	754001	796203	869174	1036864	1185576	1321659	1468115	1799392	1973493	3218101	5323754	11970140	15116872	17215428	21892059	22360065	22568174	22681449	
A	11	5	6	7	8	9	10	11	12	13	14	15	16	17	18	19	20	21	22	23	24	25	26	27	28	29	30	31	32	33	34	35	36	37	
A	11	31753	58420	102282	182183	211831	268289	289536	350931	371466	402600	455737	480434	521068	610880	740708	827334	850348	976976	1133337	1227693	1519759	1626785	1947413	2596507	2803214	6317944	10611638	15137728	16083833	20655470	21830135	22280851	22523241	
A	12	4	5	6	7	8	9	10	11	12	13	14	15	16	17	18	19	20	21	22	23	24	25	26	27	28	29	30	31	32	33	34	35	36	37	
A	12	7622	33630	58298	95702	166835	201002	268148	308069	347278	402054	427114	488668	558922	604253	643460	688685	760334	913148	924412	1026246	1159307	1368454	1705360	1855703	2196611	2819865	4449034	11091876	16113938	20238268	21453124	21700377	22253051	22533984	
A	13	5	6	7	8	9	10	11	12	14	15	16	17	18	19	20	21	22	23	24	25	26	27	28	29	30	31	32	33	34	35	36	
A	13	34977	54969	94936	157504	222401	273860	318988	370591	425545	467357	502489	572440	678329	817964	957801	1008204	1102594	1192163	1315389	1454374	1877408	2087777	2202930	2465583	5255022	10867073	13981524	16979629	21629986	22195881	22448644	
A	14	5	6	7	8	9	10	11	12	13	14	15	16	17	18	19	20	21	22	23	24	25	26	27	28	29	30	31	32	33	34	35	36	37	38	
A	14	44609	79234	120884	180284	232266	253287	331347	366908	389672	443686	485338	576232	630875	722405	797094	920191	1009264	1070697	1194402	1306331	1533312	1762862	2092929	2475653	3201173	5493926	10730139	15572038	20154011	22029700	22157884	22193213	22233431	22406214	
A	15	4	5	6	7	8	9	10	11	12	13	14	15	16	17	18	19	20	21	22	23	24	25	26	27	28	29	30	31	32	33	34	35	36	37	
A	15	7380	38360	62382	126176	216209	235340	311095	354419	363241	406433	474171	499286	514928	620735	677532	787641	837184	891831	1121234	1259378	1479891	1617200	1737148	2124631	2525168	3818282	5913623	9015923	13818916	16364221	19304873	21354224	22204656	22359530	
A	16	5	6	7	8	9	10	11	12	13	14	15	16	17	18	19	20	21	22	23	24	25	26	27	28	29	30	31	32	33	34	35	36	37	
A	16	42815	71843	136779	194660	244101	281510	332442	391284	417396	477951	525956	626610	668654	725479	769337	887476	974636	1154338	1243014	1408099	1634815	1727384	1942731	2440407	3109179	5465759	8728040	12707688	15268740	19304804	21684641	21821231	22384626	
A	17	5	6	7	8	9	10	11	12	13	14	15	16	17	18	19	20	21	22	23	24	25	26	27	28	29	30	31	32	33	34	35	36	
A	17	53116	77418	130234	185513	272474	300093	355145	409236	435511	477863	558881	577358	645549	738226	848680	894789	1117822	1142130	1243185	1460033	1653595	1996345	2152156	2704364	3876532	5667302	9644320	14082022	19042582	21305201	21957808	22264800	
A	18	5	6	7	8	9	10	11	12	13	14	15	16	17	18	19	20	21	22	23	24	25	26	27	28	29	30	31	32	33	34	35	36	37	38	
A	18	48245	89841	137556	211583	261852	296499	366428	406723	454662	495857	594995	621116	695823	769871	816523	925320	1025932	1125098	1326528	1561210	1742280	1897699	2185605	2614164	3525168	5417374	8771962	13994488	20929666	21488977	21506848	21533121	21753655	22203460	
A	19	5	6	7	8	9	10	11	12	13	14	15	16	17	18	19	20	21	22	23	24	25	26	27	28	29	30	31	32	33	34	35	36	38	
A	19	59533	100402	157763	223476	283300	344562	407834	428110	468524	515357	552981	615679	700193	746396	799599	948883	1045819	1123288	1335610	1666643	1896899	1909232	2086179	2549124	3492315	7042029	10927156	14827629	18999159	21271153	21849891	22011386	22170499	
A	20	4	5	6	7	8	9	10	11	12	13	14	15	16	17	18	19	20	21	22	23	24	25	26	27	28	29	30	31	32	33	34	35	36	37	
A	20	11972	53034	106312	167965	250566	306880	372580	405965	435593	492404	584367	635952	661608	722006	828597	916530	961165	1183206	1226264	1416648	1698911	1970561	2233082	2441047	3031728	3663175	5449980	9542123	12801757	18018110	21654072	21799975	22072476	22206263	
A	21	5	6	7	8	9	10	11	12	13	14	15	16	17	18	19	20	21	22	23	24	25	26	27	28	29	30	31	32	33	34	35	36	37	
A	21	35768	103235	161438	230291	310871	390638	415015	466143	494811	537412	662812	725157	780034	866863	977932	1148915	1230311	1302386	1485321	1703098	1752407	2202047	2431810	2928856	3520927	4069423	10758915	14743478	19539325	21262545	21965695	21993634	22184846	
A	22	5	6	7	8	9	10	11	12	13	14	15	16	17	18	19	20	21	22	23	24	25	26	27	28	29	30	31	32	33	34	35	
A	22	71759	109368	164814	256501	311083	374135	436828	504447	544428	611920	684633	758791	869301	934040	1017220	1107376	1193570	1358781	1503251	1799129	1992971	2163830	2599600	2774212	3437474	6643356	11547697	15271659	18313772	21697404	22222872	
A	23	5	6	7	8	9	10	11	12	13	14	15	16	17	18	19	20	21	22	23	24	25	26	27	28	29	30	31	32	33	34	35	36	37	
A	23	76160	97436	172657	253592	363988	446835	484381	516048	567357	580728	669814	788052	858518	920514	1034640	1162029	1264920	1577202	1691725	1946686	2116497	2423141	2750986	3509344	3785765	6644819	12097857	14151192	20468071	21695208	21986462	22094094	22142677	
A	24	5	6	7	8	9	10	11	12	13	14	15	16	17	18	19	20	21	22	23	24	25	26	27	28	29	30	31	32	33	34	35	36	37	
A	24	81453	130585	200474	299495	351321	423341	495416	506391	580655	644612	736287	822601	878467	935473	1027045	1223251	1379378	1542852	1746409	1837272	2285051	2479562	2738790	3487792	3959594	5653271	10864092	14924689	18230734	20629522	21399321	21855691	22220883	
A	25	5	6	7	8	9	10	11	12	13	14	15	16	17	18	19	20	21	22	23	24	25	26	27	28	29	30	31	32	33	34	35	36	37	
A	25	69103	140993	240049	310918	376688	436310	502544	567834	593587	726335	780182	882454	916079	1020901	1126840	1231464	1493989	1626020	1787904	1855768	2336187	2763524	3139050	3616074	3675071	5227542	10107506	14647339	17823511	21469422	21902993	21972350	22214217	
A	26	5	6	7	8	9	10	11	12	13	14	15	16	17	18	19	20	21	22	23	24	25	26	27	28	29	30	31	32	33	34	35	36	
A	26	90021	162253	245842	327603	410029	457149	517238	580143	621300	694368	797269	920980	974971	1089835	1208626	1371504	1571025	1645026	2042250	2198812	2357802	2798705	3281615	4074439	5088470	6901737	12870776	15567448	20405768	21208463	21730119	22188156	
A	27	5	6	7	8	9	10	11	12	13	14	15	16	17	18	19	20	21	22	23	24	25	26	27	28	29	30	31	32	33	34	35	36	
A	27	94786	171058	257249	363606	418747	509115	535977	596847	696656	783677	809694	913086	1035365	1198326	1287728	1510451	1661977	1857604	1981495	2128708	2372384	3021062	3520275	3977234	5467769	8057508	13211371	19437590	21241671	21622820	22039997	22307051	
A	28	4	5	6	7	8	9	10	11	12	13	14	15	16	17	18	19	20	21	22	23	24	25	26	27	28	29	30	31	32	33	34	35	36	37	
A	28	79747	125856	204808	318102	415115	492088	567908	629004	708229	779276	821612	920296	1055846	1183385	1354540	1486704	1595002	1889694	2021075	2148778	2503139	3053202	3515401	5465976	6896237	9664693	12374137	15971201	18411541	21423266	21903045	21990279	22189449	22237944	
A	29	4	5	6	7	8	9	10	11	12	13	14	15	16	17	18	19	20	21	22	23	24	25	26	27	28	29	30	31	32	33	34	35	36	
A	29	87878	124735	230599	330975	424402	518873	554152	634649	680467	791182	838089	934133	1046797	1161050	1255664	1399403	1630628	1858744	2006651	2222084	2704167	3150110	3896312	4958586	6891601	7241527	11093348	13129946	19402767	21255799	21473459	21621375	22072622	
A	30	4	5	6	7	8	9	10	11	12	13	14	15	16	17	18	19	20	21	22	23	24	25	26	27	28	29	30	31	32	33	34	35	36	37	38	
A	30	88185	142193	219667	314283	450359	540013	584188	692447	732202	814293	894109	1051364	1170023	1226901	1370425	1579768	1760766	1850733	2043389	2257639	2750553	3209198	3910170	4571966	5878039	8230583	11977160	15770675	19275907	19814715	21844603	21859204	21957055	22035929	22157419	
A	31	4	5	6	7	8	9	10	11	12	13	14	15	16	17	18	19	20	21	22	23	24	25	26	27	28	29	30	31	32	33	34	35	36	
A	31	94823	153031	278558	334362	447080	583281	605494	666157	771176	850274	987786	1091374	1208291	1276249	1391923	1644284	1819461	2192639	2289266	2492955	2902937	3342542	4303395	5449371	6501586	9132405	12871315	16864574	20213771	21152608	22046445	22060605	22181403	
A	32	4	5	6	7	8	9	10	11	12	13	14	15	16	17	18	19	20	21	22	23	24	25	26	27	28	29	30	31	32	33	34	37	
A	32	99716	168344	267825	427507	483067	609350	650148	706653	772325	829852	963953	1167059	1248525	1353459	1646315	1731024	1890493	2153250	2484284	2751301	3126169	3573420	4088553	5162921	7461128	8074711	12798910	17330284	21090163	22111674	22131466	22204474	
A	33	4	5	6	7	8	9	10	11	12	13	14	15	16	17	18	19	20	21	22	23	24	25	26	27	28	29	30	31	32	33	34	35	36	
A	33	56030	157522	301014	409594	541230	611184	675058	747905	824814	904182	1035163	1219485	1340450	1456594	1602224	1873550	1968912	2124134	2538795	2890701	3186237	3975071	5069831	6221136	8335103	9566387	14259696	15813962	19466699	21749900	21974524	22181911	22249374	
A	34	4	5	6	7	8	9	10	11	12	13	14	16	17	18	19	20	21	22	23	24	25	26	27	28	29	30	31	32	33	34	35	37	
A	34	108038	210315	313207	448469	576935	659601	686447	739381	853854	943210	1149810	1410016	1506084	1668951	1863863	2042872	2421338	2729499	3194536	3654285	4254881	4997303	7027120	10295297	12321355	15825655	20990921	21595868	21830297	21927879	22052780	22098795	
A	35	4	5	6	7	8	9	10	11	12	13	14	15	16	17	18	19	20	21	22	23	24	25	26	27	28	29	30	31	32	33	34	35	37	
A	35	115314	233372	369304	562906	686006	698156	708846	816403	906669	971315	1104359	1242892	1377068	1562344	1737511	1856788	2202467	2555237	2829241	3001712	3574495	4498152	4965876	8197819	10994699	12916925	17385821	21211642	21637876	21861985	21962359	22066764	22117890	
T	0	5	6	7	8	9	10	11	12	13	14	15	16	17	18	19	20	21	22	23	24	25	26	27	28	29	30	31	32	33	34	35	
T	0	3581	24823	48982	96785	113952	165042	171196	176906	190654	230544	266180	288650	300151	311125	346754	383381	422769	557680	657232	728999	979970	1359541	1484588	6814071	14119348	19267252	19402214	21457779	21464426	21502345	21512621	
T	1	5	6	7	8	9	10	11	12	13	14	15	16	17	18	19	20	21	22	23	24	25	26	27	28	29	30	31	32	33	34	35	
T	1	27777	54312	98871	158772	189856	217124	231026	237875	264055	319006	349035	389598	425456	449876	506629	556699	632711	785758	921454	1041662	1379558	1913702	2098888	7436601	14833133	19255412	19476121	20466320	20764549	20811464	20827076	
T	2	4	5	6	7	8	9	10	11	12	13	14	15	16	17	18	19	20	21	22	23	24	25	26	27	28	29	30	31	32	33	34	35	36	
T	2	3312	17659	46126	109517	146119	181744	253254	290015	313705	359150	395752	456247	509926	545235	594506	647626	705955	850216	986391	1044063	1121273	1401559	1561755	2129084	3832737	8642441	13647751	17253734	20661048	20826236	21315884	21454713	21531159	
T	3	4	5	6	7	8	9	10	11	12	13	14	15	16	17	18	19	20	21	22	23	24	25	26	27	28	29	30	31	32	33	34	35	
T	3	3474	34307	46954	120267	175942	224722	263154	316865	329309	362761	415169	450191	502745	539857	589116	721715	785244	858718	899534	1018790	1140626	1307385	1417953	2191530	3115322	6385629	8762680	15957904	19876063	20924718	21294147	21312339	
T	4	4	5	6	7	8	9	10	11	12	13	14	15	16	17	18	19	20	21	22	23	24	25	26	27	28	29	30	31	32	33	34	35	36	
T	4	4942	33566	50782	116379	177641	206311	287009	309966	338223	374167	458498	485259	542725	590122	629613	675874	731861	871721	1006875	1124171	1214725	1340455	1718558	1785275	2081828	2717895	7735873	13762868	19651151	20299377	21290987	21395337	21435947	
T	5	5	6	7	8	9	10	11	12	13	14	15	16	17	18	19	20	21	22	23	24	25	26	27	28	29	30	31	32	33	34	35	36	
T	5	21864	66712	118787	176417	212253	275396	294238	325134	369242	451165	492688	544801	600656	670749	698787	779468	819120	862519	1032374	1199136	1407836	1568950	1797989	2113274	3658677	5752552	8996087	16862183	19007564	19904687	20456729	20774922	
T	6	4	5	6	7	8	9	10	11	12	13	14	15	16	17	18	19	20	21	22	23	24	25	26	27	28	29	30	31	32	33	34	35	36	37	
T	6	4722	32707	69210	139274	186874	223719	287627	309276	357030	389392	431307	450692	480842	557202	665074	710354	789320	912814	1001123	1112201	1329260	1432589	1652572	1755739	2039885	3020859	5002032	10306137	15576209	19675303	21130076	21227871	21255770	21570978	
T	7	4	5	6	7	8	9	10	11	12	13	14	15	16	17	18	19	20	21	22	23	24	25	26	27	28	29	30	31	32	33	34	35	36	37	
T	7	5478	35098	70865	94951	180710	239421	284154	324608	384495	405631	459742	490672	580191	618511	654364	739928	767191	893719	1050326	1132296	1235696	1402001	1635732	2060901	2190889	2895702	6100461	11987397	14157870	17899944	19833939	21259137	21833917	21885319	
T	8	5	6	7	8	9	10	11	12	13	14	15	16	17	18	19	20	21	22	23	24	25	26	27	28	29	30	31	32	33	34	35	36	37	
T	8	27824	88784	119032	195966	251107	280529	350596	398730	449875	489213	515527	620395	673669	706042	767427	889785	972907	1136857	1233903	1344121	1456845	1653848	1958621	2226902	2803601	8074919	9748871	17371084	20894504	21037435	21221080	21679970	21941724	
T	9	4	5	6	7	8	9	10	11	12	13	14	15	16	17	18	19	20	21	22	23	24	25	26	27	28	29	30	31	32	33	34	35	36	
T	9	6677	40403	60311	141471	199830	263081	328810	352412	368641	424466	473087	501949	619982	650264	690169	728845	829434	853701	1007462	1045628	1195734	1491779	1620210	1919440	2394081	3334518	6931387	12593220	16417728	18167239	20804710	21130783	21629431	
T	10	5	6	7	8	9	10	11	12	13	14	15	16	17	18	19	20	21	22	23	24	25	26	27	28	29	30	31	32	33	34	35	36	37	
T	10	43831	69929	112797	186884	262922	347259	358000	383437	427846	504918	564383	621670	669538	707100	759675	820723	866865	968680	1096185	1233336	1383564	1534705	1853834	2021074	3260456	5212249	11472653	14192739	16195978	20712400	21242231	21576443	21650063	
T	11	5	6	7	8	9	10	11	12	13	14	15	16	17	18	19	20	21	22	23	24	25	26	27	28	29	30	31	32	33	34	35	36	37	
T	11	38074	71459	126202	230909	272505	335600	355929	414025	442151	486644	537168	564593	625312	714149	833849	918281	949258	1076135	1248615	1332511	1667850	1769933	2104698	2751702	2935569	6216891	10139752	14487765	15439926	19908509	21012825	21429289	21788985	
T	12	4	5	6	7	8	9	10	11	12	13	14	15	16	17	18	19	20	21	22	23	24	25	26	27	28	29	30	31	32	33	34	35	36	37	
T	12	7725	42231	71698	124772	213149	260482	332792	386507	434472	491441	505573	571866	658428	709115	752272	807960	883188	1035385	1048751	1142916	1257406	1456617	1802312	1969849	2322653	2875932	4352752	10876604	15689890	19730400	20869835	21103057	21690772	22061695	
T	13	5	6	7	8	9	10	11	12	14	15	16	17	18	19	20	21	22	23	24	25	26	27	28	29	30	31	32	33	34	35	36	
T	13	42228	67645	123757	210307	295054	343413	401903	457793	514620	557872	596750	679307	809675	942747	1104726	1165618	1289039	1384848	1511282	1617055	2089001	2320004	2445431	2687333	5299030	10769025	13612993	16672261	21041533	21718040	22015900	
T	14	5	6	7	8	9	10	11	12	13	14	15	16	17	18	19	20	21	22	23	24	25	26	27	28	29	30	31	32	33	34	35	36	37	38	
T	14	53708	96367	148250	229143	303996	325622	402927	444735	466474	525051	568587	682682	744171	853276	941698	1086965	1174120	1215383	1364355	1460319	1668984	1896106	2230765	2648504	3325521	5529240	10469532	15198592	19588759	21441089	21544326	21595387	21640589	21881478	
T	15	4	5	6	7	8	9	10	11	12	13	14	15	16	17	18	19	20	21	22	23	24	25	26	27	28	29	30	31	32	33	34	35	36	37	
T	15	8150	46399	75917	165752	275589	309357	384323	442090	454684	496221	566317	604134	626498	742270	808470	920344	984304	1054549	1307535	1455855	1651982	1826253	1987515	2381506	2835448	4102991	5950831	8834324	13445408	16021870	18574593	20627830	21643802	21910801	
T	16	5	6	7	8	9	10	11	12	13	14	15	16	17	18	19	20	21	22	23	24	25	26	27	28	29	30	31	32	33	34	35	36	37	
T	16	52534	87087	168764	251068	320366	358367	425686	483005	511404	576682	642107	749487	795128	860337	918911	1063284	1158391	1354036	1445440	1582055	1836346	1947775	2225905	2771057	3369013	5561356	8552449	12436194	14879594	18561754	21063268	21219072	21908070	
T	17	5	6	7	8	9	10	11	12	13	14	15	16	17	18	19	20	21	22	23	24	25	26	27	28	29	30	31	32	33	34	35	36	
T	17	65289	95363	159075	245111	358329	402218	456148	516244	545944	585009	681642	704054	791422	901116	1049250	1089673	1308952	1343343	1474946	1724689	1916317	2295134	2492132	3106149	4221581	5895553	9632559	13800873	18673287	20687083	21541742	21917362	
T	18	5	6	7	8	9	10	11	12	13	14	15	16	17	18	19	20	21	22	23	24	25	26	27	28	29	30	31	32	33	34	35	36	37	38	
T	18	58993	109166	163688	271311	343923	396176	463677	504299	563423	603706	726446	752022	850190	931809	983306	1125532	1230534	1352706	1592979	1897414	2112664	2265412	2564733	2955301	3767577	5592475	8784223	13744501	20489864	21077835	21102651	21135389	21342138	21906496	
T	19	5	6	7	8	9	10	11	12	13	14	15	16	17	18	19	20	21	22	23	24	25	26	27	28	29	30	31	32	33	34	35	36	38	
T	19	70736	119303	190771	294879	369801	444987	507184	528024	566253	608720	660617	735312	853804	892233	954946	1125606	1256925	1373213	1601003	1921670	2173828	2187408	2398970	2873737	3794366	7176328	10841239	14473927	18616114	21025441	21539892	21738247	21879965	
T	20	4	5	6	7	8	9	10	11	12	13	14	15	16	17	18	19	20	21	22	23	24	25	26	27	28	29	30	31	32	33	34	35	36	37	
T	20	12628	61541	125788	204081	322633	400599	473688	513359	547838	597467	710531	776461	813907	886165	1007602	1113451	1169356	1419880	1470398	1717571	1992688	2270791	2563725	2842742	3452495	4015950	5689760	9528502	12616368	17627591	21227701	21357626	21627468	21785672	
T	21	5	6	7	8	9	10	11	12	13	14	15	16	17	18	19	20	21	22	23	24	25	26	27	28	29	30	31	32	33	34	35	36	37	
T	21	40770	126313	192246	299257	404827	500368	524919	581659	613904	657756	794713	879697	950375	1077592	1191029	1368120	1469616	1542633	1774520	2005960	2055400	2575603	2857016	3366747	3949317	4535086	10735254	14365796	18916514	20711608	21542817	21578034	21770464	
T	22	5	6	7	8	9	10	11	12	13	14	15	16	17	18	19	20	21	22	23	24	25	26	27	28	29	30	31	32	33	34	35	
T	22	83713	131315	193316	323417	404411	475439	547487	615988	671082	749838	829464	920612	1057127	1139922	1235662	1321444	1423558	1614429	1780289	2069544	2318021	2552989	2984341	3181313	3797889	6814549	11598033	15072776	18046718	21246627	21824148	
T	23	5	6	7	8	9	10	11	12	13	14	15	16	17	18	19	20	21	22	23	24	25	26	27	28	29	30	31	32	33	34	35	36	37	
T	23	88326	112708	214029	321580	468605	550318	602884	636326	688761	706256	809215	946571	1028771	1113356	1232558	1379085	1505755	1806884	1992656	2250625	2428115	2812002	3234984	3954077	4223705	6769934	11847812	14041373	19954473	21159869	21527899	21639118	21690997	
T	24	5	6	7	8	9	10	11	12	13	14	15	16	17	18	19	20	21	22	23	24	25	26	27	28	29	30	31	32	33	34	35	36	37	
T	24	94603	151852	253444	386281	454740	543920	616007	623196	706227	774152	887016	1001740	1075886	1140369	1240705	1447987	1652697	1834699	2061755	2173201	2721316	2939493	3236804	3969596	4496217	5947120	10751531	14612055	17695826	19979689	20763680	21302551	21696508	
T	25	5	6	7	8	9	10	11	12	13	14	15	16	17	18	19	20	21	22	23	24	25	26	27	28	29	30	31	32	33	34	35	36	37	
T	25	78908	161578	292280	399007	485229	550499	624190	693919	731042	878920	937129	1066033	1126319	1249030	1368306	1495785	1785769	1923804	2113302	2221468	2792585	3324396	3670040	4229369	4314235	5698175	10059257	14329570	17367928	20746428	21198905	21284314	21619483	
T	26	5	6	7	8	9	10	11	12	13	14	15	16	17	18	19	20	21	22	23	24	25	26	27	28	29	30	31	32	33	34	35	36	
T	26	103271	186769	294664	413327	508540	567128	629819	699150	753114	826511	946470	1094847	1169429	1306123	1445327	1644504	1855481	1955789	2395030	2606561	2769784	3287244	3745410	4521216	5483396	7087189	12545029	15156969	19639880	20408123	20911607	21527924	
T	27	5	6	7	8	9	10	11	12	13	14	15	16	17	18	19	20	21	22	23	24	25	26	27	28	29	30	31	32	33	34	35	36	
T	27	109034	197149	308793	462401	525777	633082	653845	718693	824714	925766	956838	1085808	1261809	1438832	1542456	1774365	1953220	2131777	2288884	2449287	2751559	3511816	4056039	4519739	5875157	8345773	12854841	18544119	20345547	20747816	21213178	21527570	
T	28	4	5	6	7	8	9	10	11	12	13	14	15	16	17	18	19	20	21	22	23	24	25	26	27	28	29	30	31	32	33	34	35	36	37	
T	28	90774	143727	238655	390985	524298	609885	686316	757363	843418	912639	972369	1099525	1249962	1409085	1603396	1760661	1879853	2213037	2360061	2512959	2931029	3567453	4105047	5897983	7243215	9667402	12142617	15552410	17823391	20689334	21185707	21337032	21528618	21580820	
T	29	4	5	6	7	8	9	10	11	12	13	14	15	16	17	18	19	20	21	22	23	24	25	26	27	28	29	30	31	32	33	34	35	36	
T	29	102902	143056	275311	407136	539513	651947	682522	780450	815817	944147	1015444	1127414	1264503	1400177	1511390	1688355	1939888	2214672	2407952	2678178	3198516	3731795	4468954	5553565	7413791	7774383	11205579	13039232	18932118	20670525	20890621	21111707	21573391	
T	30	4	5	6	7	8	9	10	11	12	13	14	15	16	17	18	19	20	21	22	23	24	25	26	27	28	29	30	31	32	33	34	35	36	37	38	
T	30	102316	167895	254854	381567	559000	664894	713835	831695	875643	963027	1046858	1251972	1405294	1473315	1653191	1859020	2097574	2182990	2384007	2594730	3171540	3763923	4475654	5112350	6357987	8514864	11755892	15227438	18592780	19177787	21041744	21064751	21184134	21319612	21486046	
T	31	4	5	6	7	8	9	10	11	12	13	14	15	16	17	18	19	20	21	22	23	24	25	26	27	28	29	30	31	32	33	34	35	36	
T	31	111244	176643	320988	407819	560941	714279	743429	805763	924512	1003281	1163182	1305939	1472318	1543318	1684692	1956347	2143994	2604029	2726626	2942588	3443729	3865139	4744833	5963679	6890715	9401796	12572785	16226122	19394478	20323649	21284495	21306695	21469837	
T	32	4	5	6	7	8	9	10	11	12	13	14	15	16	17	18	19	20	21	22	23	24	25	26	27	28	29	30	31	32	33	34	37	
T	32	115357	198934	299121	538667	607149	740875	788381	863644	932530	979955	1135250	1388907	1510221	1622386	1951448	2065835	2227907	2525851	2896655	3222903	3601493	4098823	4646881	5744174	7877992	8519568	12725068	16566705	20288192	21365921	21388549	21445280	
T	33	4	5	6	7	8	9	10	11	12	13	14	15	16	17	18	19	20	21	22	23	24	25	26	27	28	29	30	31	32	33	34	35	36	
T	33	65163	185893	345115	508980	670238	745449	814416	897020	980901	1065147	1219654	1444059	1593258	1746322	1890318	2201029	2315924	2459250	2923385	3351564	3699097	4539555	5575321	6726528	8710102	9862700	13756484	15228545	18842903	20848736	21069712	21330535	21446792	
T	34	4	5	6	7	8	9	10	11	12	13	14	16	17	18	19	20	21	22	23	24	25	26	27	28	29	30	31	32	33	34	35	37	
T	34	126366	235034	358483	550469	712628	801562	827363	889259	1009162	1108127	1354083	1699767	1820562	1985239	2232993	2438599	2841544	3206244	3746423	4280023	4902981	5588996	7356156	10220850	12282138	15408134	20239357	20842298	21150110	21230914	21400480	21456086	
T	35	4	5	6	7	8	9	10	11	12	13	14	15	16	17	18	19	20	21	22	23	24	25	26	27	28	29	30	31	32	33	34	35	37	
T	35	134037	263393	414604	671514	827063	836558	849093	963890	1058887	1131787	1292841	1470249	1626338	1829441	2047464	2177571	2580051	3002423	3284626	3491583	4197506	5222292	5647432	8514945	10919004	12809683	16786209	20500920	20881885	21102526	21195777	21336244	21397973	
G	0	5	6	7	8	9	10	11	12	13	14	15	16	17	18	19	20	21	22	23	24	25	26	27	28	29	30	31	32	33	34	35	
G	0	9249	28173	59812	105861	132183	165678	174763	189908	208872	260096	290823	321969	347793	369041	408768	451203	533249	654209	784297	951195	1429763	2066804	2260876	6272622	12131697	17225514	17360173	18368882	18373045	18400468	18410442	
G	1	5	6	7	8	9	10	11	12	13	14	15	16	17	18	19	20	21	22	23	24	25	26	27	28	29	30	31	32	33	34	35	
G	1	26517	47518	95931	147828	183155	201944	221404	234316	263009	319470	348143	393975	434943	472232	529863	584468	701384	845995	1011284	1215203	1764790	2540648	2780168	7456945	14335820	18709978	18894466	19476357	19574700	19607516	19620317	
G	2	4	5	6	7	8	9	10	11	12	13	14	15	16	17	18	19	20	21	22	23	24	25	26	27	28	29	30	31	32	33	34	35	36	
G	2	3106	14774	32625	89815	117105	149010	211069	251040	271387	308866	347778	387500	445692	476340	522207	589990	684991	831100	951067	999969	1101651	1420182	1632490	2353985	3994252	7707003	13419746	15855741	19026245	19165941	19517357	19576005	19619937	
G	3	4	5	6	7	8	9	10	11	12	13	14	15	16	17	18	19	20	21	22	23	24	25	26	27	28	29	30	31	32	33	34	35	
G	3	3198	26694	35423	100075	138975	185271	210995	258017	272095	306839	353985	381934	434755	463768	496057	627022	680059	746478	807953	963246	1099881	1253888	1412790	2157081	3184190	7537800	10391527	16706476	18838814	20050217	20236661	20241456	
G	4	4	5	6	7	8	9	10	11	12	13	14	15	16	17	18	19	20	21	22	23	24	25	26	27	28	29	30	31	32	33	34	35	36	
G	4	4421	24750	35290	88686	130600	154233	219096	236716	260047	293529	357199	386535	423738	476363	507888	542496	599820	713264	823020	945982	1038643	1146975	1566145	1640039	2036633	2847640	9131626	14459757	18324734	18766041	19791767	19830721	19845549	
G	5	5	6	7	8	9	10	11	12	13	14	15	16	17	18	19	20	21	22	23	24	25	26	27	28	29	30	31	32	33	34	35	36	
G	5	16302	50849	93039	140518	170373	215973	232549	269272	304846	360317	410440	455846	493298	555430	582653	660466	705295	740690	914425	1062444	1291464	1455614	1750993	2029694	3812766	5912409	10135519	17204480	18567896	19274507	19650950	19772205	
G	6	4	5	6	7	8	9	10	11	12	13	14	15	16	17	18	19	20	21	22	23	24	25	26	27	28	29	30	31	32	33	34	35	36	37	
G	6	4162	24280	47130	96709	141372	173300	216754	240491	279556	304441	337025	356689	387937	439995	526193	567733	644245	761418	848981	960533	1192208	1311123	1537165	1626557	1933709	2735635	4329451	10665943	15325949	18541803	19290556	19378730	19395244	19491876	
G	7	4	5	6	7	8	9	10	11	12	13	14	15	16	17	18	19	20	21	22	23	24	25	26	27	28	29	30	31	32	33	34	35	36	37	
G	7	5127	26009	48973	64691	133346	176086	218128	243156	297478	316249	352140	380526	451119	471391	514177	588822	608084	716247	850106	921340	1038728	1208099	1493517	1848973	2029671	2690128	5958894	11926278	13663647	16697165	17804459	18569260	18936737	18988223	
G	8	5	6	7	8	9	10	11	12	13	14	15	16	17	18	19	20	21	22	23	24	25	26	27	28	29	30	31	32	33	34	35	36	37	
G	8	20351	62000	87320	141254	179904	206180	260774	299062	331782	369090	391556	468453	513818	538157	601837	706379	775508	941654	1038691	1142179	1268008	1449323	1729921	2029228	2569123	8086415	10090650	15694129	18610740	18705777	18836063	19011763	19092621	
G	9	4	5	6	7	8	9	10	11	12	13	14	15	16	17	18	19	20	21	22	23	24	25	26	27	28	29	30	31	32	33	34	35	36	
G	9	6482	32039	45969	109278	148440	201417	255156	274713	284067	341295	377296	405295	485615	521725	565400	598012	682892	699703	821691	870378	1045153	1346633	1485291	1755784	2268880	3003012	6233719	11710628	15119572	16260531	18408678	18502644	19171742	
G	10	5	6	7	8	9	10	11	12	13	14	15	16	17	18	19	20	21	22	23	24	25	26	27	28	29	30	31	32	33	34	35	36	37	
G	10	35232	55636	90461	141005	205567	271785	281229	299249	342518	402378	452940	511940	552833	578503	618075	675161	712694	790897	932485	1050775	1212074	1338159	1692060	1884063	2878755	4162604	11309208	14763041	16315624	18814359	19159390	19256750	19327875	
G	11	5	6	7	8	9	10	11	12	13	14	15	16	17	18	19	20	21	22	23	24	25	26	27	28	29	30	31	32	33	34	35	36	37	
G	11	30969	55746	97745	177342	205501	256310	276680	322531	345199	379390	422983	450416	486665	564715	668269	740074	766272	875193	1017449	1107630	1411060	1500484	1837310	2430887	2593884	5574004	10093393	14885290	15806294	18161934	18686504	18997358	19151640	
G	12	4	5	6	7	8	9	10	11	12	13	14	15	16	17	18	19	20	21	22	23	24	25	26	27	28	29	30	31	32	33	34	35	36	37	
G	12	7131	33481	55477	98130	159734	197408	252820	295770	336335	383022	397449	443224	514006	549872	582486	647493	703235	823357	830707	929989	1028616	1236211	1529148	1722753	2003442	2462142	3789303	11071227	15596744	17666566	18205047	18415612	18813323	18966390	
G	13	5	6	7	8	9	10	11	12	14	15	16	17	18	19	20	21	22	23	24	25	26	27	28	29	30	31	32	33	34	35	36	
G	13	35163	53841	98976	157556	226183	263131	309875	363612	404159	443013	471757	534223	635342	754841	873031	924946	1028837	1126322	1223400	1333612	1747341	1967304	2057405	2284562	5035967	10464952	13602716	16155094	18354065	18803622	18996159	
G	14	5	6	7	8	9	10	11	12	13	14	15	16	17	18	19	20	21	22	23	24	25	26	27	28	29	30	31	32	33	34	35	36	37	38	
G	14	43970	77863	118126	172514	232835	247815	309022	342962	366592	415311	455340	535029	580429	674187	749365	857120	945195	989729	1103481	1196807	1403199	1601944	1859997	2285375	2864514	5216816	10704933	14638620	17713553	18809279	18884909	18898643	18969708	19042903	
G	15	4	5	6	7	8	9	10	11	12	13	14	15	16	17	18	19	20	21	22	23	24	25	26	27	28	29	30	31	32	33	34	35	36	37	
G	15	7021	36323	61634	131783	208189	236305	297630	343977	361012	393913	453486	476256	502720	597326	645560	751042	801355	870171	1096063	1210052	1405517	1540719	1667792	1992527	2312240	3890982	5718320	8794086	13168427	15377889	17358039	18450411	18976283	19059030	
G	16	5	6	7	8	9	10	11	12	13	14	15	16	17	18	19	20	21	22	23	24	25	26	27	28	29	30	31	32	33	34	35	36	37	
G	16	44088	73525	134713	192150	244663	279961	329696	375846	406357	461586	514110	598242	634454	694726	740631	851493	923312	1104905	1177534	1306239	1560864	1692078	1947768	2413134	2880303	5819624	9372514	12504398	14796521	17183612	18550197	18667172	19056357	
G	17	5	6	7	8	9	10	11	12	13	14	15	16	17	18	19	20	21	22	23	24	25	26	27	28	29	30	31	32	33	34	35	36	
G	17	55626	78105	131230	189624	275329	309048	360924	403709	436801	475776	557797	574854	631533	722589	829184	874339	1055747	1100785	1189049	1405642	1608195	1938601	2116587	2617218	3412379	5498824	9568098	13887683	17372418	18444069	18880507	19021932	
G	18	5	6	7	8	9	10	11	12	13	14	15	16	17	18	19	20	21	22	23	24	25	26	27	28	29	30	31	32	33	34	35	36	37	38	
G	18	44777	89010	134974	207141	261681	300289	358208	399301	439836	477012	569871	587888	662160	728774	766670	869825	978781	1072380	1252752	1520304	1728315	1851977	2115728	2439953	3154828	4886950	8162019	13723724	18232845	18637506	18646103	18660605	18796691	19071486	
G	19	5	6	7	8	9	10	11	12	13	14	15	16	17	18	19	20	21	22	23	24	25	26	27	28	29	30	31	32	33	34	35	36	38	
G	19	59965	98403	159497	229173	284432	338329	392003	417242	448553	481555	521000	581098	669825	709346	757918	890319	978702	1072685	1269757	1561614	1787751	1791518	2014102	2500599	3357288	7095221	11571698	14656468	17219082	18457121	18891052	19021640	19118710	
G	20	4	5	6	7	8	9	10	11	12	13	14	15	16	17	18	19	20	21	22	23	24	25	26	27	28	29	30	31	32	33	34	35	36	37	
G	20	12316	53904	108177	172874	248194	308065	363715	399080	431906	474894	567517	619852	641452	693968	802433	884183	924193	1134840	1190032	1397130	1625029	1901014	2160431	2379996	2862200	3496011	4923307	9073510	12876995	17043645	18783046	18859318	19081223	19202457	
G	21	5	6	7	8	9	10	11	12	13	14	15	16	17	18	19	20	21	22	23	24	25	26	27	28	29	30	31	32	33	34	35	36	37	
G	21	39796	107088	161626	232026	308921	388905	408483	453399	486872	528446	630970	698069	750325	845515	944193	1090723	1165289	1245476	1436909	1634779	1667976	2121514	2327680	2757292	3269629	3683399	10118118	14345829	17714514	18620368	19017868	19032941	19200116	
G	22	5	6	7	8	9	10	11	12	13	14	15	16	17	18	19	20	21	22	23	24	25	26	27	28	29	30	31	32	33	34	35	
G	22	71962	110471	166935	247386	305866	360457	419563	488676	524738	585441	644934	710522	823541	884643	954978	1027671	1124989	1273349	1414829	1682612	1855578	2008385	2360728	2521443	3093035	5397524	11180668	14935066	17060085	18747530	19153392	
G	23	5	6	7	8	9	10	11	12	13	14	15	16	17	18	19	20	21	22	23	24	25	26	27	28	29	30	31	32	33	34	35	36	37	
G	23	77327	96434	166805	250416	354688	425087	472368	499136	545793	558351	636527	745757	812803	882547	980482	1094760	1180753	1442824	1566737	1777935	1955723	2243193	2599303	3146760	3443880	5662399	11792490	13628749	17711924	18958506	19143270	19203557	19253921	
G	24	5	6	7	8	9	10	11	12	13	14	15	16	17	18	19	20	21	22	23	24	25	26	27	28	29	30	31	32	33	34	35	36	37	
G	24	82903	134219	207605	302677	350330	420702	480808	489866	561180	620313	704540	787013	853712	913283	988068	1165118	1322139	1483232	1666378	1762320	2162276	2344480	2615395	3350787	3719808	5114345	11066545	14234103	16433440	17904387	18650023	18968900	19264131	
G	25	5	6	7	8	9	10	11	12	13	14	15	16	17	18	19	20	21	22	23	24	25	26	27	28	29	30	31	32	33	34	35	36	37	
G	25	71132	143927	242020	317523	375243	427359	489068	554338	584572	705111	755635	859259	886942	983130	1077226	1179507	1415847	1549117	1727271	1800467	2240116	2614061	2985259	3396846	3484111	5044079	10202351	14093192	16067860	18866318	19112948	19149467	19340313	
G	26	5	6	7	8	9	10	11	12	13	14	15	16	17	18	19	20	21	22	23	24	25	26	27	28	29	30	31	32	33	34	35	36	
G	26	91633	163771	247337	327886	392416	440007	494637	563148	599921	671176	765101	875113	922758	1017145	1139727	1285061	1473331	1550392	1879046	2068723	2228217	2653542	3030165	3784367	4622644	6080997	12597204	14535509	17695023	18412195	19022909	19354398	
G	27	5	6	7	8	9	10	11	12	13	14	15	16	17	18	19	20	21	22	23	24	25	26	27	28	29	30	31	32	33	34	35	36	
G	27	96710	172754	259084	363850	404567	495077	513217	576031	658713	747836	770173	867258	995290	1134825	1221034	1415895	1568972	1727858	1847885	1963774	2226604	2870656	3294610	3633764	4927636	7356396	12979333	17566325	18583158	18849706	19154865	19323814	
G	28	4	5	6	7	8	9	10	11	12	13	14	15	16	17	18	19	20	21	22	23	24	25	26	27	28	29	30	31	32	33	34	35	36	37	
G	28	77799	124478	203607	312552	409143	474230	540450	603097	676894	743155	782527	889116	1003229	1120850	1269222	1387337	1502105	1749646	1865219	1994436	2394190	2862622	3297920	4846362	5770829	8722588	11853348	14844526	16684894	18734999	19080996	19149545	19312725	19361161	
G	29	4	5	6	7	8	9	10	11	12	13	14	15	16	17	18	19	20	21	22	23	24	25	26	27	28	29	30	31	32	33	34	35	36	
G	29	91950	131255	240357	330751	427845	517439	544943	630943	668438	778602	823128	918755	1013171	1130146	1229377	1352808	1569943	1766028	1935157	2152784	2580888	3026783	3620255	4459651	6105821	6417893	10440679	12971735	17027946	18832538	18980472	19103586	19471470	
G	30	4	5	6	7	8	9	10	11	12	13	14	15	16	17	18	19	20	21	22	23	24	25	26	27	28	29	30	31	32	33	34	35	36	37	38	
G	30	90394	146118	224009	317845	443792	527743	573120	678908	712261	790103	867217	1021274	1145020	1203107	1334160	1503216	1690490	1768781	1940753	2150880	2623934	3103919	3701831	4275905	5360792	7040154	11197724	15644568	17867860	18280310	19289313	19297377	19392494	19456362	19510854	
G	31	4	5	6	7	8	9	10	11	12	13	14	15	16	17	18	19	20	21	22	23	24	25	26	27	28	29	30	31	32	33	34	35	36	
G	31	100990	159591	286918	338981	450204	576153	598074	659911	760329	836316	965208	1076737	1191409	1254046	1365146	1610111	1747363	2106356	2188175	2396501	2804854	3168538	3996216	4954700	5744161	7649056	12597549	16038045	17745079	18765558	19440529	19448310	19502201	
G	32	4	5	6	7	8	9	10	11	12	13	14	15	16	17	18	19	20	21	22	23	24	25	26	27	28	29	30	31	32	33	34	37	
G	32	104835	178622	270457	445823	494434	602700	645604	708392	777297	824328	953056	1153972	1244960	1340248	1636397	1713450	1850207	2118498	2431232	2683086	3028172	3406174	3814680	4692440	6534830	6975781	12107895	16375821	18728384	19457428	19465119	19496177	
G	33	4	5	6	7	8	9	10	11	12	13	14	15	16	17	18	19	20	21	22	23	24	25	26	27	28	29	30	31	32	33	34	35	36	
G	33	58151	170123	311877	425636	539950	605395	665353	744239	818480	896780	1028152	1202135	1313116	1442399	1559076	1816293	1901353	2032638	2412816	2796839	3056130	3779728	4636058	5691875	7315238	8054350	13800985	15463751	17809770	19024433	19320873	19455627	19514412	
G	34	4	5	6	7	8	9	10	11	12	13	14	16	17	18	19	20	21	22	23	24	25	26	27	28	29	30	31	32	33	34	35	37	
G	34	115041	218218	323255	458484	577223	650506	671892	732517	838610	931079	1135574	1388507	1482671	1622837	1827512	1973869	2327357	2600042	3078581	3507278	4057788	4818187	6305837	9523383	11273845	15672188	18780870	19251724	19466487	19504515	19560973	19583541	
G	35	4	5	6	7	8	9	10	11	12	13	14	15	16	17	18	19	20	21	22	23	24	25	26	27	28	29	30	31	32	33	34	35	37	
G	35	123396	241973	376935	571665	681166	688768	699166	812323	889984	959414	1083396	1231310	1360407	1525236	1697842	1798661	2121453	2450300	2714775	2847977	3459542	4276557	4714586	7136767	9992211	11876539	16157218	18980820	19332877	19483462	19526171	19571456	19597631	
C	0	5	6	7	8	9	10	11	12	13	14	15	16	17	18	19	20	21	22	23	24	25	26	27	28	29	30	31	32	33	34	35	
C	0	3857	26056	61335	109118	131639	167708	176882	182917	199429	270768	310442	333770	349060	361763	392337	426595	471979	569777	661781	751802	988216	1404035	1565825	5704800	11591938	16728644	16820924	17898366	17901692	17928319	17937716	
C	1	5	6	7	8	9	10	11	12	13	14	15	16	17	18	19	20	21	22	23	24	25	26	27	28	29	30	31	32	33	34	35	
C	1	28700	52410	104117	157183	188648	204486	220368	225771	249807	313141	338816	369063	398271	419114	459836	500003	563125	661168	770993	879007	1135950	1664690	1847788	6182913	12835865	16755953	16881578	17483396	17578974	17607526	17615651	
C	2	4	5	6	7	8	9	10	11	12	13	14	15	16	17	18	19	20	21	22	23	24	25	26	27	28	29	30	31	32	33	34	35	36	
C	2	3340	17596	43257	104660	132338	161671	220084	247838	272576	306507	337249	387702	424824	446098	485488	524375	563904	657493	750057	790289	856318	1070496	1173960	1692234	2938025	6772544	12168088	14695366	17770199	17914043	18269053	18322981	18351096	
C	3	4	5	6	7	8	9	10	11	12	13	14	15	16	17	18	19	20	21	22	23	24	25	26	27	28	29	30	31	32	33	34	35	
C	3	3426	33435	44772	111815	158303	194430	220231	270085	285638	308784	344602	371589	408617	436288	471547	553347	596671	648110	672685	767741	854370	969950	1059472	1620643	2331919	6313613	8721304	14940744	16767740	17933490	18089964	18095407	
C	4	4	5	6	7	8	9	10	11	12	13	14	15	16	17	18	19	20	21	22	23	24	25	26	27	28	29	30	31	32	33	34	35	36	
C	4	5156	32045	44967	101822	146991	169116	230503	246141	269413	294341	362983	386894	420095	455558	483086	516157	553173	633746	728341	813970	863546	938333	1223577	1279458	1546493	2181433	7538767	12583338	16344349	16688011	17751856	17781053	17789430	
C	5	5	6	7	8	9	10	11	12	13	14	15	16	17	18	19	20	21	22	23	24	25	26	27	28	29	30	31	32	33	34	35	36	
C	5	21843	60894	107052	156887	184848	233518	247456	282410	315102	382388	423692	457903	496837	550654	569722	623322	658804	689793	818711	930183	1091676	1228921	1394514	1621792	3065141	4981151	8982458	16786760	18030283	18650319	18869439	18979878	
C	6	4	5	6	7	8	9	10	11	12	13	14	15	16	17	18	19	20	21	22	23	24	25	26	27	28	29	30	31	32	33	34	35	36	37	
C	6	4306	32130	62843	118258	159493	188657	241206	259830	294896	318591	360195	384457	403619	458067	538142	564895	618751	697444	756861	845256	1004126	1080666	1242164	1322588	1524470	2219054	3735147	9522062	14154761	17845482	18387441	18459272	18473872	18544564	
C	7	4	5	6	7	8	9	10	11	12	13	14	15	16	17	18	19	20	21	22	23	24	25	26	27	28	29	30	31	32	33	34	35	36	37	
C	7	5882	34546	63705	84051	155658	204216	243501	272253	326514	341896	389227	419976	484128	506417	529124	601298	621956	703479	822963	881473	952043	1083004	1258842	1580023	1747283	2275747	5121072	10977080	12957148	16651517	17593212	18325060	18665094	18694792	
C	8	5	6	7	8	9	10	11	12	13	14	15	16	17	18	19	20	21	22	23	24	25	26	27	28	29	30	31	32	33	34	35	36	37	
C	8	26304	77040	104722	165401	207845	232401	287991	322382	366573	401092	425885	497659	535111	555996	604673	689400	735972	866058	943569	1032907	1114811	1262552	1490470	1703137	2203515	7388259	9448977	14901043	18369975	18479124	18605073	18751767	18829068	
C	9	4	5	6	7	8	9	10	11	12	13	14	15	16	17	18	19	20	21	22	23	24	25	26	27	28	29	30	31	32	33	34	35	36	
C	9	6770	39301	57014	128215	170231	232778	280395	302995	315472	370882	407611	430389	524395	553806	579383	611366	684363	700251	795637	822096	944192	1189373	1307016	1525900	1946911	2575177	5623113	10729846	14430414	15880837	18022826	18090140	18662603	
C	10	5	6	7	8	9	10	11	12	13	14	15	16	17	18	19	20	21	22	23	24	25	26	27	28	29	30	31	32	33	34	35	36	37	
C	10	42014	63922	106363	159906	221647	291781	299704	323393	361781	428665	472045	520959	559420	579822	620677	664002	705705	769570	882217	986396	1095919	1220657	1468784	1624925	2615142	3787050	10147411	14021428	15519371	18166452	18464087	18532753	18592769	
C	11	5	6	7	8	9	10	11	12	13	14	15	16	17	18	19	20	21	22	23	24	25	26	27	28	29	30	31	32	33	34	35	36	37	
C	11	38195	67846	120170	202060	235820	289330	304474	358022	379985	415636	459751	483836	525400	589250	683111	755583	776465	854035	986736	1056186	1311231	1394268	1678055	2185506	2331909	4960774	9381326	14386013	15321303	17864505	18423301	18685533	18788230	
C	12	4	5	6	7	8	9	10	11	12	13	14	15	16	17	18	19	20	21	22	23	24	25	26	27	28	29	30	31	32	33	34	35	36	37	
C	12	7116	40866	66365	113818	183969	226309	286482	328713	371303	414391	427962	494532	560298	595451	632560	686141	738494	845021	854649	919160	1013001	1194612	1455601	1604368	1895252	2306739	3486845	10719298	15452080	17500056	18061746	18237188	18571672	18689826	
C	13	5	6	7	8	9	10	11	12	14	15	16	17	18	19	20	21	22	23	24	25	26	27	28	29	30	31	32	33	34	35	36	
C	13	41515	65111	114380	183749	255889	303187	351028	398173	446869	490489	519166	594027	694915	793998	902342	954613	1056486	1147591	1247571	1348449	1741813	1921220	2005713	2259603	4863185	10496437	13425941	15740627	18195371	18563750	18791178	
C	14	5	6	7	8	9	10	11	12	13	14	15	16	17	18	19	20	21	22	23	24	25	26	27	28	29	30	31	32	33	34	35	36	37	38	
C	14	52836	91801	137266	202401	266039	290662	357327	391183	408467	458033	503846	598863	650968	746251	820432	926463	998292	1028816	1143382	1241268	1409854	1596867	1885254	2247798	2812948	4861154	10337665	14443925	17539972	18736358	18801713	18812118	18858329	18921266	
C	15	4	5	6	7	8	9	10	11	12	13	14	15	16	17	18	19	20	21	22	23	24	25	26	27	28	29	30	31	32	33	34	35	36	37	
C	15	8148	44881	73917	148745	246650	273197	344979	391734	403417	440262	506932	537364	558173	651776	710620	814448	867794	926604	1123745	1241596	1399017	1537381	1659789	2006771	2387617	3896830	5529079	8543861	13136233	15314986	17516695	18445719	18869610	18922541	
C	16	5	6	7	8	9	10	11	12	13	14	15	16	17	18	19	20	21	22	23	24	25	26	27	28	29	30	31	32	33	34	35	36	37	
C	16	51631	85535	163280	229012	287710	323405	384877	434660	464942	533077	589211	683810	725332	777967	826329	949412	1045953	1214724	1285784	1393733	1622358	1720052	1962471	2492317	2981517	5973659	9469334	12539776	14683239	17179852	18418536	18580343	18902681	
C	17	5	6	7	8	9	10	11	12	13	14	15	16	17	18	19	20	21	22	23	24	25	26	27	28	29	30	31	32	33	34	35	36	
C	17	65700	91903	158760	222567	337066	369439	426181	477858	510521	544769	652457	666587	735559	846052	975959	1024356	1201259	1241071	1346496	1579336	1770139	2122738	2334307	2901087	3663324	5640069	9945026	13825712	17458326	18692018	18899811	19047708	
C	18	5	6	7	8	9	10	11	12	13	14	15	16	17	18	19	20	21	22	23	24	25	26	27	28	29	30	31	32	33	34	35	36	37	38	
C	18	56522	106224	163512	252005	315026	353566	423769	467556	519450	564858	667046	698424	782128	856609	894953	1031393	1135817	1228473	1439919	1734212	1922443	2070024	2302033	2672385	3379877	5194881	8241180	13562572	18363228	18758951	18763533	18779068	18960090	19070345	
C	19	5	6	7	8	9	10	11	12	13	14	15	16	17	18	19	20	21	22	23	24	25	26	27	28	29	30	31	32	33	34	35	36	38	
C	19	70344	117187	189938	269799	340877	411603	469817	492145	533653	567063	615612	681416	781228	827244	878417	1056194	1154927	1272148	1449510	1775076	1984256	1988463	2213584	2635655	3506071	6997682	11597013	14517251	17206699	18344436	18790137	18957466	19082634	
C	20	4	5	6	7	8	9	10	11	12	13	14	15	16	17	18	19	20	21	22	23	24	25	26	27	28	29	30	31	32	33	34	35	36	37	
C	20	12021	61090	122071	202459	302337	372607	433029	471510	507499	552216	663170	722168	755698	816051	931649	1035787	1087644	1316937	1364996	1595696	1838510	2068863	2359146	2641936	3169832	3716871	5061647	9112619	13011110	16887991	18603477	18692689	18896705	19057443	
C	21	5	6	7	8	9	10	11	12	13	14	15	16	17	18	19	20	21	22	23	24	25	26	27	28	29	30	31	32	33	34	35	36	37	
C	21	41871	127726	195083	278401	384936	464255	492610	549996	585462	627249	770288	848235	910644	1040026	1147703	1323707	1419777	1490087	1703652	1928420	1962195	2482050	2732209	3172950	3716358	4237314	10326243	14107257	17870603	18704268	18923697	18940375	19096408	
C	22	5	6	7	8	9	10	11	12	13	14	15	16	17	18	19	20	21	22	23	24	25	26	27	28	29	30	31	32	33	34	35	
C	22	84727	132965	198896	299596	376176	450696	512945	585687	638095	704931	796339	876231	1031196	1096216	1182224	1275877	1389805	1542512	1688780	1983151	2206135	2417573	2867721	3032965	3572751	5655211	11533453	15051548	17045574	18849587	19051143	
C	23	5	6	7	8	9	10	11	12	13	14	15	16	17	18	19	20	21	22	23	24	25	26	27	28	29	30	31	32	33	34	35	36	37	
C	23	89800	114181	199920	303268	445318	527127	578859	608187	664170	680185	778872	911365	1000854	1095281	1221638	1358359	1492602	1796136	1989486	2209657	2408861	2769789	3196754	3673438	3984113	5932556	11849360	13544960	17758655	18815651	19030803	19121814	19164165	
C	24	5	6	7	8	9	10	11	12	13	14	15	16	17	18	19	20	21	22	23	24	25	26	27	28	29	30	31	32	33	34	35	36	37	
C	24	95255	154352	247485	358405	428297	515905	589877	600257	681424	751243	876158	964486	1050412	1118642	1218888	1415499	1610176	1786758	2034190	2160791	2676517	2914051	3163709	3895323	4373376	5594373	11459359	14548570	16752539	18275893	18832646	18977965	19070258	
C	25	5	6	7	8	9	10	11	12	13	14	15	16	17	18	19	20	21	22	23	24	25	26	27	28	29	30	31	32	33	34	35	36	37	
C	25	79673	161739	282426	378115	460151	519092	592088	659480	696985	847799	908281	1014075	1072529	1192745	1312946	1455054	1717567	1849307	2040881	2149648	2699436	3195945	3613956	4105800	4185114	5428817	10207022	14134123	15770779	18521662	18783467	18825446	19029236	
C	26	5	6	7	8	9	10	11	12	13	14	15	16	17	18	19	20	21	22	23	24	25	26	27	28	29	30	31	32	33	34	35	36	
C	26	105801	191707	301552	400584	495857	547483	611633	685208	736292	823426	934628	1092479	1165558	1293352	1449523	1644183	1844074	1933947	2386793	2593134	2749814	3232537	3679036	4428274	5193738	6467385	12921371	14731841	17850073	18412122	19018294	19132649	
C	27	5	6	7	8	9	10	11	12	13	14	15	16	17	18	19	20	21	22	23	24	25	26	27	28	29	30	31	32	33	34	35	36	
C	27	110511	200147	312859	444435	511656	608831	631351	699141	814376	922867	949677	1063871	1241731	1429780	1521699	1746666	1911044	2132793	2290385	2463044	2742847	3493374	4042829	4379688	5605280	8013919	13154835	17613015	18510026	18758013	18886016	19044611	
C	28	4	5	6	7	8	9	10	11	12	13	14	15	16	17	18	19	20	21	22	23	24	25	26	27	28	29	30	31	32	33	34	35	36	37	
C	28	91905	145806	239700	384740	500323	591399	669715	739880	830622	910769	969952	1102302	1247370	1421929	1623277	1793115	1923024	2244008	2371833	2553126	2981988	3635660	4118911	5724878	6383556	9073379	12245414	14920858	16637907	18605375	18801557	18833082	18978016	19022681	
C	29	4	5	6	7	8	9	10	11	12	13	14	15	16	17	18	19	20	21	22	23	24	25	26	27	28	29	30	31	32	33	34	35	36	
C	29	103161	149259	279301	397161	524908	648091	675940	777017	825730	957941	1039186	1152992	1270448	1415958	1541943	1748563	2006505	2271676	2515760	2777745	3301839	3823219	4370934	5341832	6876729	7256429	10809795	13228014	17379901	18625066	18752856	18832336	19085336	
C	30	4	5	6	7	8	9	10	11	12	13	14	15	16	17	18	19	20	21	22	23	24	25	26	27	28	29	30	31	32	33	34	35	36	37	38	
C	30	106577	172357	260805	382100	559793	660489	707214	829634	877376	967453	1063683	1264855	1433956	1499983	1695327	1908291	2174722	2264017	2446509	2699350	3293290	3906155	4594095	5205475	6327638	7640492	11202623	15616287	17698757	17961928	18926647	18930705	18983486	19011666	19047933	
C	31	4	5	6	7	8	9	10	11	12	13	14	15	16	17	18	19	20	21	22	23	24	25	26	27	28	29	30	31	32	33	34	35	36	
C	31	110685	180821	336576	404379	547998	707710	737944	804325	926328	1018631	1177205	1325593	1506513	1584213	1723979	2013671	2259875	2700590	2814956	3038830	3571040	3953331	4802161	5874940	6569453	8118406	12764464	16006327	17586670	18414226	19007514	19011525	19047758	
C	32	4	5	6	7	8	9	10	11	12	13	14	15	16	17	18	19	20	21	22	23	24	25	26	27	28	29	30	31	32	33	34	37	
C	32	115935	205917	319890	533734	599746	743340	797303	875837	948506	1013258	1154045	1438975	1580833	1696652	2070072	2197380	2377655	2657636	3126933	3454822	3806551	4327129	4824148	5799488	7443752	7976630	12866085	16334285	18495102	18996990	19005412	19055143	
C	33	4	5	6	7	8	9	10	11	12	13	14	15	16	17	18	19	20	21	22	23	24	25	26	27	28	29	30	31	32	33	34	35	36	
C	33	65366	195971	366536	503895	680459	750881	824834	920330	1001532	1103564	1256884	1498752	1675955	1840977	2006356	2322537	2442697	2577081	3124756	3561377	3966396	4789028	5670406	6817337	8222166	8750662	13866803	15451717	17431992	18604130	18881108	18967382	18991071	
C	34	4	5	6	7	8	9	10	11	12	13	14	16	17	18	19	20	21	22	23	24	25	26	27	28	29	30	31	32	33	34	35	37	
C	34	125703	244918	377599	550536	720754	797968	825649	892145	1029602	1132772	1377368	1761607	1888063	2048874	2350938	2573386	2981889	3401987	3917847	4470160	5043107	5723161	6862514	9587498	11719491	15696187	18484311	18811030	18927971	18988904	19026893	19055544	
C	35	4	5	6	7	8	9	10	11	12	13	14	15	16	17	18	19	20	21	22	23	24	25	26	27	28	29	30	31	32	33	34	35	37	
C	35	134761	275460	448012	683463	835118	843540	854598	986132	1094376	1178073	1331425	1511259	1689244	1899481	2132979	2306822	2715791	3187714	3483183	3695795	4425288	5372510	5789804	7730005	10225824	12145390	16184185	18440710	18790886	18956330	19017200	19048186	19080518	
N	0	5	6	7	10	13	14	15	16	17	19	20	22	
N	0	2619	2645	2815	3221	3398	3459	3597	3628	3695	3739	3741	3751	
N	1	5	6	7	10	13	14	15	16	17	19	22	
N	1	1137	1143	1217	1418	1517	1552	1608	1617	1653	1672	1676	
N	2	6	7	10	11	13	15	16	18	23	
N	2	1310	1313	1539	1638	1702	1783	1787	1808	1810	
N	3	5	6	7	10	11	14	15	16	17	18	19	21	
N	3	1416	1485	1495	1709	1794	1851	1870	1883	1889	1926	1929	1938	
N	4	5	6	7	10	13	14	16	18	19	21	
N	4	1256	1327	1333	1543	1570	1741	1783	1789	1812	1813	
N	5	5	6	7	10	12	14	17	18	20	23	
N	5	1264	1343	1349	1603	1694	1805	1847	1848	1870	1873	
N	6	5	6	7	10	12	13	14	17	18	21	
N	6	1334	1412	1413	1644	1726	1756	1799	1841	1868	1869	
N	7	5	6	7	10	11	14	16	17	19	21	
N	7	1360	1438	1441	1550	1783	1879	1899	1943	1962	1965	
N	8	5	6	11	12	13	16	17	20	21	
N	8	1423	1522	1740	1807	1952	2005	2010	2030	2032	
N	9	5	6	7	10	13	14	16	19	22	
N	9	1496	1591	1597	1845	1958	2058	2113	2134	2136	
N	10	5	6	7	10	12	13	14	16	17	19	20	22	24	
N	10	1462	1555	1566	1794	1872	1944	1981	1986	2033	2037	2038	2040	2051	
N	11	5	6	7	10	12	14	17	19	20	22	
N	11	1491	1575	1579	1828	1923	2041	2093	2096	2110	2111	
N	12	5	6	7	10	11	13	15	16	17	20	21	
N	12	1599	1695	1698	1821	2098	2188	2240	2278	2283	2309	2312	
N	13	5	6	7	10	11	14	15	17	18	19	20	
N	13	1624	1705	1714	1837	2097	2135	2227	2273	2294	2323	2326	
N	14	5	6	7	11	12	14	16	18	19	20	
N	14	1646	1735	1747	2020	2129	2210	2319	2324	2342	2346	
N	15	5	6	7	11	14	15	17	18	19	21	22	
N	15	1593	1667	1679	2085	2164	2205	2271	2276	2300	2301	2305	
N	16	5	6	7	11	12	14	15	16	18	19	20	22	
N	16	1745	1846	1851	2139	2261	2354	2402	2443	2449	2468	2470	2473	
N	17	5	6	7	10	12	15	17	18	21	
N	17	1691	1786	1797	2085	2204	2317	2384	2404	2405	
N	18	5	7	10	13	15	17	18	19	20	22	
N	18	1777	1786	2194	2286	2343	2387	2393	2417	2418	2420	
N	19	5	6	7	10	11	14	15	16	17	19	20	
N	19	1662	1753	1758	2058	2189	2273	2317	2332	2373	2398	2399	
N	20	5	6	7	10	11	14	16	17	18	20	21	
N	20	1647	1757	1766	2039	2163	2292	2308	2350	2353	2369	2372	
N	21	6	7	10	14	15	16	17	18	19	20	23	
N	21	1719	1732	2017	2142	2266	2314	2339	2343	2370	2371	2373	
N	22	5	6	8	11	13	14	16	18	19	22	
N	22	1940	2005	2016	2415	2491	2573	2621	2627	2628	2652	
N	23	5	6	7	9	10	14	15	16	17	19	20	22	
N	23	1713	1817	1829	2126	2237	2310	2370	2421	2428	2443	2444	2447	
N	24	5	7	10	11	13	15	16	20	21	
N	24	1700	1796	2075	2181	2281	2330	2399	2424	2427	
N	25	5	6	7	8	9	10	11	12	13	14	15	16	17	18	19	20	21	
N	25	37449	49549	49567	49635	49716	50044	50264	50515	50545	50766	50791	50865	50867	50909	50944	50948	50958	
N	26	5	6	7	8	9	10	11	12	13	14	15	16	17	18	19	20	21	23	
N	26	49496	49604	49612	49699	49775	50117	50343	50502	50625	50659	50904	50967	50972	51025	51053	51074	51076	51080	
N	27	5	6	7	8	9	10	11	12	13	14	15	16	17	18	19	20	22	
N	27	49554	49666	49674	49835	49848	50351	50392	50650	50799	50911	50955	51021	51087	51109	51147	51159	51161	
N	28	4	5	6	7	8	9	10	11	12	13	14	15	16	17	18	19	23	26	
N	28	38147	49955	49974	50057	50172	50687	50925	51055	51186	51295	51360	51419	51517	51550	51595	51596	51600	51601	
N	29	4	5	6	7	8	9	10	11	12	13	14	15	16	17	18	19	20	21	
N	29	38398	49696	49796	49803	49957	50342	50524	50780	50844	51072	51112	51208	51265	51347	51357	51382	51386	51388	
N	30	4	5	6	7	8	9	10	11	12	13	14	15	16	17	18	19	20	21	22	
N	30	37124	50175	50204	50206	50392	50803	51168	51491	51521	51653	51740	51834	51885	51901	51938	51947	51949	51953	51955	
N	31	4	5	6	8	9	10	11	12	13	14	15	16	17	18	19	20	21	
N	31	39639	51217	51239	51428	52044	52091	52410	52560	52695	52837	52848	52918	52952	52977	52992	53006	53008	
N	32	4	5	6	7	8	9	10	11	12	13	14	15	16	17	18	19	20	21	22	
N	32	39694	51311	51350	51548	51565	52258	52367	52483	52692	52709	52891	53045	53048	53081	53117	53126	53129	53132	53133	
N	33	4	5	6	7	8	9	10	11	12	13	14	15	16	17	18	19	21	22	
N	33	13996	50509	50655	50785	50945	51535	51786	51990	52085	52160	52379	52476	52491	52505	52543	52549	52555	52558	
N	34	4	5	6	7	8	9	10	11	12	13	14	16	17	18	19	20	21	
N	34	46593	58220	58234	58350	58581	59196	59394	59599	59683	59907	60052	60167	60186	60231	60237	60239	60241	
N	35	4	5	6	7	8	10	11	12	13	14	15	16	17	18	19	20	21	
N	35	46472	58043	58147	58579	59069	59223	59546	59576	59729	59890	59978	60085	60144	60180	60185	60194	60195	
