.	0	3	6	7	8	9	10	11	12	13	14	15	16	17	18	19	20	21	22	23	24	25	26	27	28	29	30	31	32	33	34	35	36	37	38	40	
.	0	39375	355755	395136	415685	1227131	1338634	1522001	1851208	2165909	2436839	2608538	3151544	3638628	4218935	4552017	4936868	6093912	6810203	7762413	8336676	9740769	11066722	13282828	16958345	28105900	72514851	93003507	107259823	112268937	122560993	138449311	148388962	183462055	192213544	212042638	
.	1	2	3	5	6	7	8	9	10	11	12	13	14	15	16	17	18	19	20	21	22	23	24	25	26	27	28	29	30	31	32	33	34	35	36	37	38	40	
.	1	15243	108576	117984	518824	605021	651426	1649518	1764372	2042272	2429745	2936975	3294066	3555517	4265891	4849912	5560341	5946181	6719762	8355788	9375144	10726899	11536692	13375711	15038386	18861613	25132232	38004972	78004701	100158136	113104865	117874830	128520434	144627832	155160635	187369444	195241192	212042638	
.	2	4	5	6	7	8	9	10	11	12	13	14	15	16	17	18	19	20	21	22	23	24	25	26	27	28	29	30	31	32	33	34	35	36	37	38	39	40	
.	2	8289	153216	531455	931040	995566	1505415	1565530	2270425	2610073	3061110	3344949	4283816	4580697	5008541	5334093	5725911	6578896	7762182	8736896	10578899	11800685	13216231	15768605	18760247	23890740	35004259	68854441	94729486	98627663	116540635	129934254	145732234	161340087	183427596	185580596	198396898	212042638	
.	3	4	5	6	7	8	9	10	11	12	13	14	15	16	17	18	19	20	21	22	23	24	25	26	27	28	29	30	31	32	33	34	35	36	37	38	39	40	
.	3	13622	36125	80915	408184	714581	900792	1573190	1779376	2253594	2777744	3259319	3893808	4287471	4891393	6200120	6819687	8431755	9036675	10281258	11083684	13046129	14563366	16875635	18849507	25659866	34362472	54115926	80266497	109281369	119706162	131234853	138437857	161050144	184721633	196420755	201447523	212042638	
.	4	4	5	6	7	8	9	10	11	12	13	14	15	16	17	18	19	20	21	22	23	24	25	26	27	28	29	30	31	32	33	34	35	36	37	38	39	40	
.	4	287940	302159	356484	527302	728934	1201611	1368933	1824798	2291335	2483379	3534279	3975263	4180261	4984018	5444585	6115721	7592554	8753784	9970523	11276508	12465637	14098966	17297813	19457540	22494230	28783923	60042655	88697340	108156516	117053139	129985631	138262449	160912370	191165027	197586731	200488881	212042638	
.	5	3	4	5	6	7	8	9	10	11	12	13	14	15	16	17	18	19	20	21	22	23	24	25	26	27	28	29	30	31	32	33	34	35	36	37	38	39	40	
.	5	83731	231237	740647	820708	1056631	1088935	1234065	2079234	2325112	2767960	3253528	3797048	4058220	4945245	5528956	6011906	7215943	9096291	10052056	11122686	11843742	13994530	15316372	16388317	18788353	21290780	31958731	47071008	82236953	101039585	112917038	129394287	139426365	155425723	192129074	195563491	201692200	212042638	
.	6	3	4	5	6	7	8	9	10	11	12	13	14	15	16	17	18	19	20	21	22	23	24	25	26	27	28	29	30	31	32	33	34	35	36	37	38	39	40	
.	6	5349	164973	269610	471235	636066	1007134	1458071	1532484	2074939	2407128	2490863	3321071	4414032	5533715	6104893	7893366	8423737	9900791	10848652	11906948	12887576	13940421	16015302	18776852	20592373	23243210	34945229	60040080	77849911	103283607	115432024	134602275	143666117	156371267	190752229	196771415	203312599	212042638	
.	7	4	5	6	7	8	9	10	11	12	13	14	15	16	17	18	19	20	21	22	23	24	25	26	27	28	29	30	31	32	33	34	35	36	37	38	39	40	
.	7	17367	33750	416645	639412	678767	1137364	1626460	1932836	2078806	2868019	3438169	3733398	4165298	5429469	5673005	6848413	7759871	8567236	10074725	11473771	13701531	16143198	18699187	21583905	27714231	32236038	49659233	77571503	104736736	113780703	128241502	141453349	153303552	191275901	196449226	204943025	212042638	
.	8	4	5	6	7	8	9	10	11	12	13	14	15	16	17	18	19	20	21	22	23	24	25	26	27	28	29	30	31	32	33	34	35	36	37	38	39	40	
.	8	203677	215947	526975	578552	598763	1470538	2324119	2453112	2992252	3544903	4106329	4502845	4838412	6014976	7005496	7602612	8762402	9821729	10940378	11601731	12492406	14754732	17006493	19601417	22704399	30992256	49428537	82611867	99194079	117706460	130175669	141627464	161155413	192973910	201890094	205237193	212042638	
.	9	4	5	6	7	8	9	10	11	12	13	14	15	16	17	18	19	20	21	22	23	24	25	26	27	28	29	30	31	32	33	34	35	36	37	38	39	40	
.	9	330282	336164	414257	464350	1173646	1262693	2102590	2322758	2713359	2787283	3990194	4644235	5731017	6037944	6206698	6783342	8182683	8489146	10560074	12061055	14827032	17340066	19350198	20419212	25297034	39216179	54413326	85440663	94805281	109083793	134233962	141513944	155053918	191477652	200053320	207147265	212042638	
.	10	4	5	6	7	8	9	10	11	12	13	14	15	16	17	18	19	20	21	22	23	24	25	26	27	28	29	30	31	32	33	34	35	36	37	38	39	40	
.	10	10070	34825	103427	493593	974437	1268150	1584695	2270382	3063397	3341586	4153780	4943692	5379280	5588209	6771090	7829307	9038202	9817181	11364875	12412163	14219690	16704437	19668818	21172557	23496312	32409251	51150927	75324627	90302575	116854564	125079256	138866004	158358279	188928792	199990765	207437593	212042638	
.	11	4	5	6	7	8	9	10	11	12	13	14	15	16	17	18	19	20	21	22	23	24	25	26	27	28	29	30	31	32	33	34	35	36	37	38	39	
.	11	117495	147132	218321	751688	778916	1585116	1970396	2302577	3373253	3442197	3860752	4725455	5316704	6172623	6519486	8029702	10509565	12249443	12585310	15300671	15876818	18368545	21999396	25072180	30893935	37722230	62334737	77772605	102167335	120747522	129872921	144002734	161244063	191483845	202344668	212042638	
.	12	4	5	6	7	8	9	10	11	12	13	14	15	16	17	18	19	20	21	22	23	24	25	26	27	28	29	30	31	32	33	34	35	36	37	38	39	40	
.	12	27947	44802	110519	639114	687585	1321313	1437320	2017252	2762109	2935868	3054246	3627896	4838795	6196874	6841579	7275886	8458010	9819679	11379340	12983865	15236478	17832951	20505316	24576041	27320281	32341280	49572631	83814373	99717038	115324898	131792537	137835120	156984388	183108183	202957628	208175013	212042638	
.	13	4	5	6	7	8	9	10	11	12	13	14	15	16	17	18	19	20	21	22	23	24	25	26	27	28	29	30	31	32	33	34	35	36	37	38	39	40	
.	13	10501	399696	621154	672243	720221	1548649	1970395	2333611	2856368	3139680	3751712	5680578	6680670	7263407	8038062	9179750	9790477	10432160	11727186	14335670	16873602	21402824	22726736	25416278	29673144	37282242	53397652	90789114	103667367	118710192	126455844	139961844	152744730	191713215	207355178	210493082	212042638	
.	14	4	5	6	7	8	9	10	11	12	13	14	15	16	17	18	19	20	21	22	23	24	25	26	27	28	29	30	31	32	33	34	35	36	37	38	39	
.	14	9469	257617	295513	817869	930825	1684430	2214236	2659660	2979329	3095828	5044060	5550948	7029631	7586831	8443650	9908603	11450745	11679947	13681521	14680304	15936545	18683703	22136018	25464527	28640507	33682355	58732360	77516933	97647664	112574599	128771488	142094316	152837263	182714433	204968910	212042638	
.	15	4	5	6	7	8	9	10	11	12	13	14	15	16	17	18	19	20	21	22	23	24	25	26	27	28	29	30	31	32	33	34	35	36	37	38	39	40	
.	15	18363	53081	101673	916112	976315	1119579	1627191	2830833	3087390	3689091	5397691	5746276	7736586	8668837	10175410	10506155	12208600	12941361	14088596	17195970	19509993	21379536	24811694	27804314	31829214	43788868	63064275	82014924	103161773	115891368	130319329	144547028	155276648	183669982	207222716	210479482	212042638	
.	16	4	5	6	7	8	9	10	11	12	13	14	15	16	17	18	19	20	21	22	23	24	25	26	27	28	29	30	31	32	33	34	35	36	37	38	39	
.	16	12980	23113	402778	988585	1276583	1776590	2119698	3027004	3613671	4977641	6023054	6585328	6956420	7594438	9266188	11346289	12579016	14076995	15289418	16140022	18656169	22537957	25795524	28871522	32828079	39916038	59196622	90413762	98516976	117404616	135247434	147103504	158313512	185324843	207604127	212042638	
.	17	4	5	6	7	8	9	10	11	12	13	14	15	16	17	18	19	20	21	22	23	24	25	26	27	28	29	30	31	32	33	34	35	36	37	38	39	
.	17	9795	31701	118062	1125273	1553442	1684737	3316430	4194369	4315377	4414570	4671832	7998061	8303718	9261122	10034454	12121989	13721767	15642107	16834941	17682880	20185916	24921842	27810962	33063527	37240274	49559661	64710231	87844309	105418433	123418974	132744474	148669122	155157938	182374694	209507902	212042638	
.	18	5	6	7	8	9	10	11	12	13	14	15	16	17	18	19	20	21	22	23	24	25	26	27	28	29	30	31	32	33	34	35	36	37	38	39	
.	18	47452	585652	642662	1800071	1889139	2122970	3710470	3828927	4406827	4735775	6615176	7361192	9080799	11596400	12454368	15686699	17549748	18451829	19950785	21906708	26470416	30942862	34903077	37292356	50046987	62895774	90688448	100604719	114598271	133094212	149540054	158857092	180273506	210053032	212042638	
.	19	4	5	6	7	8	9	10	11	12	13	14	15	16	17	18	19	20	21	22	23	24	25	26	27	28	29	30	31	32	33	34	35	36	37	38	39	
.	19	10604	22177	638941	1734679	2304607	2541534	2750468	3243114	4425797	5044908	5292662	6069452	8291669	9100074	10255162	11400610	15865992	16616454	20468305	20986274	24236077	27370565	30686188	35569279	41960332	48917007	62212223	87341472	98834651	121078722	127936292	148088555	163127905	180197040	209589945	212042638	
.	20	4	5	6	7	8	9	10	11	12	13	14	15	16	17	18	19	20	21	22	23	24	25	26	27	28	29	30	31	32	33	34	35	36	37	38	
.	20	27015	43658	724703	736964	1341776	2489076	2831536	2946521	5310378	6159227	8036263	8589841	9292983	11586355	12626599	13691497	17159346	18823708	20573442	23342185	25349488	28112829	31515714	37303472	45759960	60442768	70974036	93911169	110503881	123530363	129160713	142159162	158322297	181261888	212042638	
.	21	4	5	6	8	9	10	11	12	13	14	15	16	17	18	19	20	21	22	23	24	25	26	27	28	29	30	31	32	33	34	35	36	37	38	39	
.	21	11290	55453	224165	1555776	2705788	2885866	3494295	4250063	5855843	7528951	9178346	11401613	12022985	12527518	14389893	15588138	17339843	21014929	25097309	28169853	29277416	31871353	38092987	43097927	52942519	70263500	83579721	105118132	118466275	130553687	144346047	155574633	169895103	211442599	212042638	
.	22	4	5	6	7	8	9	10	11	12	13	14	15	16	17	18	19	20	21	22	23	24	25	26	27	28	29	30	31	32	33	34	35	36	37	38	
.	22	12520	48321	194407	954053	1700767	2025835	3235685	3478248	5062696	5900692	6099992	7145098	9591549	12991546	13780728	15910757	19181915	20059958	21504404	24680174	27179870	29832083	31894201	40124496	45920521	56543611	70783914	100580912	112013931	123781857	135054582	146458114	162682444	178730548	212042638	
.	23	4	5	6	7	8	9	10	11	12	13	14	15	16	17	18	19	20	21	22	23	24	25	26	27	28	29	30	31	32	33	34	35	36	37	38	
.	23	13536	47677	1015337	1068996	1866847	2346375	3791046	3913740	4632889	6232737	6675694	7672271	9073671	10096760	13914650	15914458	17051512	21305281	24221668	27287168	30281828	34286770	37314612	45304361	48710150	59268749	75246433	103177523	120936260	133412215	140915378	148750393	159035406	175165804	212042638	
.	24	4	5	6	7	8	9	10	11	12	13	14	15	16	17	18	19	20	21	22	23	24	25	26	27	28	29	30	31	32	33	34	35	36	37	38	39	
.	24	16156	63603	214473	1339380	2171981	2550698	3977237	4624557	4750825	4982445	7688413	9790690	11369279	14510606	16005628	17275163	19785190	21504608	24144893	26465058	28709975	36109983	41033503	47541646	52759536	59949211	80021462	95470655	114920687	125696704	138474825	148486748	162137188	174506015	211737724	212042638	
.	25	4	5	6	7	8	9	10	11	12	13	14	15	16	17	18	19	20	21	22	23	24	25	26	27	28	29	30	31	32	33	34	35	36	37	38	39	
.	25	38701	324342	799574	1850326	2476889	3569444	3992092	5732221	6329132	7633088	10858376	11477945	13808186	15304052	17828418	19928880	23304637	26556631	29419665	33411133	37248696	43529558	47434578	51138323	58649633	66665882	79326497	99092830	113401841	128632242	140821533	148120206	158045696	176700336	208483406	212042638	
.	26	4	5	6	7	8	9	10	11	12	13	14	15	16	17	18	19	20	21	22	23	24	25	26	27	28	29	30	31	32	33	34	35	36	37	38	39	
.	26	110307	270439	1817279	2097618	2761468	3818782	5689245	6042287	6475960	7753927	10314557	11675974	13555814	16141967	19389635	22804157	25081310	30960787	34498714	36935861	42347548	47131008	51456365	54575103	61947894	70529985	86869250	99806488	114001591	129971214	140464432	150937086	160650189	174634228	205291960	212042638	
.	27	4	5	6	7	8	9	10	11	12	13	14	15	16	17	18	19	20	21	22	23	24	25	26	27	28	29	30	31	32	33	34	35	36	37	38	39	
.	27	72366	294331	717251	2279088	2907181	4146515	4272066	6411332	7663577	7753125	10521605	11269792	14544298	16333437	21056693	23186553	28212761	30280802	31814949	39689026	41590203	47358710	52837046	55566742	59545509	74678948	90507019	102872620	124099848	134112608	137922982	151668606	161649833	184557207	205951116	212042638	
.	28	2	3	4	5	6	7	8	9	10	11	12	13	14	15	16	17	18	19	20	21	22	23	24	25	26	27	28	29	30	31	32	33	34	35	36	37	38	
.	28	2367151	4030890	4226913	7851616	11281502	16524096	20812300	25053951	26658512	28440414	32807237	35442660	37068124	40092250	43291509	47383615	49640421	54145840	60985378	64639310	68671106	72277125	75107914	80523022	85093575	90293362	101978066	117091566	137521934	160438437	174561853	183220208	191041402	198830169	205793210	209541547	212042638	
.	29	2	4	5	6	7	8	9	10	11	12	13	14	15	16	17	18	19	20	21	22	23	24	25	26	27	28	29	30	31	32	33	34	35	36	37	38	
.	29	1356814	3735374	8099366	10400026	16700710	21131448	23838123	27198700	29109411	32025794	37546446	39410760	41937166	45536747	48439644	50971188	55211539	61564613	65444224	68299772	72270001	75407270	80189337	83740793	90919307	97528716	115615832	137752223	157400208	180188804	186696237	192608623	200778798	206579647	211895555	212042638	
.	30	2	4	5	6	7	8	9	10	11	12	13	14	15	16	17	18	19	20	21	22	23	24	25	26	27	28	29	30	31	32	33	34	35	36	37	38	
.	30	1134080	5065653	10833506	13247744	18684362	24173946	27954681	30821225	33404267	36093928	41078464	43675383	48174261	50048583	54147525	57611164	60803175	66478422	70020915	75315654	80289755	85974837	89694974	93161385	98034657	103554628	125299092	149987930	168796890	188653483	192843010	196413887	201474995	207746521	210237145	212042638	
.	31	2	3	4	5	6	7	8	9	10	11	12	13	14	15	16	17	18	19	20	21	22	23	24	25	26	27	28	29	30	31	32	33	34	35	36	37	38	
.	31	975361	1629803	5166503	8928967	11903347	16942642	24368917	25877818	31601371	32822009	35744864	42180648	44140653	48642638	51132332	54734167	59441342	61608199	70304752	73463996	75764733	80747933	82417634	87870803	92643192	98000039	106142731	121741841	147008386	177544790	185862988	192214147	200902217	203610021	206496371	210290521	212042638	
.	32	2	4	5	6	7	8	9	10	11	12	13	14	15	16	17	18	19	20	21	22	23	24	25	26	27	28	29	30	31	32	33	34	35	36	37	38	
.	32	1008276	3408040	7599663	12353145	18215806	24529287	29618271	33571131	35344059	36371620	42212910	48288357	50639618	54286571	56187935	59787351	66421734	72403902	75393172	79639765	82680162	87125522	91343801	96329380	107281504	120575843	131931139	157212223	177510127	189103416	196571823	201512320	205969511	208515483	211359907	212042638	
.	33	2	4	5	6	7	8	9	10	11	12	13	14	15	16	17	18	19	20	21	22	23	24	25	26	27	28	29	30	31	32	33	34	35	36	37	38	
.	33	1060831	1424101	9509049	14117480	18507991	25942422	29534786	35451671	37833578	39236925	44796104	50204766	53454219	56530675	59437653	63301806	68845402	75058879	79486236	82155489	85805906	92066500	96975144	99147389	106728735	125212694	139519921	164798144	186426430	194034012	199479077	204356199	207729969	208727503	210302213	212042638	
.	34	1	4	5	6	7	8	9	10	11	12	13	14	15	16	17	18	19	20	21	22	23	24	25	26	27	28	29	30	31	32	33	34	35	36	37	38	
.	34	1126815	3187212	8520556	13655771	21820080	26314237	33699603	36088486	39687400	41692082	45088411	49166441	54951873	58989367	61733104	64950863	71415929	78074212	80782444	83774138	89640637	94829852	98454652	106490537	113797928	131161273	147649343	168068009	185390831	192726565	197823018	203962243	207282428	210431140	211885982	212042638	
.	35	4	5	6	7	8	9	10	11	12	13	14	15	16	17	18	20	21	22	23	24	25	26	27	28	29	30	31	32	33	35	
.	35	434262	1341151	1725690	2979293	3478620	3592624	3672807	3873754	4096922	4983957	6111261	6898402	7597361	8486640	9406962	11743595	13338069	14845232	15537173	18514328	20186793	24806540	27108933	34777580	44718061	64200761	77403976	77414015	77460475	77509561	
A	0	3	6	7	8	9	10	11	12	13	14	15	16	17	18	19	20	21	22	23	24	25	26	27	28	29	30	31	32	33	34	35	36	37	38	40	
A	0	560	99637	111485	119727	389899	412150	458066	572958	665153	745916	793532	967311	1156756	1361967	1507033	1639146	2055795	2280361	2681133	2895237	3389786	3940804	4762405	6007891	10038371	24261751	31018851	35715045	37864716	41682782	47748833	52383931	64626869	67231056	71741846	
A	1	2	3	5	6	7	8	9	10	11	12	13	14	15	16	17	18	19	20	21	22	23	24	25	26	27	28	29	30	31	32	33	34	35	36	37	38	40	
A	1	3326	5905	8203	117622	139587	151872	428292	451839	511790	625329	752644	852609	919420	1117899	1287226	1496630	1624098	1759431	2239122	2492497	2873390	3126529	3687350	4227648	5371352	7259243	11385016	23779003	30492699	34659139	36438644	39999778	45161591	49153358	59017215	61135588	64947919	
A	2	4	5	6	7	8	9	10	11	12	13	14	15	16	17	18	19	20	21	22	23	24	25	26	27	28	29	30	31	32	33	34	35	36	37	38	39	40	
A	2	1489	16247	118581	205078	219308	343784	359166	541251	588063	701989	780675	1036943	1126194	1239733	1323128	1423469	1607416	1936266	2190589	2633161	3023781	3431411	4156412	5051954	6508040	9396200	18586269	26565808	27889413	33197694	37612206	42667647	47321374	54977735	55668940	58839305	62388759	
A	3	4	5	6	7	8	9	10	11	12	13	14	15	16	17	18	19	20	21	22	23	24	25	26	27	28	29	30	31	32	33	34	35	36	37	38	39	40	
A	3	2924	7935	17644	104625	185426	227195	333735	384025	519491	651148	789909	970381	1076313	1243668	1637710	1811669	2163726	2352202	2753846	2924640	3308145	3733325	4448209	5136188	6981268	9350585	14674843	22397596	30643833	34131151	37937739	40685801	46797805	54781532	57829796	58975193	61399530	
A	4	4	5	6	7	8	9	10	11	12	13	14	15	16	17	18	19	20	21	22	23	24	25	26	27	28	29	30	31	32	33	34	35	36	37	38	39	40	
A	4	79351	83043	94676	138553	193096	313360	350812	457572	594740	647378	934789	1057889	1106807	1348200	1474630	1665882	1995109	2351477	2676049	3033898	3259019	3804595	4790418	5427220	6413733	8126567	16902156	24716705	30617337	33556308	37945841	41120185	47428854	57323344	58921237	59642767	61895365	
A	5	3	4	5	6	7	8	9	10	11	12	13	14	15	16	17	18	19	20	21	22	23	24	25	26	27	28	29	30	31	32	33	34	35	36	37	38	39	40	
A	5	8381	48613	138307	153748	159647	167780	200524	402602	473932	587044	723774	863882	945192	1186161	1340508	1480093	1840805	2382261	2625432	2865949	3118907	3576623	3982762	4301507	5013000	5826358	8398574	12687624	22441654	28049868	31868367	37418863	41187835	46161169	57239135	58289599	59738090	61431625	
A	6	3	4	5	6	7	8	9	10	11	12	13	14	15	16	17	18	19	20	21	22	23	24	25	26	27	28	29	30	31	32	33	34	35	36	37	38	39	40	
A	6	1552	44451	58519	63920	99008	202474	326308	340744	456906	547977	563682	817740	1160284	1477856	1635587	2166418	2322668	2707526	3026687	3223649	3469657	3772825	4246138	5057452	5659362	6539240	9400100	16963501	22328084	29272116	33037979	38714281	42049233	46935467	57402497	58926090	60227367	61561670	
A	7	4	5	6	7	8	9	10	11	12	13	14	15	16	17	18	19	20	21	22	23	24	25	26	27	28	29	30	31	32	33	34	35	36	37	38	39	40	
A	7	3944	7315	112588	170325	181590	311039	427701	496419	532425	712091	866765	933984	1050440	1422118	1483472	1850765	2050127	2305781	2672688	3020394	3614636	4395595	5190276	6065079	7706215	8986651	13870238	21948266	29076492	32233886	37199356	41139432	45681101	57086187	58748475	60276840	61050601	
A	8	4	5	6	7	8	9	10	11	12	13	14	15	16	17	18	19	20	21	22	23	24	25	26	27	28	29	30	31	32	33	34	35	36	37	38	39	40	
A	8	55117	58272	128316	138242	143177	369204	583008	608376	775622	917666	1004642	1107387	1197305	1542662	1829583	2006848	2200362	2518706	2836124	2993085	3231005	3851316	4403053	5195628	6218899	8475103	13393857	22477042	27265226	32607621	36360808	40118456	46134491	56730077	59278799	59800579	60583513	
A	9	4	5	6	7	8	9	10	11	12	13	14	15	16	17	18	19	20	21	22	23	24	25	26	27	28	29	30	31	32	33	34	35	36	37	38	39	40	
A	9	78122	79866	95504	105935	291322	309995	460920	509426	595374	611484	1016957	1177441	1471858	1541823	1585534	1737806	2149596	2227566	2763783	3230923	3956400	4689443	5319200	5649607	7111655	10506499	14612101	23712609	26789325	30999090	38265424	40775732	45831464	56650667	59208203	60234988	60929192	
A	10	4	5	6	7	8	9	10	11	12	13	14	15	16	17	18	19	20	21	22	23	24	25	26	27	28	29	30	31	32	33	34	35	36	37	38	39	40	
A	10	2029	7551	21440	125509	261571	320074	386862	520488	730061	820650	1010708	1248023	1352199	1402754	1716904	2073185	2416531	2674035	3055544	3308918	3554723	4304819	5265442	5678189	6410216	8798718	14030389	21180374	25148427	32486051	35374756	39621024	45243482	55458942	59127897	60426451	60876384	
A	11	4	5	6	7	8	9	10	11	12	13	14	15	16	17	18	19	20	21	22	23	24	25	26	27	28	29	30	31	32	33	34	35	36	37	38	39	
A	11	30091	37723	50995	200603	206545	394528	480356	552353	848527	861408	973907	1201811	1353527	1620306	1719796	2145636	2980449	3453788	3543956	4309117	4470985	5061340	6105694	7093454	8793660	10521249	16636478	21308910	27895429	33640080	36592038	40894717	45467294	55351317	58878708	60338530	
A	12	4	5	6	7	8	9	10	11	12	13	14	15	16	17	18	19	20	21	22	23	24	25	26	27	28	29	30	31	32	33	34	35	36	37	38	39	40	
A	12	6238	10401	22540	152145	163348	342767	363725	484922	704025	746793	772178	856802	1211487	1575059	1732893	1837021	2108633	2503599	2942778	3391685	3933720	4723607	5335556	6650627	7437875	9101588	13456136	23203386	28097500	32144048	37135750	39127122	44561344	53236079	59175871	60042456	60473843	
A	13	4	5	6	7	8	9	10	11	12	13	14	15	16	17	18	19	20	21	22	23	24	25	26	27	28	29	30	31	32	33	34	35	36	37	38	39	40	
A	13	2126	112684	168425	178391	187444	409391	482889	560739	673225	733683	883830	1476679	1769371	1912863	2100981	2446714	2564430	2765879	3155008	3773140	4481322	5756503	6179058	6941742	8167145	10122612	14372398	24721027	28291159	32367761	34769099	38934049	43000570	54911097	59399751	59669238	60053628	
A	14	4	5	6	7	8	9	10	11	12	13	14	15	16	17	18	19	20	21	22	23	24	25	26	27	28	29	30	31	32	33	34	35	36	37	38	39	
A	14	1886	50590	58622	200636	212586	430940	547065	639651	660193	688709	1272302	1381144	1761394	1890153	2141109	2577441	3034820	3086442	3634109	3904661	4142021	5006794	5943281	7044401	7973789	9423505	15628550	21087510	27216259	30851208	35860041	39856238	43119421	52704759	59129950	60099499	
A	15	4	5	6	7	8	9	10	11	12	13	14	15	16	17	18	19	20	21	22	23	24	25	26	27	28	29	30	31	32	33	34	35	36	37	38	39	40	
A	15	4245	11242	19911	227232	238684	266683	381836	698204	709780	840177	1332359	1413280	1960782	2187425	2654395	2736158	3190863	3393210	3665046	4640135	5261997	5633771	6664455	7538429	8669185	11931050	16693723	22098817	28455740	31620502	36121091	39975277	42831945	51847114	59380300	59641857	59917622	
A	16	4	5	6	7	8	9	10	11	12	13	14	15	16	17	18	19	20	21	22	23	24	25	26	27	28	29	30	31	32	33	34	35	36	37	38	39	
A	16	3105	5041	100205	269523	280744	384075	453208	715795	837594	1238434	1553576	1705830	1789968	1995790	2455541	2967988	3352427	3781643	4077957	4310158	4859952	6023540	6819521	7722480	8963460	10727956	15642259	24555739	26925262	32179776	37301153	40935951	43670302	52198595	59428727	60008765	
A	17	4	5	6	7	8	9	10	11	12	13	14	15	16	17	18	19	20	21	22	23	24	25	26	27	28	29	30	31	32	33	34	35	36	37	38	39	
A	17	1859	6806	22658	306010	393593	417462	828304	917905	940845	961307	1016557	1965363	2033750	2266700	2487581	3217503	3675118	4201199	4501590	4781813	5432595	6742340	7591026	9109484	10325833	13037739	17221191	24094436	28773544	33634578	36415920	40716157	42289550	50676677	59310656	59523479	
A	18	5	6	7	8	9	10	11	12	13	14	15	16	17	18	19	20	21	22	23	24	25	26	27	28	29	30	31	32	33	34	35	36	37	38	39	
A	18	9458	121728	133578	456948	472743	517652	939810	961200	1125597	1202103	1748241	1889470	2344255	3172429	3392629	4304668	4865633	5048044	5352457	5934640	7326784	8479591	9508004	9993011	12983201	16012593	24177303	26973889	30581973	36022956	40838574	43342163	49837340	59309539	59539451	
A	19	4	5	6	7	8	9	10	11	12	13	14	15	16	17	18	19	20	21	22	23	24	25	26	27	28	29	30	31	32	33	34	35	36	37	38	39	
A	19	2091	4759	136528	415556	562882	608974	646989	694567	1047793	1191091	1242850	1426573	2109327	2263247	2560518	2838910	4146403	4380556	5544477	5666241	6611771	7671062	8475898	9754252	11284124	12833576	16061905	23046608	26273112	32992464	34856431	40416058	44374635	49250124	59008959	59356909	
A	20	4	5	6	7	8	9	10	11	12	13	14	15	16	17	18	19	20	21	22	23	24	25	26	27	28	29	30	31	32	33	34	35	36	37	38	
A	20	5603	8317	159047	161890	322001	638518	705451	727916	1368968	1590707	2150113	2272812	2440341	3075306	3295759	3621635	4712626	5208954	5630379	6528243	7138167	7935225	8872296	10322936	12327201	15821051	18403306	24687016	29669036	33509225	35031597	38484269	42655280	49381666	59245013	
A	21	4	5	6	8	9	10	11	12	13	14	15	16	17	18	19	20	21	22	23	24	25	26	27	28	29	30	31	32	33	34	35	36	37	38	39	
A	21	2272	10945	43676	371937	697651	730284	858512	1002097	1445393	1782218	2284168	2944886	3075868	3190118	3766513	4019005	4533821	5588458	6708607	7705233	7994286	8546908	10277742	11279854	13734576	17938291	21483138	27888882	31462085	34692638	38985881	41684997	45355723	59044044	59246620	
A	22	4	5	6	7	8	9	10	11	12	13	14	15	16	17	18	19	20	21	22	23	24	25	26	27	28	29	30	31	32	33	34	35	36	37	38	
A	22	2525	10167	39206	218819	422651	480672	836373	885470	1356959	1543833	1584521	1836842	2523951	3502636	3623989	4235413	5029726	5318965	5701163	6631810	7427026	8063455	8480196	10642092	11966268	14662231	18329143	26826060	29950452	33052407	36490322	39659622	43758342	48248854	59293440	
A	23	4	5	6	7	8	9	10	11	12	13	14	15	16	17	18	19	20	21	22	23	24	25	26	27	28	29	30	31	32	33	34	35	36	37	38	
A	23	2851	9785	239014	249444	473999	560567	977153	1000687	1149264	1639909	1749026	1935431	2285161	2501630	3600411	3986182	4226518	5503846	6460019	7316247	8206475	9161371	9963933	11885010	12679086	15228469	19449931	27324236	32385872	36027909	37827311	40044856	42316992	46722250	58949081	
A	24	4	5	6	7	8	9	10	11	12	13	14	15	16	17	18	19	20	21	22	23	24	25	26	27	28	29	30	31	32	33	34	35	36	37	38	39	
A	24	3245	13009	42145	311964	558289	629366	1055670	1193148	1219206	1263735	2062501	2558887	2909468	3819625	4264562	4537094	5207191	5601852	6360353	7012301	7644541	9435456	10674140	12261039	13436400	14961350	20159683	24561299	29982288	32871265	36773612	39666119	43711450	46918668	58984923	59084961	
A	25	4	5	6	7	8	9	10	11	12	13	14	15	16	17	18	19	20	21	22	23	24	25	26	27	28	29	30	31	32	33	34	35	36	37	38	39	
A	25	7817	57074	151115	420948	542257	853952	942891	1397529	1526050	1827393	2759539	2916615	3552411	3965759	4699677	5237893	6129704	6855402	7723398	8856836	9867443	11454605	12364699	13245034	14725374	16668171	19887179	25539543	29740492	33966024	37407320	39379401	42029979	47396861	57432530	58744622	
A	26	4	5	6	7	8	9	10	11	12	13	14	15	16	17	18	19	20	21	22	23	24	25	26	27	28	29	30	31	32	33	34	35	36	37	38	39	
A	26	19911	46550	425156	479829	609591	926829	1477388	1549571	1642305	1928315	2676803	3053781	3453418	4106491	5025015	6022983	6578414	8182880	9147825	9711824	10954687	12074557	12965199	13627908	15377809	17600064	21716853	25361509	29545223	34172254	37081381	39839402	42521447	46372724	55922232	58346862	
A	27	4	5	6	7	8	9	10	11	12	13	14	15	16	17	18	19	20	21	22	23	24	25	26	27	28	29	30	31	32	33	34	35	36	37	38	39	
A	27	12993	51893	136323	533048	656629	1022398	1049213	1666807	1908601	1926227	2721322	2911205	3740692	4197760	5404713	6020017	7304657	7835639	8207237	10074369	10366123	11700550	12914410	13592879	14527473	18372451	22918950	26160976	31960706	35064266	36115149	39949940	42799136	49589968	56328339	58490018	
A	28	2	3	4	5	6	7	8	9	10	11	12	13	14	15	16	17	18	19	20	21	22	23	24	25	26	27	28	29	30	31	32	33	34	35	36	37	38	
A	28	585255	952854	987095	1865253	2734577	4117554	5238289	6491450	6923008	7227671	8532416	9296621	9683070	10516660	11416250	12460335	13000295	14076884	15808984	16750098	17585121	18468361	19084099	20487550	21910141	23391270	26908058	30649535	36429994	43472465	47161003	49831496	52196921	54428991	56196698	57141080	57981586	
A	29	2	4	5	6	7	8	9	10	11	12	13	14	15	16	17	18	19	20	21	22	23	24	25	26	27	28	29	30	31	32	33	34	35	36	37	38	
A	29	274524	862728	1982063	2545525	4204672	5345316	5861640	6893639	7384606	8227466	9821905	10306172	10894164	11824410	12601096	13181747	14309229	15819941	16798360	17412184	18347136	19170635	20396374	21311790	23440006	25480518	30432128	36954934	42640193	49275212	51072659	52641362	54997313	56350190	57883083	57918705	
A	30	2	4	5	6	7	8	9	10	11	12	13	14	15	16	17	18	19	20	21	22	23	24	25	26	27	28	29	30	31	32	33	34	35	36	37	38	
A	30	224310	1268958	2585881	3328022	4737029	6056106	7151564	7948033	8722462	9409007	10908745	11478563	12556150	13005670	14241637	15013329	15830990	17080083	17906670	19308091	20749101	22475348	23457779	24432017	25951661	27718518	33751230	40250340	45692297	51848851	53025874	53854389	55084287	56421358	56906705	57317949	
A	31	2	3	4	5	6	7	8	9	10	11	12	13	14	15	16	17	18	19	20	21	22	23	24	25	26	27	28	29	30	31	32	33	34	35	36	37	38	
A	31	202356	315262	1241193	2159908	2922114	4145338	6090441	6507057	8183464	8442296	9219671	11081989	11571731	12721969	13213071	14010139	15126103	15555078	17684492	18313393	18808228	20220242	20610098	22234784	23598042	25179035	27293434	31732548	39015714	48324867	50745204	52590732	55056420	55537951	56143790	57118729	57612599	
A	32	2	4	5	6	7	8	9	10	11	12	13	14	15	16	17	18	19	20	21	22	23	24	25	26	27	28	29	30	31	32	33	34	35	36	37	38	
A	32	205412	787474	1882350	3003067	4444406	6276206	7549519	8586508	8956886	9246126	10820650	12380585	12937288	13714233	14129091	14930072	16628340	17978872	18635294	19857500	20597250	21907292	23000721	24445838	27928471	31418883	34851782	42090262	48163053	51548469	53722085	54983720	56102058	56575033	57213308	57368699	
A	33	2	4	5	6	7	8	9	10	11	12	13	14	15	16	17	18	19	20	21	22	23	24	25	26	27	28	29	30	31	32	33	34	35	36	37	38	
A	33	209509	277286	2335770	3525070	4445439	6420717	7283836	9031474	9449902	9781878	11074698	12641962	13257360	13982026	14572980	15464715	16661763	18356732	19501926	20240734	21165862	23024345	24366377	24979702	27167405	32529666	36703145	43525223	50283827	52450874	54073307	54988597	55846314	56025486	56357175	56926148	
A	34	1	4	5	6	7	8	9	10	11	12	13	14	15	16	17	18	19	20	21	22	23	24	25	26	27	28	29	30	31	32	33	34	35	36	37	38	
A	34	238442	773228	2117543	3328434	5678460	6559053	8607049	9302752	10154572	10437907	11284753	12413557	13875653	14768806	15234532	15798739	17413626	19161848	19843468	20475528	22193030	23597754	24505593	26989697	29204504	34028138	38563426	44177864	49636088	51787835	53212866	54742344	55583234	56332283	56728224	56767678	
A	35	4	5	6	7	8	9	10	11	12	13	14	15	16	17	18	20	21	22	23	24	25	26	27	28	29	30	31	32	33	35	
A	35	83546	269565	351742	601833	711346	731909	746740	789576	840660	1034073	1298828	1465769	1609719	1782181	2004967	2529651	2889213	3234232	3444601	4182534	4559115	5783218	6474340	8352115	11117463	16366582	20462583	20465833	20482538	20499799	
T	0	3	6	7	8	9	10	11	12	13	14	15	16	17	18	19	20	21	22	23	24	25	26	27	28	29	30	31	32	33	34	35	36	37	38	40	
T	0	580	64185	72157	74814	250603	280764	325240	397639	466770	527223	561355	688456	793263	920899	988590	1037774	1274255	1406779	1589232	1692297	1946754	2218190	2595134	3335142	6104994	16994004	22190062	25319591	26597057	29336240	33335197	35722635	46291074	49017530	54872644	
T	1	2	3	5	6	7	8	9	10	11	12	13	14	15	16	17	18	19	20	21	22	23	24	25	26	27	28	29	30	31	32	33	34	35	36	37	38	40	
T	1	4757	7529	9999	116675	143217	156836	427702	462633	548820	653198	802710	884801	959005	1146392	1310275	1502069	1601144	1700865	2130282	2365099	2646472	2833624	3265235	3710238	4565815	6012612	9280886	18628317	24510769	27384579	28682782	31604389	36013344	38945808	48708592	51149238	55787613	
T	2	4	5	6	7	8	9	10	11	12	13	14	15	16	17	18	19	20	21	22	23	24	25	26	27	28	29	30	31	32	33	34	35	36	37	38	39	40	
T	2	2638	16114	126202	228912	248143	386599	405021	617587	672859	809367	881650	1128800	1217486	1337218	1434420	1560226	1720857	2067047	2274126	2684692	3004495	3396480	4071023	4938094	6271479	8967586	17965212	25084524	26153990	31408177	35193603	39674238	44860036	51168814	51814470	55726676	59490219	
T	3	4	5	6	7	8	9	10	11	12	13	14	15	16	17	18	19	20	21	22	23	24	25	26	27	28	29	30	31	32	33	34	35	36	37	38	39	40	
T	3	3913	11164	26539	123112	212625	272568	425509	489101	629534	784306	903886	1084199	1189217	1356948	1699314	1890089	2282932	2454382	2786101	2943968	3343138	3767990	4356842	4909113	6669184	8793441	13581311	21057730	29666036	32414431	35653214	37440084	44671555	51441643	55088032	56525572	59663907	
T	4	4	5	6	7	8	9	10	11	12	13	14	15	16	17	18	19	20	21	22	23	24	25	26	27	28	29	30	31	32	33	34	35	36	37	38	39	40	
T	4	79562	83442	101406	150328	207924	345395	398271	529268	642237	696216	967418	1093428	1154304	1369834	1500357	1681420	2007763	2303513	2539528	2908046	3104475	3495794	4356947	4883089	5647644	7203866	15312743	23429093	28784902	31147202	34700115	36787377	44092177	52595686	54836809	55805164	59198300	
T	5	3	4	5	6	7	8	9	10	11	12	13	14	15	16	17	18	19	20	21	22	23	24	25	26	27	28	29	30	31	32	33	34	35	36	37	38	39	40	
T	5	9669	45954	129879	156809	162764	172191	211897	454549	516413	640094	750686	902383	964680	1199011	1367606	1483148	1798779	2264829	2548011	2749073	2895057	3309604	3642346	3917623	4534991	5149045	7553005	11485309	21173191	26198981	29162160	33541374	35974365	40767114	51595484	52599616	54530087	57758132	
T	6	3	4	5	6	7	8	9	10	11	12	13	14	15	16	17	18	19	20	21	22	23	24	25	26	27	28	29	30	31	32	33	34	35	36	37	38	39	40	
T	6	1333	43045	58871	70726	113588	213837	339854	364402	529023	615610	644029	843443	1113187	1392485	1541386	2017712	2154605	2467513	2698683	2904028	3153679	3430990	3861357	4526668	4974900	5627042	8350231	15098610	19925910	27417679	30365619	36258063	38647461	41761354	51820026	53921630	56166648	59106173	
T	7	4	5	6	7	8	9	10	11	12	13	14	15	16	17	18	19	20	21	22	23	24	25	26	27	28	29	30	31	32	33	34	35	36	37	38	39	40	
T	7	4828	9491	114419	173809	185242	310947	453885	545256	582351	726915	885034	968730	1090885	1421802	1489730	1787859	1971698	2187389	2495374	2806008	3225823	3845206	4477867	5232746	6697877	7853630	12376684	19970045	27859959	30259036	34229560	38352111	41256566	52518441	53988465	57095769	59819515	
T	8	4	5	6	7	8	9	10	11	12	13	14	15	16	17	18	19	20	21	22	23	24	25	26	27	28	29	30	31	32	33	34	35	36	37	38	39	40	
T	8	52194	55461	137052	154097	159849	399846	647508	685622	833093	976628	1093872	1188508	1274063	1569630	1833036	1982351	2192633	2453854	2725044	2890041	3080699	3579032	4061341	4735038	5549567	7621310	13221303	21891835	26143227	32390544	35562497	38878710	44386157	53459228	56057198	57224463	59959824	
T	9	4	5	6	7	8	9	10	11	12	13	14	15	16	17	18	19	20	21	22	23	24	25	26	27	28	29	30	31	32	33	34	35	36	37	38	39	40	
T	9	73880	75393	98272	114977	304248	328633	518824	579214	698181	719685	976807	1154977	1441965	1530139	1570295	1720979	2040784	2127368	2575073	2914748	3553762	4021581	4520179	4785304	6031034	9246241	12828752	22382068	24748041	28173166	36307470	38173934	41389179	52246502	54930969	57807919	59540342	
T	10	4	5	6	7	8	9	10	11	12	13	14	15	16	17	18	19	20	21	22	23	24	25	26	27	28	29	30	31	32	33	34	35	36	37	38	39	40	
T	10	2809	9572	29288	132615	263777	353802	449187	567226	769657	840410	1065683	1243070	1363694	1415600	1729141	1957179	2278524	2480685	2868381	3124809	3325283	3952170	4667858	5040967	5620705	7733447	12556715	19233222	23663903	31325306	33480276	37517524	43191603	51698567	54841366	57728055	59522228	
T	11	4	5	6	7	8	9	10	11	12	13	14	15	16	17	18	19	20	21	22	23	24	25	26	27	28	29	30	31	32	33	34	35	36	37	38	39	
T	11	29959	37738	59001	207630	215928	439215	548272	643620	932468	956198	1058372	1292281	1447541	1635565	1724424	2127704	2698403	3133971	3200156	3905119	3999192	4476092	5330295	6094824	7397745	8954443	15922974	19873045	27632837	32816313	35199793	39510134	44751674	53352297	56323299	60017258	
T	12	4	5	6	7	8	9	10	11	12	13	14	15	16	17	18	19	20	21	22	23	24	25	26	27	28	29	30	31	32	33	34	35	36	37	38	39	40	
T	12	7814	12420	32268	161458	175547	349313	386805	559615	762998	807061	841051	946042	1244635	1594935	1769123	1888974	2175921	2524592	2847099	3166314	3726449	4396773	4972697	5967781	6689239	7902358	11893911	21665770	26385827	30775662	35657175	37509395	43219364	50594101	56816566	58950318	60527096	
T	13	4	5	6	7	8	9	10	11	12	13	14	15	16	17	18	19	20	21	22	23	24	25	26	27	28	29	30	31	32	33	34	35	36	37	38	39	40	
T	13	2797	104559	162098	177624	194013	424100	519929	627431	779428	858324	981696	1458627	1699048	1859246	2080160	2345163	2488810	2642795	2981544	3542611	4000418	5148717	5484442	6113824	7234529	9006274	12989353	23214888	27821996	32290689	34356713	38532331	41959862	53544684	58670124	59985335	60437369	
T	14	4	5	6	7	8	9	10	11	12	13	14	15	16	17	18	19	20	21	22	23	24	25	26	27	28	29	30	31	32	33	34	35	36	37	38	39	
T	14	2854	54464	64663	208129	222205	426091	576063	710726	751329	781305	1256375	1406180	1730781	1886878	2098929	2441589	2795812	2863634	3366093	3635491	3889424	4500089	5212420	6033593	6875296	8148307	13904707	19836969	26060003	30253034	34947670	38653215	41704692	50130971	57081421	60046593	
T	15	4	5	6	7	8	9	10	11	12	13	14	15	16	17	18	19	20	21	22	23	24	25	26	27	28	29	30	31	32	33	34	35	36	37	38	39	40	
T	15	5089	15165	30402	233846	248138	286235	435550	770227	781570	954826	1338438	1424025	1875632	2130132	2475280	2565497	2992601	3178026	3486440	4228865	4793481	5162987	5847300	6614613	7681533	10585613	15870586	21302650	27573713	31119648	35383210	40079868	43385541	51428283	58305825	59700720	60292657	
T	16	4	5	6	7	8	9	10	11	12	13	14	15	16	17	18	19	20	21	22	23	24	25	26	27	28	29	30	31	32	33	34	35	36	37	38	39	
T	16	3868	6933	109773	266786	288753	408937	511662	752268	928921	1281193	1524454	1650411	1752950	1910341	2353639	2890313	3156635	3545357	3863240	4094109	4659486	5610722	6305144	7070197	7992339	9767351	14702485	24271315	26221518	31444598	36752737	40385789	44227079	52265632	58662166	60425363	
T	17	4	5	6	7	8	9	10	11	12	13	14	15	16	17	18	19	20	21	22	23	24	25	26	27	28	29	30	31	32	33	34	35	36	37	38	39	
T	17	2995	9794	37230	309704	402111	446228	868906	993120	1034156	1062412	1130739	1971360	2052171	2282409	2491442	2963359	3359432	3853187	4152790	4351606	4933314	6096621	6825072	7985534	9111026	12777293	17180632	23911258	28120093	33509238	36344678	41849793	44040503	51878539	59806498	60930624	
T	18	5	6	7	8	9	10	11	12	13	14	15	16	17	18	19	20	21	22	23	24	25	26	27	28	29	30	31	32	33	34	35	36	37	38	39	
T	18	15236	140595	160057	467876	496491	554278	1000460	1041365	1170690	1257448	1741486	1890003	2291607	2858105	3106474	3903797	4358484	4582324	4892975	5382858	6544413	7728587	8630099	9291618	12607947	16070281	24427491	27075838	30507987	36603128	41997087	45067345	51441317	59948451	60852095	
T	19	4	5	6	7	8	9	10	11	12	13	14	15	16	17	18	19	20	21	22	23	24	25	26	27	28	29	30	31	32	33	34	35	36	37	38	39	
T	19	3389	6271	153985	434443	583075	632790	703075	779762	1097833	1270044	1335674	1529383	2075965	2242002	2465625	2777838	3881762	4052327	4990149	5142536	5934668	6689027	7387539	8506363	10520588	12543663	15816400	22908020	26023316	32627839	34840336	41226608	46095212	51612380	59807589	60979007	
T	20	4	5	6	7	8	9	10	11	12	13	14	15	16	17	18	19	20	21	22	23	24	25	26	27	28	29	30	31	32	33	34	35	36	37	38	
T	20	8556	14364	175039	178331	336256	633628	743050	779388	1438372	1639013	2092446	2236826	2431772	3014466	3248743	3528566	4319868	4724990	5114922	5782195	6276688	6959456	7826052	9606910	11649742	15271609	18055654	24836851	29816091	33516368	35302402	39657005	45128734	52264704	61008774	
T	21	4	5	6	8	9	10	11	12	13	14	15	16	17	18	19	20	21	22	23	24	25	26	27	28	29	30	31	32	33	34	35	36	37	38	39	
T	21	3617	16876	64719	399301	714651	759153	944360	1124195	1532553	1924251	2299874	2852038	2975601	3128667	3497109	3802002	4237178	5145997	6178519	6918280	7206111	7815532	9478834	10884132	13476722	17602336	21496269	28116960	31560583	35470929	40151591	44304531	49352700	60850345	60987727	
T	22	4	5	6	7	8	9	10	11	12	13	14	15	16	17	18	19	20	21	22	23	24	25	26	27	28	29	30	31	32	33	34	35	36	37	38	
T	22	3799	14251	49245	236758	437402	525591	852903	927615	1345153	1584338	1642855	1930475	2555221	3353254	3496347	3999107	4849110	5064381	5398904	6166967	6763145	7623818	8141847	10554974	11972937	14609854	18210659	26832694	30151545	33180775	37081377	41151959	46773003	52150373	61409192	
T	23	4	5	6	7	8	9	10	11	12	13	14	15	16	17	18	19	20	21	22	23	24	25	26	27	28	29	30	31	32	33	34	35	36	37	38	
T	23	4015	13362	252580	265229	489808	597921	1009493	1046792	1257530	1669977	1785565	1976662	2290093	2527179	3496438	3859955	4133745	5176213	5895267	6651034	7446656	8575449	9354607	11693830	12853916	15467232	19737502	27582838	32865320	36429201	39212217	41868611	45899393	51166740	61250524	
T	24	4	5	6	7	8	9	10	11	12	13	14	15	16	17	18	19	20	21	22	23	24	25	26	27	28	29	30	31	32	33	34	35	36	37	38	39	
T	24	4556	17608	52651	332936	565705	649669	1058472	1254616	1286244	1358268	2037939	2460203	2851387	3669160	4023959	4394376	4996087	5429390	6043955	6595007	7205831	9458895	10962214	12811574	14480883	16040720	21667445	26187295	31830421	34341048	38725781	42070918	46029476	50487278	61265325	61341980	
T	25	4	5	6	7	8	9	10	11	12	13	14	15	16	17	18	19	20	21	22	23	24	25	26	27	28	29	30	31	32	33	34	35	36	37	38	39	
T	25	10338	68777	195084	456648	603689	919532	1042440	1471006	1638244	2009427	2875161	3038693	3602254	3964964	4622473	5066486	5888918	6570882	7293467	8357334	9451012	11365564	12623015	13660952	15727378	18223340	21313793	26952125	31325558	35840334	39502890	42169085	45745741	51710687	60831330	61597934	
T	26	4	5	6	7	8	9	10	11	12	13	14	15	16	17	18	19	20	21	22	23	24	25	26	27	28	29	30	31	32	33	34	35	36	37	38	39	
T	26	25066	60738	438547	520834	676898	984176	1529946	1625368	1751107	2133674	2812522	3151602	3577507	4261622	5094974	5989017	6545501	8066031	8971249	9770970	11559696	13124743	14648020	15593259	17543212	19671540	23932214	27286115	31450471	35866549	39400786	43311873	46582559	51354210	60198407	61770922	
T	27	4	5	6	7	8	9	10	11	12	13	14	15	16	17	18	19	20	21	22	23	24	25	26	27	28	29	30	31	32	33	34	35	36	37	38	39	
T	27	15990	66544	172633	569151	717356	1083719	1117908	1751757	2104074	2126192	2872499	3068064	3907892	4358870	5508190	6019919	7361175	7902894	8300612	10532647	11261845	13071305	14951089	15754261	16922148	20577699	25110091	28149607	34114685	37560743	38840264	43162958	46342275	53854435	60662195	62094777	
T	28	2	3	4	5	6	7	8	9	10	11	12	13	14	15	16	17	18	19	20	21	22	23	24	25	26	27	28	29	30	31	32	33	34	35	36	37	38	
T	28	599383	1085229	1128260	2010868	2876888	4253359	5305339	6473915	6889221	7206829	8402740	9057341	9497714	10255398	11174018	12287781	13018243	14299699	16354277	17442441	19069185	20293102	21289531	22802505	24013383	25211215	28178675	31851400	37591767	45006274	49310313	51992651	54575687	57498751	60299493	61879182	62569436	
T	29	2	4	5	6	7	8	9	10	11	12	13	14	15	16	17	18	19	20	21	22	23	24	25	26	27	28	29	30	31	32	33	34	35	36	37	38	
T	29	330998	1042912	2214903	2739644	4348112	5491502	6011022	6957661	7461472	8236062	9729992	10246221	10859432	11890505	12724926	13499985	14617463	16548576	17739575	18909456	20149613	21113857	22409807	23569350	25377684	26993235	31845795	37543114	43543863	50167038	52589528	54867571	57961530	60689117	62678359	62745544	
T	30	2	4	5	6	7	8	9	10	11	12	13	14	15	16	17	18	19	20	21	22	23	24	25	26	27	28	29	30	31	32	33	34	35	36	37	38	
T	30	244449	1348235	2794666	3407398	4806820	6095878	7193457	7969106	8630513	9390367	10742495	11488108	12779118	13423320	14460913	15655688	16598413	18440912	19807644	21379780	22709055	24306525	25342356	26256416	27390431	28753470	34224064	40494643	46092033	53000965	54657182	56242016	58220532	61072372	62308962	62953280	
T	31	2	3	4	5	6	7	8	9	10	11	12	13	14	15	16	17	18	19	20	21	22	23	24	25	26	27	28	29	30	31	32	33	34	35	36	37	38	
T	31	219395	409348	1430681	2409996	3188053	4378176	6236049	6649619	8313169	8628314	9522720	11253663	11737822	13052224	13808068	15092121	16606685	17376893	20174735	21396844	22210367	23477321	24178754	25488693	26686751	27929045	29820973	33743577	40732817	50144096	52812534	55051701	58254415	59628477	61009309	62610452	63196196	
T	32	2	4	5	6	7	8	9	10	11	12	13	14	15	16	17	18	19	20	21	22	23	24	25	26	27	28	29	30	31	32	33	34	35	36	37	38	
T	32	230464	928459	2113338	3263382	4731148	6563665	7868501	8942538	9474386	9761771	11514224	13212357	13976310	15093592	15779131	16987047	19122033	21139882	22212511	23416101	24314731	25476334	26598051	27851692	30402432	33564737	37157697	44458770	50208327	53900482	56780255	58882198	60798116	62164674	63446300	63725230	
T	33	2	4	5	6	7	8	9	10	11	12	13	14	15	16	17	18	19	20	21	22	23	24	25	26	27	28	29	30	31	32	33	34	35	36	37	38	
T	33	240910	325431	2660451	3856765	4893875	6828771	7811785	9570829	10303845	10744816	12500314	13897855	15064513	15968582	17102549	18247338	20458870	22096578	23319040	24061231	25134741	26783125	27908504	28548000	30524680	35028340	39321307	45829265	52984183	55763924	57767607	60373905	61834350	62403685	63150288	63785908	
T	34	1	4	5	6	7	8	9	10	11	12	13	14	15	16	17	18	19	20	21	22	23	24	25	26	27	28	29	30	31	32	33	34	35	36	37	38	
T	34	267266	890952	2307041	3699479	6022601	6961352	9176412	9846782	10899204	11640703	12814312	13811100	15578913	16868454	18004071	19387690	21301857	23180864	23834861	24941583	26301008	27750479	28790819	30942894	32832896	37362358	41402280	46918845	52900984	55571258	57497196	60297464	61871756	63244331	63917779	63991547	
T	35	4	5	6	7	8	9	10	11	12	13	14	15	16	17	18	20	21	22	23	24	25	26	27	28	29	30	31	32	33	35	
T	35	104603	326719	437731	746239	885615	918582	938953	1009026	1067605	1298883	1578608	1784826	1976144	2191131	2432616	3017049	3433422	3833506	4021574	4797167	5253231	6418244	7074548	8891228	11666155	16663217	20629652	20634968	20654511	20675373	
G	0	3	6	7	8	9	10	11	12	13	14	15	16	17	18	19	20	21	22	23	24	25	26	27	28	29	30	31	32	33	34	35	36	37	38	40	
G	0	570	69727	77907	83795	263076	292068	348824	421167	507576	560617	607692	723597	841468	995459	1056818	1116347	1427103	1608601	1784860	1947816	2351684	2671128	3368625	4369990	7046147	18874849	24252871	27885280	28670629	31161421	34297421	35702629	42862138	44889076	52607439	
G	1	2	3	5	6	7	8	9	10	11	12	13	14	15	16	17	18	19	20	21	22	23	24	25	26	27	28	29	30	31	32	33	34	35	36	37	38	40	
G	1	2946	5171	7639	76577	90505	101468	287700	314997	381114	454942	560921	626974	684229	821797	937440	1103066	1165383	1232125	1599958	1816192	2018810	2222775	2680017	3028850	4032344	5634577	8915215	20129030	25631000	28738957	29468595	31799770	34956736	36347794	43005220	44952571	51403560	
G	2	4	5	6	7	8	9	10	11	12	13	14	15	16	17	18	19	20	21	22	23	24	25	26	27	28	29	30	31	32	33	34	35	36	37	38	39	40	
G	2	1773	11642	75937	132673	150214	252900	261846	400941	441975	531577	592045	757417	811028	896872	970752	1065970	1175402	1412116	1563140	1890432	2119589	2370951	2921354	3546525	4586593	7455111	15226013	20591719	21168680	25016261	27677725	30672977	33497666	36846909	37168374	41217870	46109156	
G	3	4	5	6	7	8	9	10	11	12	13	14	15	16	17	18	19	20	21	22	23	24	25	26	27	28	29	30	31	32	33	34	35	36	37	38	39	40	
G	3	3094	7588	15316	75402	127807	161992	274656	312159	399936	509236	596508	733824	801027	917935	1155403	1276939	1547972	1659724	1887642	1996054	2294184	2614924	3092504	3430008	5118229	7119986	12061219	17581273	23710633	25571803	27928126	28952778	33806746	37579760	40724314	42421104	46556221	
G	4	4	5	6	7	8	9	10	11	12	13	14	15	16	17	18	19	20	21	22	23	24	25	26	27	28	29	30	31	32	33	34	35	36	37	38	39	40	
G	4	49835	53382	62506	90615	128699	219836	252868	350022	436717	474640	681720	760898	801879	965163	1068349	1195549	1442451	1674051	1838214	2150198	2279545	2565566	3152170	3533124	4184061	5799833	13214817	19904425	23611100	25280326	28034612	29234142	34007695	39806815	41252323	42235421	46906706	
G	5	3	4	5	6	7	8	9	10	11	12	13	14	15	16	17	18	19	20	21	22	23	24	25	26	27	28	29	30	31	32	33	34	35	36	37	38	39	40	
G	5	6033	28902	86487	99190	105605	110917	139123	317336	360728	446922	536077	651345	710215	884315	1013803	1105704	1344737	1680772	1876723	2043028	2188299	2538788	2790015	2984740	3591931	4017676	6894150	10232630	18273589	22223978	24579927	27897240	29448090	32504448	39629247	40226179	42456216	46964634	
G	6	3	4	5	6	7	8	9	10	11	12	13	14	15	16	17	18	19	20	21	22	23	24	25	26	27	28	29	30	31	32	33	34	35	36	37	38	39	40	
G	6	1317	26558	37034	41504	72962	143925	227117	240207	365482	431181	445793	611996	813581	1052964	1162617	1510886	1617286	1847306	2032736	2184930	2373110	2585077	3063822	3651500	4016469	4467972	7500079	13050828	16878188	22185015	24874380	29079552	30562678	32554652	39202681	40465726	42848276	46558177	
G	7	4	5	6	7	8	9	10	11	12	13	14	15	16	17	18	19	20	21	22	23	24	25	26	27	28	29	30	31	32	33	34	35	36	37	38	39	40	
G	7	3614	5875	70974	106990	116499	194972	289495	359261	389898	499112	614969	672510	749300	982579	1037975	1238760	1372969	1520851	1762906	2011307	2348365	2781391	3257002	3776734	5222409	6118449	10130972	16277067	22420056	24016722	26853116	29557280	31291073	38310848	39163697	42333757	45415929	
G	8	4	5	6	7	8	9	10	11	12	13	14	15	16	17	18	19	20	21	22	23	24	25	26	27	28	29	30	31	32	33	34	35	36	37	38	39	40	
G	8	31393	34209	97895	109095	114254	287992	459490	483212	570411	688164	776406	859490	938387	1146368	1344415	1452465	1607736	1811460	2017908	2160746	2304022	2745851	3184559	3706170	4239861	6108999	10359155	17843149	21604052	25213094	27847488	29929156	33596686	39017892	41183794	42538132	45461436	
G	9	4	5	6	7	8	9	10	11	12	13	14	15	16	17	18	19	20	21	22	23	24	25	26	27	28	29	30	31	32	33	34	35	36	37	38	39	40	
G	9	45734	47153	59348	68747	209114	225784	376716	418100	505932	517668	733922	876364	1085532	1152256	1185924	1283902	1529426	1621205	1964011	2210986	2729725	3095386	3428782	3647387	4660053	8331335	11802356	18528898	20376471	23546937	28636637	29895479	31998112	39051813	40635234	43379667	45516900	
G	10	4	5	6	7	8	9	10	11	12	13	14	15	16	17	18	19	20	21	22	23	24	25	26	27	28	29	30	31	32	33	34	35	36	37	38	39	40	
G	10	1514	6200	16900	78751	163760	228727	302533	396711	525160	578608	771495	922565	1002651	1043752	1299305	1477180	1708881	1857542	2138080	2343027	2516679	2982075	3585799	3898471	4328764	6347865	10694333	16256347	19500011	25180710	26583973	29471680	33158641	38649858	40566646	43475743	45524602	
G	11	4	5	6	7	8	9	10	11	12	13	14	15	16	17	18	19	20	21	22	23	24	25	26	27	28	29	30	31	32	33	34	35	36	37	38	39	
G	11	16891	22733	33036	130508	137125	300861	374944	446660	671364	680433	761887	941098	1063161	1204099	1266631	1556973	2018705	2345697	2393698	2949906	3027891	3376959	3987712	4615835	5658348	7572704	13110226	16671936	21910935	25408331	27127908	29951198	33281268	38891888	40814553	44877254	
G	12	4	5	6	7	8	9	10	11	12	13	14	15	16	17	18	19	20	21	22	23	24	25	26	27	28	29	30	31	32	33	34	35	36	37	38	39	40	
G	12	6060	9005	17847	96556	110009	225034	243699	372421	499931	532329	550430	648284	865374	1124779	1269347	1365387	1620642	1889567	2165393	2388684	2804823	3283772	3692582	4492032	5014618	5958597	10317548	17854619	20688152	24104878	27573419	28688139	32459917	37350381	41009831	43059239	44717101	
G	13	4	5	6	7	8	9	10	11	12	13	14	15	16	17	18	19	20	21	22	23	24	25	26	27	28	29	30	31	32	33	34	35	36	37	38	39	40	
G	13	1557	64967	102591	110273	119267	275811	342463	421882	548996	599557	698443	1057749	1240580	1364091	1527401	1761652	1847435	1977032	2227972	2682906	3011110	3872804	4163375	4636395	5530482	7299723	11265335	19786332	22157545	25388845	26775315	29495961	31707034	39427294	42777185	44139394	44842883	
G	14	4	5	6	7	8	9	10	11	12	13	14	15	16	17	18	19	20	21	22	23	24	25	26	27	28	29	30	31	32	33	34	35	36	37	38	39	
G	14	1450	35717	42116	130396	140752	280514	376951	470626	487619	511707	893720	1002312	1281775	1412636	1597654	1871373	2167104	2205593	2613042	2822925	3009890	3473254	4044185	4711698	5285115	6339358	12654475	16803275	20497870	23893978	27262417	29928153	31966035	37742733	42121150	45023889	
G	15	4	5	6	7	8	9	10	11	12	13	14	15	16	17	18	19	20	21	22	23	24	25	26	27	28	29	30	31	32	33	34	35	36	37	38	39	40	
G	15	3476	10552	17251	146207	157510	183210	279182	522508	530892	669866	1007744	1063247	1399761	1623370	1862097	1944904	2274787	2409293	2624171	3265261	3706035	4000817	4543095	5185028	5976960	8592923	13327487	17199947	21996232	24895837	27799622	30689074	32841126	38531278	42871319	44365706	45019468	
G	16	4	5	6	7	8	9	10	11	12	13	14	15	16	17	18	19	20	21	22	23	24	25	26	27	28	29	30	31	32	33	34	35	36	37	38	39	
G	16	3117	4724	63970	168042	179697	264602	329447	499645	623592	902641	1088348	1196874	1273467	1401463	1742562	2165522	2375156	2674552	2930650	3126626	3530875	4282972	4773613	5327367	6000612	7575147	12257443	19106127	20935285	25027044	28735728	30696463	33432541	38836395	42936191	44925766	
G	17	4	5	6	7	8	9	10	11	12	13	14	15	16	17	18	19	20	21	22	23	24	25	26	27	28	29	30	31	32	33	34	35	36	37	38	39	
G	17	1677	6991	19298	192219	254800	286252	583696	677204	695838	714171	753338	1432737	1500737	1670886	1830769	2223110	2514432	2946018	3175700	3334951	3821830	4671098	5164865	6051619	6916253	9584561	12735152	18011965	22283258	25970283	27637340	30958103	32480698	38065962	43428612	44569330	
G	18	5	6	7	8	9	10	11	12	13	14	15	16	17	18	19	20	21	22	23	24	25	26	27	28	29	30	31	32	33	34	35	36	37	38	39	
G	18	9705	90602	102013	303555	325605	353238	683550	704275	814069	866218	1238732	1338131	1683736	2130590	2304879	2970862	3365466	3493085	3744440	4135854	5045195	5872552	6515148	6987445	9784438	13090973	19025185	21480270	24840002	28502569	31439146	33433200	38001593	43970040	44720985	
G	19	4	5	6	7	8	9	10	11	12	13	14	15	16	17	18	19	20	21	22	23	24	25	26	27	28	29	30	31	32	33	34	35	36	37	38	39	
G	19	1783	4361	97340	288128	385394	413471	456382	508035	733562	867021	902979	1066277	1489184	1601636	1773364	2009858	2911056	3032475	3744870	3849230	4426252	5002289	5521448	6397024	7698112	9180085	12840478	18650670	21082617	25450227	26701054	31023677	34210220	38008190	43649062	44548160	
G	20	4	5	6	7	8	9	10	11	12	13	14	15	16	17	18	19	20	21	22	23	24	25	26	27	28	29	30	31	32	33	34	35	36	37	38	
G	20	6029	8702	112951	115506	218024	412468	486565	514059	1020579	1163712	1549676	1669866	1811174	2242861	2424837	2628840	3270854	3586908	3835580	4350279	4683520	5252901	5801018	6805880	8233511	11951732	14584763	19906543	23259813	25934721	27038618	29746351	33345218	38234441	44491658	
G	21	4	5	6	8	9	10	11	12	13	14	15	16	17	18	19	20	21	22	23	24	25	26	27	28	29	30	31	32	33	34	35	36	37	38	39	
G	21	1941	10971	41625	263467	467876	496751	638076	761643	1057655	1392872	1673622	2101018	2186792	2302438	2583324	2791931	3161951	3840147	4645297	5185453	5399959	5864100	7021419	7892402	10226366	14697908	17987367	22489166	25485040	28124730	30302100	32793681	36293349	44457611	44565423	
G	22	4	5	6	7	8	9	10	11	12	13	14	15	16	17	18	19	20	21	22	23	24	25	26	27	28	29	30	31	32	33	34	35	36	37	38	
G	22	2149	10781	38465	161849	291381	349763	559931	614973	919393	1092380	1136755	1360992	1882516	2493117	2610078	2988372	3645879	3811737	4041071	4587248	5047991	5562192	5921835	7408597	8667820	11137478	14123211	21247145	23866734	26532107	28418342	30711100	34313053	37864493	44517638	
G	23	4	5	6	7	8	9	10	11	12	13	14	15	16	17	18	19	20	21	22	23	24	25	26	27	28	29	30	31	32	33	34	35	36	37	38	
G	23	2432	10270	174736	187020	333795	403044	680109	709350	860874	1161422	1248111	1399706	1651021	1823980	2561758	2860415	3028977	3844990	4404496	4906631	5501984	6343614	6864423	8249236	8935482	11204132	14956785	21548234	25274731	28039787	29826226	31202332	33504174	37235932	44506182	
G	24	4	5	6	7	8	9	10	11	12	13	14	15	16	17	18	19	20	21	22	23	24	25	26	27	28	29	30	31	32	33	34	35	36	37	38	39	
G	24	2631	14854	44042	237652	394392	445938	719173	873339	901747	944540	1438842	1745412	2051508	2692338	2958266	3247297	3706122	3986558	4448789	4837347	5273120	6707501	7675821	8791839	9819601	11295945	15984681	19855848	24253375	26875610	29409997	31250112	34040665	36977839	44576130	44631090	
G	25	4	5	6	7	8	9	10	11	12	13	14	15	16	17	18	19	20	21	22	23	24	25	26	27	28	29	30	31	32	33	34	35	36	37	38	39	
G	25	6646	56536	143155	340087	445559	655191	745874	1015387	1156039	1418500	2063726	2206869	2644117	2931696	3416243	3766513	4383860	4847634	5380339	6124584	6816099	8056438	8738201	9447736	11001101	12746104	15870025	20890847	24004213	27404059	30148310	31398551	33391419	37284205	44076047	44706789	
G	26	4	5	6	7	8	9	10	11	12	13	14	15	16	17	18	19	20	21	22	23	24	25	26	27	28	29	30	31	32	33	34	35	36	37	38	39	
G	26	22194	51400	329303	395344	507217	709248	1072044	1130119	1244902	1522687	1987142	2215829	2516396	3086129	3707684	4302186	4697878	5704341	6373909	6825233	7733358	8563698	9429730	10021163	11487323	13610977	17046724	20544861	23716152	27370995	29760164	31721843	33668545	36734086	43178787	44421287	
G	27	4	5	6	7	8	9	10	11	12	13	14	15	16	17	18	19	20	21	22	23	24	25	26	27	28	29	30	31	32	33	34	35	36	37	38	39	
G	27	16256	56484	135657	439378	543141	784481	811918	1232441	1460204	1481287	1996293	2156147	2765913	3108806	3884128	4319915	5197343	5590881	5853092	7057192	7411412	8452108	9548887	10101363	10917854	14393595	18727867	21729975	26495401	28381013	29176346	32022475	33986487	38559291	43229199	44354054	
G	28	2	3	4	5	6	7	8	9	10	11	12	13	14	15	16	17	18	19	20	21	22	23	24	25	26	27	28	29	30	31	32	33	34	35	36	37	38	
G	28	424619	726687	765184	1402315	2041212	2990151	3665937	4480620	4789775	4994201	5799038	6285992	6575925	7135794	7684547	8480389	8812913	9619183	10712793	11453570	12143162	12812794	13302776	14299623	15139830	16349141	18902977	22776760	27300868	32446963	35789240	37643944	39266865	40984751	42649798	43576226	44076179	
G	29	2	4	5	6	7	8	9	10	11	12	13	14	15	16	17	18	19	20	21	22	23	24	25	26	27	28	29	30	31	32	33	34	35	36	37	38	
G	29	178543	688954	1568565	1938776	3042639	3781975	4240990	4839189	5196897	5735662	6754029	7090721	7607118	8289126	8744827	9202463	10053386	11201803	11790512	12259940	13007824	13534604	14510360	15129587	16669533	17942356	22113727	27791002	32088649	37149073	38552902	39762399	41663557	42970169	44180960	44221049	
G	30	2	4	5	6	7	8	9	10	11	12	13	14	15	16	17	18	19	20	21	22	23	24	25	26	27	28	29	30	31	32	33	34	35	36	37	38	
G	30	140136	866169	1872938	2295822	3224892	4079520	4771713	5320440	5776931	6252005	7196768	7591276	8483716	8734940	9482930	10076145	10648535	11531103	12105881	13102988	14040572	15040069	15781340	16474426	17417632	18583659	23495109	30430495	34779097	38888874	39731919	40534283	41646932	43020782	43602963	44045813	
G	31	2	3	4	5	6	7	8	9	10	11	12	13	14	15	16	17	18	19	20	21	22	23	24	25	26	27	28	29	30	31	32	33	34	35	36	37	38	
G	31	131589	208237	899536	1680337	2217733	3036067	4232445	4544939	5596541	5830988	6334992	7481183	7811469	8658942	9155860	9661403	10521076	10894573	12369697	12856316	13236628	14198823	14422641	15492810	16426197	17521171	19551031	23596522	29330996	36436572	38233580	39590891	41502570	42136550	42841814	43729613	44131109	
G	32	2	4	5	6	7	8	9	10	11	12	13	14	15	16	17	18	19	20	21	22	23	24	25	26	27	28	29	30	31	32	33	34	35	36	37	38	
G	32	133555	581027	1503894	2297358	3240845	4432105	5224431	5924009	6263675	6413598	7419983	8470169	8868277	9582705	9897636	10486707	11656900	12565608	13122614	13930694	14458200	15319218	16127673	17113077	19584672	22895829	25580794	31554919	36308506	38777373	40376910	41433296	42425990	42978442	43650693	43828598	
G	33	2	4	5	6	7	8	9	10	11	12	13	14	15	16	17	18	19	20	21	22	23	24	25	26	27	28	29	30	31	32	33	34	35	36	37	38	
G	33	141191	220429	1827926	2617072	3203333	4577747	5142933	6247585	6672217	6875788	7749043	8809790	9291128	9915390	10341846	11007746	11873516	12978692	13831062	14266212	14955936	16178078	17239078	17658363	19250218	23759957	27132966	33832744	38288877	39943077	41069536	42074480	42777753	42993372	43378630	43763758	
G	34	1	4	5	6	7	8	9	10	11	12	13	14	15	16	17	18	19	20	21	22	23	24	25	26	27	28	29	30	31	32	33	34	35	36	37	38	
G	34	154274	553766	1693581	2554976	4053057	4722947	5923357	6334629	7043562	7371703	7851132	8640295	9618193	10388540	10756785	11237642	12446262	13577005	14164518	14600381	15844815	16851526	17530804	19167875	20847076	25054242	29434954	34570272	38111842	39679250	40757334	42126753	42836318	43582107	43892237	43931079	
G	35	4	5	6	7	8	9	10	11	12	13	14	15	16	17	18	20	21	22	23	24	25	26	27	28	29	30	31	32	33	35	
G	35	96859	278036	368700	605850	695063	721986	744269	776633	820997	1009478	1145634	1326472	1475684	1630665	1811558	2230633	2567355	2822498	2919624	3567905	3894721	5147729	5596525	7619218	10177792	15376500	18472312	18473550	18479594	18486067	
C	0	3	6	7	8	9	10	11	12	13	14	15	16	17	18	19	20	21	22	23	24	25	26	27	28	29	30	31	32	33	34	35	36	37	38	40	
C	0	1564	86105	97486	101248	287452	317551	353770	423343	490309	566982	609858	736079	811040	904509	963475	1017189	1210347	1320677	1458752	1552890	1804109	1988164	2308228	2996886	4667952	12135811	15293287	18091471	18888099	20132114	22819424	24331331	29433538	30827446	32572273	
C	1	2	3	5	6	7	8	9	10	11	12	13	14	15	16	17	18	19	20	21	22	23	24	25	26	27	28	29	30	31	32	33	34	35	36	37	38	40	
C	1	4214	7744	9916	125722	149484	159022	423596	452675	518320	614048	738472	847454	910635	1097575	1232743	1376348	1473328	1579113	1938198	2125497	2368315	2533852	2923197	3251738	4072190	5405888	7603943	14648439	18703756	21502278	22464897	24296585	27676249	29893763	35818505	37183883	39083634	
C	2	4	5	6	7	8	9	10	11	12	13	14	15	16	17	18	19	20	21	22	23	24	25	26	27	28	29	30	31	32	33	34	35	36	37	38	39	40	
C	2	2385	20627	122149	211008	224532	368762	386127	557276	603412	714413	786815	1056892	1122225	1230954	1302029	1372482	1505810	1777342	1950777	2258379	2540585	2905154	3507581	4111439	5412393	8073127	15964712	21375200	22303345	25806268	28338485	31605137	34548776	39321903	39816577	41500812	42942269	
C	3	4	5	6	7	8	9	10	11	12	13	14	15	16	17	18	19	20	21	22	23	24	25	26	27	28	29	30	31	32	33	34	35	36	37	38	39	40	
C	3	3677	9424	21401	105030	188708	239021	364639	419440	529981	658402	794364	930752	1046262	1198190	1533041	1666338	2001908	2135150	2418452	2583319	2878156	3224621	3755574	4151692	5668679	7875954	12576047	18007392	24038361	26366271	28493268	30136688	34551532	39696192	41556107	42303148	43200474	
C	4	4	5	6	7	8	9	10	11	12	13	14	15	16	17	18	19	20	21	22	23	24	25	26	27	28	29	30	31	32	33	34	35	36	37	38	39	40	
C	4	79191	82291	97895	147805	199214	323019	366981	487935	617640	665144	950351	1063047	1117270	1300820	1401248	1572869	1864531	2142043	2348854	2616488	2807087	3156754	3922021	4352606	4987291	6392156	13351438	19385616	23881676	25807802	28043562	29859244	34122143	40177681	41314861	41544028	42780766	
C	5	3	4	5	6	7	8	9	10	11	12	13	14	15	16	17	18	19	20	21	22	23	24	25	26	27	28	29	30	31	32	33	34	35	36	37	38	39	40	
C	5	14878	62998	154319	179306	184701	194133	238607	460833	530125	649984	799075	935522	994217	1231842	1363123	1499045	1787706	2226836	2460297	2680405	2857248	3268888	3600622	3883820	4347804	4997074	7812375	11364818	19047892	23266131	26005957	29236183	31515448	34692365	42364581	43147470	43667180	44587620	
C	6	3	4	5	6	7	8	9	10	11	12	13	14	15	16	17	18	19	20	21	22	23	24	25	26	27	28	29	30	31	32	33	34	35	36	37	38	39	40	
C	6	1147	50918	71351	84057	139480	235870	353764	376103	512500	601332	626331	836864	1115952	1399382	1554275	1987322	2118150	2440331	2652431	2836259	3077453	3302642	3623281	4274476	4674886	5342200	8428063	13660385	17450973	23142041	25887290	29283623	31139989	33853038	41060269	42191213	42803552	43549862	
C	7	4	5	6	7	8	9	10	11	12	13	14	15	16	17	18	19	20	21	22	23	24	25	26	27	28	29	30	31	32	33	34	35	36	37	38	39	40	
C	7	4981	11068	118663	188287	195435	320405	455378	531899	574131	765413	906913	993686	1110185	1438482	1497340	1806541	2031646	2219784	2556416	2831356	3289809	3846901	4499937	5235241	6813625	8003203	12007234	18102020	24106124	25996954	28685365	31130421	33800707	42086320	43274484	43962554	44482488	
C	8	4	5	6	7	8	9	10	11	12	13	14	15	16	17	18	19	20	21	22	23	24	25	26	27	28	29	30	31	32	33	34	35	36	37	38	39	40	
C	8	64969	68001	163708	177114	181479	413491	634108	675897	813121	962440	1066467	1182518	1263715	1591374	1833520	1996006	2247707	2523745	2800554	2963236	3159229	3672835	4062229	4669270	5400761	7491533	11158911	19104530	22886263	26199890	29109565	31405831	35742768	42471402	44074992	44378708	44742554	
C	9	4	5	6	7	8	9	10	11	12	13	14	15	16	17	18	19	20	21	22	23	24	25	26	27	28	29	30	31	32	33	34	35	36	37	38	39	40	
C	9	95982	97188	124568	138124	332395	361714	536617	606505	704358	728932	1052994	1225939	1522148	1604212	1655431	1831141	2146423	2196553	2682204	3068505	3701559	4203447	4751828	5006705	6164083	9801895	13839908	19486879	21561235	25034391	29694222	31338590	34504954	42198461	43948705	44394482	44725995	
C	10	4	5	6	7	8	9	10	11	12	13	14	15	16	17	18	19	20	21	22	23	24	25	26	27	28	29	30	31	32	33	34	35	36	37	38	39	40	
C	10	3658	11442	35738	156657	285268	365486	446052	616196	830792	894191	1098167	1322307	1453009	1518376	1818013	2114036	2426539	2597192	2992275	3262552	3513434	4155802	4802327	5207538	5789235	8181829	12522098	17307292	20642842	26515105	28292859	30908384	35417161	41774033	44107464	44459952	44772032	
C	11	4	5	6	7	8	9	10	11	12	13	14	15	16	17	18	19	20	21	22	23	24	25	26	27	28	29	30	31	32	33	34	35	36	37	38	39	
C	11	40554	48938	75289	212947	219318	450512	566824	659944	920894	944158	1066586	1290265	1452475	1712653	1808635	2199389	2812008	3315987	3408909	4097938	4231093	4718624	5608428	6300800	7652900	9282552	15273777	18527432	23336852	27491516	29561900	32255403	36352545	42497061	44936826	45418314	
C	12	4	5	6	7	8	9	10	11	12	13	14	15	16	17	18	19	20	21	22	23	24	25	26	27	28	29	30	31	32	33	34	35	36	37	38	39	40	
C	12	7827	12968	37855	189441	199167	364685	403576	560779	755640	810170	851072	936224	1276755	1661557	1829672	1943960	2269134	2618241	2938194	3253377	3863103	4520416	5096626	6057746	6770694	7970882	12497181	19682743	23137704	26892455	30018338	31102609	35335908	40519767	44547505	44715145	44916743	
C	13	4	5	6	7	8	9	10	11	12	13	14	15	16	17	18	19	20	21	22	23	24	25	26	27	28	29	30	31	32	33	34	35	36	37	38	39	40	
C	13	3872	117337	187890	205804	219346	439196	556524	654969	786129	879526	1077873	1577653	1861801	2017337	2219650	2516351	2737090	2893742	3209950	3717313	4239263	5405691	5680752	6302203	7318874	9431519	13348452	21644753	23974553	27240783	29132603	31577389	34655150	42408026	45086004	45277001	45286644	
C	14	4	5	6	7	8	9	10	11	12	13	14	15	16	17	18	19	20	21	22	23	24	25	26	27	28	29	30	31	32	33	34	35	36	37	38	39	
C	14	3275	76078	89344	237939	254555	446158	613430	737930	773907	807826	1315382	1455031	1747149	1888632	2097426	2509668	2944477	3015746	3516640	3765590	4000793	4742050	5499902	6238605	7070077	8334955	15108398	18352949	22437302	26140149	29265130	32220480	34610885	40699740	45200159	45436427	
C	15	4	5	6	7	8	9	10	11	12	13	14	15	16	17	18	19	20	21	22	23	24	25	26	27	28	29	30	31	32	33	34	35	36	37	38	39	40	
C	15	5551	16120	34107	268597	291753	343221	490392	799663	819414	978488	1473416	1599990	2046161	2273660	2729388	2805346	3258796	3469279	3821386	4533309	5134871	5579045	6309375	7018775	8054067	11231813	15725010	19966041	23688619	26807912	29567937	32355340	34770567	40415838	45217803	45323730	45365422	
C	16	4	5	6	7	8	9	10	11	12	13	14	15	16	17	18	19	20	21	22	23	24	25	26	27	28	29	30	31	32	33	34	35	36	37	38	39	
C	16	2890	6326	128741	284145	302990	457341	563746	797661	961929	1293738	1595041	1770578	1878400	2025209	2452811	3060831	3433163	3813808	4117126	4308684	4961416	5908207	6636817	7491049	8408876	10382792	15131643	21017789	22972119	27290406	30995024	33622509	35520798	40561429	45114251	45219952	
C	17	4	5	6	7	8	9	10	11	12	13	14	15	16	17	18	19	20	21	22	23	24	25	26	27	28	29	30	31	32	33	34	35	36	37	38	39	
C	17	3259	8105	38871	317335	454991	486848	920885	1047159	1085557	1117699	1212217	2069620	2158079	2482146	2665681	3159036	3613804	4082722	4406780	4616429	5141431	6463202	7243949	8404733	9375005	12647911	16061099	20314493	24729381	28792718	30834379	33632912	34835030	40241359	45449979	45507048	
C	18	5	6	7	8	9	10	11	12	13	14	15	16	17	18	19	20	21	22	23	24	25	26	27	28	29	30	31	32	33	34	35	36	37	38	39	
C	18	13049	180437	194723	519401	542009	645511	1034359	1069796	1244180	1357715	1834426	1990695	2442644	3116719	3331829	4188815	4641608	4963042	5338795	5831238	6931906	8045762	8955436	9473377	13124496	16175022	21511564	23527817	27121404	30418654	33718342	35467479	39446351	45278097	45383202	
C	19	4	5	6	7	8	9	10	11	12	13	14	15	16	17	18	19	20	21	22	23	24	25	26	27	28	29	30	31	32	33	34	35	36	37	38	39	
C	19	3338	6783	199352	492562	669266	782309	840032	907827	1193686	1363829	1458236	1694296	2264270	2571717	2837198	3155547	4308314	4532639	5570352	5709810	6644929	7389730	8286092	9326923	10872791	12774966	15908723	21151457	23870889	28423475	29953754	33837495	36863121	39741629	45539618	45573845	
C	20	4	5	6	7	8	9	10	11	12	13	14	15	16	17	18	19	20	21	22	23	24	25	26	27	28	29	30	31	32	33	34	35	36	37	38	
C	20	6824	12271	225825	229396	413653	752620	844628	873316	1430617	1713953	2192186	2358495	2557854	3201880	3538758	3793954	4737496	5184354	5826735	6515642	7085287	7799421	8586297	9932659	11925541	15774411	18306348	22856794	26134976	28946084	30164131	32647572	35569100	39757112	45673228	
C	21	4	5	6	8	9	10	11	12	13	14	15	16	17	18	19	20	21	22	23	24	25	26	27	28	29	30	31	32	33	34	35	36	37	38	39	
C	21	3420	16618	74102	475068	779605	853673	1007342	1247731	1666992	2022129	2513201	3096190	3377243	3498814	3941285	4373538	4805231	5838665	6963224	7759225	8075398	8686489	10281412	11411957	13875273	18395383	20983365	24993542	28328985	30635808	33276893	35161842	37263749	45461017	45613286	
C	22	4	5	6	7	8	9	10	11	12	13	14	15	16	17	18	19	20	21	22	23	24	25	26	27	28	29	30	31	32	33	34	35	36	37	38	
C	22	4038	13113	67481	294213	506918	627394	944063	1007775	1398776	1637726	1693446	1974374	2587446	3600124	3749800	4316950	5286285	5493960	5992351	6885112	7532671	8173581	8679012	10756153	11945589	14690736	18488293	24042405	26412592	29383960	31431933	33302825	36205438	38834220	45189760	
C	23	4	5	6	7	8	9	10	11	12	13	14	15	16	17	18	19	20	21	22	23	24	25	26	27	28	29	30	31	32	33	34	35	36	37	38	
C	23	4184	14206	305589	323885	525827	741425	1080873	1113492	1321802	1718010	1849573	2058551	2545475	2874700	3886772	4274671	4729037	5846997	6528651	7480021	8193478	9236891	10162204	12117072	12882453	15740096	19473395	25093395	28781517	31286498	32420804	34005774	35686027	38412062	45708031	
C	24	4	5	6	7	8	9	10	11	12	13	14	15	16	17	18	19	20	21	22	23	24	25	26	27	28	29	30	31	32	33	34	35	36	37	38	39	
C	24	5078	17486	74989	416428	613195	785324	1103521	1263053	1303227	1375501	2108730	2655036	3185764	3958331	4387689	4725244	5504638	6115656	6729806	7458413	8024493	9914486	11127683	12824597	14080435	16022939	20581396	23237956	27226346	29980524	31937178	33871342	36727340	38493973	45283089	45356350	
C	25	4	5	6	7	8	9	10	11	12	13	14	15	16	17	18	19	20	21	22	23	24	25	26	27	28	29	30	31	32	33	34	35	36	37	38	39	
C	25	11675	93401	261634	545176	797799	1053169	1173257	1502302	1662738	2031674	2813825	2969631	3663263	4095490	4743879	5326333	6370500	7173562	7913310	8963228	9939591	11478400	12502080	13578018	15630053	17426112	20574867	24029682	26650945	29741192	32082380	33492536	35197924	38627950	44462866	45312660	
C	26	4	5	6	7	8	9	10	11	12	13	14	15	16	17	18	19	20	21	22	23	24	25	26	27	28	29	30	31	32	33	34	35	36	37	38	39	
C	26	26065	68447	532940	610264	876258	1107023	1518349	1645640	1746052	2077625	2746416	3163077	3853347	4532571	5406808	6334817	7104363	8666651	9664846	10286949	11758922	13027125	14072531	14959935	17075691	18882481	22491781	24932325	27608067	30879738	32540423	34382290	36195960	38491530	44310856	45821889	
C	27	4	5	6	7	8	9	10	11	12	13	14	15	16	17	18	19	20	21	22	23	24	25	26	27	28	29	30	31	32	33	34	35	36	37	38	39	
C	27	14236	73798	218389	643719	896123	1161961	1199060	1666347	2066023	2094732	2806762	3009613	3943859	4482059	5637974	6205013	7727897	8329699	8832319	10815567	11341572	12925496	14213409	14908988	15968783	19761953	22141979	25151728	29848722	31426252	32110889	34852899	36841601	40873179	44051049	45423455	
C	28	2	3	4	5	6	7	8	9	10	11	12	13	14	15	16	17	18	19	20	21	22	23	24	25	26	27	28	29	30	31	32	33	34	35	36	37	38	
C	28	695320	1172443	1216909	2197494	2999000	4370710	5548231	6517219	6965737	7328934	8390261	9119847	9628547	10501525	11333819	12472229	13126089	14467193	16426443	17310320	18190757	19019987	19748627	21250463	22347340	23658855	26305475	30130990	34516424	37829854	40618416	42069236	43319048	44234795	44964340	45262178	45732556	
C	29	2	4	5	6	7	8	9	10	11	12	13	14	15	16	17	18	19	20	21	22	23	24	25	26	27	28	29	30	31	32	33	34	35	36	37	38	
C	29	477156	1010328	2141429	2795204	4367644	5515177	6061777	6812073	7370177	8130337	9544160	10071248	10880052	11836301	12672389	13390587	14535055	16297887	17419371	18021786	19069022	19891768	21176390	22033660	23735678	25416201	29527776	33766767	37431097	41901075	42784742	43640885	44459992	44873765	45456747	45460934	
C	30	2	4	5	6	7	8	9	10	11	12	13	14	15	16	17	18	19	20	21	22	23	24	25	26	27	28	29	30	31	32	33	34	35	36	37	38	
C	30	428571	1452929	2914169	3550624	5148466	6224197	7119701	7865383	8555950	9324111	10511982	11398899	12636723	13166099	14243488	15147445	16006680	17707767	18482163	19806238	21072470	22434338	23394942	24279969	25556376	26780424	32110132	37093895	40514906	43196236	43709478	44064642	44804687	45513452	45699958	46007039	
C	31	2	3	4	5	6	7	8	9	10	11	12	13	14	15	16	17	18	19	20	21	22	23	24	25	26	27	28	29	30	31	32	33	34	35	36	37	38	
C	31	344736	583804	1441382	2250937	3147640	4501147	6149712	6515932	7847880	8224624	8971658	10667878	11323694	12513559	13259381	14274552	15491526	16085703	18379876	19201491	19813558	21155595	21510189	22958564	24236250	25674836	27781341	30973242	36232907	40943303	42375718	43284871	44392860	44611091	44805506	45135775	45406782	
C	32	2	4	5	6	7	8	9	10	11	12	13	14	15	16	17	18	19	20	21	22	23	24	25	26	27	28	29	30	31	32	33	34	35	36	37	38	
C	32	373407	1014108	1943151	3175447	4803311	6261123	7283938	8386963	8917996	9218875	10726679	12493849	13126345	14164643	14650679	15652126	17283062	18988141	19691354	20704071	21578582	22691279	23885957	25187374	27634530	30964995	32609467	37376873	41098842	43145693	43961174	44481707	44911948	45065935	45318207	45388712	
C	33	2	4	5	6	7	8	9	10	11	12	13	14	15	16	17	18	19	20	21	22	23	24	25	26	27	28	29	30	31	32	33	34	35	36	37	38	
C	33	407754	497036	2475414	3717617	4965728	6473889	7544928	8850240	9656003	10082795	11720245	13103342	14089394	14912852	15668453	16830182	18099428	19875051	21082382	21835486	22797541	24329126	25709359	26209498	28034606	32142905	34610677	39859086	43117717	44124311	44816801	45167391	45519726	45553134	45664294	45814998	
C	34	1	4	5	6	7	8	9	10	11	12	13	14	15	16	17	18	19	20	21	22	23	24	25	26	27	28	29	30	31	32	33	34	35	36	37	38	
C	34	410072	872501	2023461	3458730	5451503	6449448	8257061	8868423	9854120	10505804	11402181	12565370	14142979	15227425	16001574	16790650	18518042	20418353	21203455	22020504	23565642	24893951	25891294	27653929	29177310	32980393	36512541	40664886	43005775	43952080	44619480	45059540	45254978	45536277	45611600	45616192	
C	35	4	5	6	7	8	9	10	11	12	13	14	15	16	17	18	20	21	22	23	24	25	26	27	28	29	30	31	32	33	35	
C	35	108010	416186	516829	974334	1135362	1168913	1191606	1247279	1316378	1590169	2036720	2269845	2484322	2831171	3106329	3914770	4396587	4903504	5099882	5915230	6428234	7405857	7912028	9863527	11705159	15742970	17787937	17788172	17792340	17796830	
N	0	3	20	22	23	
N	0	36101	126412	193785	248436	
N	1	3	6	20	22	23	
N	1	82227	82228	448228	575859	819912	
N	2	4	5	7	9	12	20	22	23	
N	2	4	88586	153369	153370	303764	569411	758264	1112235	
N	3	4	6	9	10	12	20	23	24	
N	3	14	15	16	174651	174652	435217	635703	1222506	
N	4	4	20	22	24	25	27	
N	4	1	282700	567878	1015511	1076257	1261501	
N	5	3	5	7	12	20	22	24	
N	5	44770	231655	443914	443916	541593	784231	1300627	
N	6	4	5	6	20	22	23	24	25	26	
N	6	1	43835	211028	438115	758082	813677	848887	1220704	1266756	
N	7	5	13	20	22	23	24	25	
N	7	1	164488	333431	587341	804706	1222898	1274105	
N	8	4	9	14	20	22	23	24	25	26	
N	8	4	5	164942	513964	560748	594623	717451	905698	1295311	
N	9	4	6	7	10	12	20	22	23	24	25	
N	9	36564	36565	36567	209513	209514	316454	575003	635893	885586	1330209	
N	10	4	6	11	12	22	23	24	26	
N	10	60	61	169761	207727	310595	372857	1309571	1347392	
N	11	22	24	25	26	28	
N	11	38591	147657	735530	967267	1391282	
N	12	4	6	7	10	15	20	22	23	24	26	
N	12	8	9	39514	39515	240544	283680	485876	783805	908383	1407855	
N	13	4	6	7	10	14	20	23	24	25	27	
N	13	149	150	151	68590	109870	152712	619700	1141489	1219109	1422114	
N	14	4	5	7	8	12	16	22	24	25	26	
N	14	4	40768	40769	100727	306281	508532	551637	894417	961516	1436230	
N	15	4	7	10	12	16	20	23	24	25	26	
N	15	2	40230	40231	245734	454250	491553	528400	613609	1002916	1447469	
N	16	5	8	9	22	24	25	26	28	
N	16	89	224399	261635	300445	644440	712516	1260429	1462792	
N	17	4	8	10	11	22	24	25	26	27	
N	17	5	47947	114639	558981	598081	856746	948581	986050	1512157	
N	18	5	6	7	16	17	22	23	26	27	28	
N	18	4	52290	52291	252893	318557	365334	622118	816370	1294390	1546905	
N	19	4	6	7	11	17	18	26	27	
N	19	3	51736	103990	352923	421472	618457	1015211	1584717	
N	20	4	5	6	8	18	22	26	27	28	
N	20	3	4	51841	51842	118502	165826	430051	635087	1623965	
N	21	4	5	8	9	12	13	14	19	26	27	28	
N	21	40	43	46003	46005	114397	153250	407481	601662	958324	1033580	1629582	
N	22	4	6	7	8	18	19	23	26	27	28	29	30	
N	22	9	10	42414	42415	300514	370915	409037	671311	762680	1367907	1443312	1632608	
N	23	4	6	11	15	17	19	25	27	29	
N	23	54	43418	43419	301921	369271	933235	969445	1359213	1628820	
N	24	4	7	9	15	22	25	27	28	29	
N	24	646	40400	40401	371152	561990	593645	852597	942217	1628257	
N	25	4	5	6	7	8	9	10	11	12	13	14	15	16	17	18	19	21	24	26	28	29	30	
N	25	2225	48554	48586	87467	87585	87600	87630	345997	346061	346094	346125	346137	346141	346143	346146	531655	1109151	1174551	1206583	1565727	1602155	1680633	
N	26	4	5	6	7	8	9	10	11	12	13	14	15	16	17	21	22	27	28	29	30	
N	26	17071	43304	91333	91347	91504	91506	91518	91589	91594	91626	91674	91685	155146	155154	340884	340885	372838	463859	764923	1681678	
N	27	4	5	6	7	8	9	10	11	12	13	14	15	16	18	19	23	29	30	31	
N	27	12891	45612	54249	93792	93932	93956	93967	93980	124675	124687	124729	124763	185942	621688	621689	1209251	1573250	1608132	1680334	
N	28	2	3	4	5	6	7	8	9	10	11	12	13	14	15	16	17	
N	28	62574	93677	129465	375686	629825	792322	1054504	1090747	1090771	1682779	1682782	1682859	1682868	1682873	1682875	1682881	
N	29	2	4	5	6	7	8	9	10	11	12	13	14	15	16	17	
N	29	95593	130452	192406	380877	737643	997478	1662694	1696138	1696259	1696267	1696360	1696398	1696400	1696405	1696406	
N	30	2	4	5	6	7	8	9	10	11	12	13	14	15	17	
N	30	96614	129362	665852	665878	767155	1718245	1718246	1718263	1718411	1718438	1718474	1718537	1718554	1718557	
N	31	2	3	4	5	6	7	8	9	10	11	12	13	14	15	16	
N	31	77285	113152	153711	427789	427807	881914	1660270	1660271	1660317	1695787	1695823	1695935	1695937	1695944	1695952	
N	32	2	4	5	6	7	8	9	10	11	12	13	14	15	18	
N	32	65438	96972	156930	613891	996096	996188	1691882	1731113	1731116	1731250	1731374	1731397	1731398	1731399	
N	33	2	4	5	6	7	8	9	10	11	12	13	14	15	16	20	
N	33	61467	103919	209488	400956	999616	1641298	1751304	1751543	1751611	1751648	1751804	1751817	1751824	1751825	1751826	
N	34	1	4	5	6	7	8	9	10	11	12	13	14	15	16	
N	34	56761	96765	378930	614152	614459	1621437	1735724	1735900	1735942	1735965	1736033	1736119	1736135	1736142	
N	35	4	5	6	7	8	10	11	12	13	14	15	16	
N	35	41244	50645	50688	51037	51234	51239	51240	51282	51354	51471	51490	51492	
