.	0	2	3	4	5	6	7	8	9	10	11	12	13	14	15	16	17	18	19	20	21	22	23	24	25	26	27	28	29	30	31	32	33	34	35	36	
.	0	142168	225190	337248	610393	758015	1064016	1194136	1310320	1440508	1659231	1819983	1843960	1929737	2089621	2249375	2392228	2597911	2896726	3140627	3330665	3567790	3869834	4058388	4251364	4695430	4912779	5379557	23180714	33282826	43682286	62663081	71719322	72048535	72127610	72288600	
.	1	2	3	4	5	6	7	8	9	10	11	12	13	14	15	16	17	18	19	20	21	22	23	24	25	26	27	28	29	30	31	32	33	34	35	36	
.	1	170677	245417	372718	714926	906886	1271619	1427209	1564995	1728437	2007629	2214348	2239113	2339784	2532352	2739004	2920811	3174907	3556322	3828401	4064056	4342746	4732156	4975598	5183750	5726032	5970872	6493324	24360145	34528136	44950402	63235495	71660972	72021461	72094599	72288600	
.	2	2	3	4	5	6	7	8	9	10	11	12	13	14	15	16	17	18	19	20	21	22	23	24	25	26	27	28	29	30	31	32	33	34	35	36	
.	2	164482	310532	403909	811100	1051481	1256636	1422962	1607552	1839071	2069130	2279158	2540292	2692966	2919090	3158147	3397725	3666839	3889799	4200199	4369603	4542486	4927429	5085220	5428802	5868577	6230007	6546678	25386259	33725812	43968487	62769037	71948498	72001007	72208817	72288600	
.	3	2	3	4	5	6	7	8	9	10	11	12	13	14	15	16	17	18	19	20	21	22	23	24	25	26	27	28	29	30	31	32	33	35	36	
.	3	109602	193666	292747	710329	1056750	1255110	1483556	1719570	1900230	2106843	2287163	2464136	2739696	2869633	3136112	3272642	3417986	3677264	3916284	4307612	4750491	5011385	5145475	5294632	5568679	5888269	6104682	15412438	33683424	43941089	62814126	71920315	72109174	72288600	
.	4	2	3	4	5	6	7	8	9	10	11	12	13	14	15	16	17	18	19	20	21	22	23	24	25	26	27	28	29	30	31	33	34	35	36	
.	4	213457	333136	541765	899561	1146729	1362090	1459269	1689492	1932022	2071331	2311108	2543898	2765890	2842197	3060207	3428012	3599101	3863987	4051668	4444653	4769210	4775527	5197350	5769235	6063348	6587567	7146466	7830679	25338880	45623082	71827829	71946509	72166569	72288600	
.	5	2	3	4	5	6	7	8	9	10	11	12	13	14	15	16	17	18	19	20	21	22	23	24	25	26	27	28	29	30	31	32	33	34	35	36	37	
.	5	152351	311256	476281	762664	1082805	1306645	1583452	1837584	1988943	2226238	2415568	2515969	2720493	3039476	3148655	3252732	3593198	4005419	4258467	4703697	4864384	5234981	5697804	5993395	6159255	7019071	7946301	8380021	36028698	47029895	47542875	48274747	71232942	71900623	72122210	72288600	
.	6	2	3	4	5	6	7	8	9	10	11	12	13	14	15	16	17	18	19	20	21	22	23	24	25	26	27	28	29	30	31	32	33	34	35	37	
.	6	199552	249243	390542	769412	1044756	1243586	1476174	1809881	1919319	2065265	2326277	2477270	2513416	2828274	3166123	3431362	3674323	3932906	4299514	4562619	4883448	5301986	5723570	6012942	6908768	7179681	7704926	8766752	10491251	37631059	48462889	57245714	64892214	72117413	72288600	
.	7	2	3	4	5	6	7	8	9	10	11	12	13	14	15	16	17	18	19	20	21	22	23	24	25	26	27	28	29	30	31	32	33	34	35	36	37	
.	7	82916	267207	410974	807309	1080162	1252867	1542750	1779391	1908663	2066926	2270339	2460232	2670779	2898542	3179776	3401798	3578946	3838318	4186972	4438123	4856538	5247421	5795024	5995515	6103062	6751359	7316180	7738241	17052529	35800917	47070497	47398145	55851804	71873593	72001369	72288600	
.	8	2	3	4	5	6	7	8	9	10	11	12	13	14	15	16	17	18	19	20	21	22	23	24	25	26	27	28	29	30	31	32	33	34	35	37	
.	8	170199	184673	327632	747295	1154959	1259692	1503205	1874274	1963960	2205255	2401262	2682474	2757969	3046305	3573333	3641475	4012052	4176404	4796997	4922705	5272679	5461806	6122049	6462806	6959180	7999535	8555156	8862553	10245334	37503788	48652253	50057234	63628464	72127809	72288600	
.	9	2	3	4	5	6	7	8	9	10	11	12	13	14	15	16	17	18	19	20	21	22	23	24	25	26	27	28	29	30	31	32	33	34	35	36	37	
.	9	88401	140265	507798	751552	1191518	1346420	1577178	1941314	2122605	2307275	2414882	2606317	2905155	3031172	3518093	3608216	3980733	4150248	4436677	4932501	5242173	5391713	5898349	6269989	6728528	7282040	7525618	8595713	9352907	36500775	46749895	48493540	55711595	70437142	70690556	72288600	
.	10	2	3	4	5	6	7	8	9	10	11	12	13	14	15	16	17	18	19	20	21	22	23	24	25	26	27	28	29	30	31	32	33	34	35	36	37	
.	10	96899	367013	539201	762304	1190208	1489655	1586473	2024602	2049347	2156659	2692805	2738090	2900653	3204356	3348114	3516259	3891649	4213405	4572629	4992793	5390300	5636163	6224414	6472624	6856975	7189361	8194690	8930943	9817351	20753266	30085058	49190559	62475771	70996024	71122794	72288600	
.	11	2	3	4	5	6	7	8	9	10	11	12	13	14	15	16	17	18	19	20	21	22	23	24	25	26	27	28	29	30	31	32	33	34	35	36	37	
.	11	220459	258058	410074	758059	1291843	1541229	1667008	1976191	2249249	2398029	2574526	2896930	3062185	3400946	3537193	3739810	4154972	4679404	5064076	5334616	5641259	5974780	6649109	7219752	7537968	7899095	8571779	9272718	10388504	20833897	37529801	48965447	54963395	63370850	69081603	72288600	
.	12	2	3	4	5	6	7	8	9	10	11	12	13	14	15	16	17	18	19	20	21	22	23	24	25	26	27	28	29	30	31	32	33	34	35	36	37	
.	12	160697	370838	453687	956309	1315942	1737890	1978212	2077617	2501938	2590534	2677863	3109191	3372906	3596824	3926247	4091358	4267563	4587899	5205503	5625993	6240467	6654016	7003590	7614726	8448846	8910336	9381571	9995464	11495692	12707636	40161367	50728120	53457060	63977118	70938310	72288600	
.	13	2	3	4	5	6	7	8	9	10	11	12	13	14	15	16	17	18	19	20	21	22	23	24	25	26	27	28	29	30	31	32	33	34	35	36	37	
.	13	209354	307640	602872	954311	1129143	1595891	1836523	2131336	2482326	2633245	2838430	3158708	3251491	3622054	3761956	4011200	4209348	4531892	4776209	5424935	5941127	6688185	7345053	8084865	9315258	9976365	10868696	11801119	13663909	14279614	32801116	50625582	58401525	63819458	70836903	72288600	
.	14	2	3	4	5	6	7	8	9	10	11	12	13	14	15	16	17	18	19	20	21	22	23	24	25	26	27	28	29	30	31	32	33	34	35	36	37	38	
.	14	181516	233674	571809	872167	1275647	1593373	1904403	2111839	2231581	2805258	2979825	3041047	3206442	3575307	4193830	4287213	4580468	4659449	5351761	6201158	6416938	7001044	7714835	8345164	9244613	10037452	10640734	12477039	14932044	16915618	35063380	45680097	54946355	63622420	69646545	71509151	72288600	
.	15	3	4	5	6	7	8	9	10	11	12	13	14	15	16	17	18	19	20	21	22	23	24	25	26	27	28	29	30	31	32	33	34	35	36	37	38	
.	15	58525	174520	417612	982062	1531392	1725989	1856527	2032110	2291686	2743118	3141311	3242722	3485245	3802190	4221392	4429067	4745605	5173765	5828921	6281132	7458398	7899539	8224380	9316101	10151470	10964699	11578216	12826968	13797942	15317851	43527192	53811290	63214589	66248158	72019389	72288600	
.	16	2	3	4	5	6	7	8	9	10	11	12	13	14	15	16	17	18	19	20	21	22	23	24	25	26	27	28	29	30	31	32	33	34	35	36	37	38	
.	16	88210	110220	239443	414987	1164303	1254280	1986584	2096767	2280894	2734550	2934060	3263216	3571939	3739106	4031815	4397938	4905682	5348389	5767067	5914544	6716513	7427261	8301942	8716281	9173822	10047917	10544237	13474020	15143397	17614363	35438716	45101021	57025063	61535433	62893788	69243483	72288600	
.	17	2	4	5	6	7	8	9	10	11	12	13	14	15	16	17	18	19	20	21	22	23	24	25	26	27	28	29	30	31	32	33	34	35	36	37	38	
.	17	169638	251301	822901	1290855	1568090	2124424	2374566	2516522	2579952	3169292	3502865	3687451	3882450	4509814	4643047	4878910	5484718	5745495	6019661	6448311	7100214	8773654	9316043	10090494	11273568	12394245	14576040	16645980	21130237	31102647	41413584	58383591	62800244	67397068	69782718	72288600	
.	18	2	4	5	6	7	8	9	10	11	12	13	14	15	16	17	18	19	20	21	22	23	24	25	26	27	28	29	30	31	32	33	34	35	36	37	38	
.	18	237515	295077	786543	1236362	1948010	2048438	2268701	2807150	3037668	3072469	3351980	4140134	4223013	4357275	4674056	5022055	5475050	6329970	6694431	7429623	8017359	8432325	9620848	11032417	12233677	15195772	15736877	17207520	19889314	25293954	42537976	51723197	62521363	67084292	71902302	72288600	
.	19	2	3	4	5	6	7	8	9	10	11	12	13	14	15	16	17	18	19	20	21	22	23	24	25	26	27	28	29	30	31	32	33	34	35	36	37	38	
.	19	176829	234472	297919	654763	1040426	1907055	1968450	2116650	2820126	2953853	3126547	3191807	4214143	4354626	4458998	5109232	5392818	5749618	6223630	6921708	7477100	8296696	9630706	9720624	10950402	12575337	14210880	16111622	18371838	21864651	23632274	39515667	50608539	60930838	65473093	69361401	72288600	
.	20	4	5	6	7	8	9	10	11	12	13	14	15	17	18	19	20	21	22	23	24	25	26	27	28	29	30	31	32	33	34	35	36	37	38	
.	20	67116	377523	1002306	1327424	1921144	2382197	3051545	3092425	3178351	3634316	4336264	4651673	5278993	5600419	6319068	6575941	7040405	7593038	8715931	9449042	10238433	10976435	13158359	13696722	14988191	17329758	21623863	24328030	34525232	56380677	60852342	66790998	71469816	72288600	
.	21	2	3	4	5	6	7	8	9	10	11	12	13	14	15	16	17	18	19	20	21	22	23	24	25	26	27	28	29	30	31	32	33	34	35	36	37	38	
.	21	76929	178693	339866	658312	1240903	1877420	2309354	2457376	3098077	3524389	3619731	3775375	4664793	4805104	5257780	5352945	6340386	6524485	6846125	7580670	8142377	8691199	9461039	10810885	11972261	13133792	14865698	16466443	18837921	21657968	31963172	43472536	56158457	63980550	68672748	71606924	72288600	
.	22	2	4	5	6	7	8	9	10	11	12	13	14	15	16	18	19	20	21	22	23	24	25	26	27	28	29	30	31	32	33	34	35	36	37	38	
.	22	72697	178125	631489	1044213	1612136	2336965	2503423	2884772	3539315	3798168	3925174	4071376	5127654	5553329	6050135	6709684	7049799	8293479	8590853	9032230	10057688	10650213	12203079	13489991	14544172	16495522	20162184	21667963	25851511	43295764	58500315	62832754	68380973	71289270	72288600	
.	23	2	4	5	6	7	8	9	10	11	12	13	14	15	16	17	18	19	20	21	22	23	24	25	26	27	28	29	30	31	32	33	34	35	36	37	38	
.	23	93559	250745	475398	1357492	1759268	2438947	2685164	2911378	3522922	4044018	4291955	4468586	4643106	5516181	6177796	6436265	6972041	7156264	8202898	8703075	9451574	10813000	12175426	13560467	15821268	17486638	20013359	22669611	24711131	29080287	44985655	59101839	62818695	67272863	69470782	72288600	
.	24	2	4	5	6	7	8	9	10	11	12	13	14	16	17	18	19	20	21	22	23	24	25	26	27	28	29	30	31	32	33	34	35	36	37	38	
.	24	146520	274292	718355	1222726	1753814	2168374	2841669	2874101	3186435	4177990	4455680	4757139	5457716	6190388	6785841	7298444	7927453	8612864	9303367	10435068	11484789	12812371	15009173	15817021	17188557	19941830	22620418	25858946	29488754	44200561	55041589	62214764	66621789	70963485	72288600	
.	25	2	4	5	6	7	8	9	10	11	12	13	14	15	16	17	18	19	20	21	22	23	24	25	26	27	28	29	30	31	32	33	34	35	36	37	38	
.	25	126273	263230	906645	1453894	1996847	2680908	2965828	3245342	3702010	4670241	4752512	4982445	5331265	5800152	6704270	7298067	7543258	8441890	9317892	10227699	11482677	12331050	13282320	14660079	15989273	17683785	19398477	23271556	27962232	39048798	43409559	58620389	66447121	69068413	72050308	72288600	
.	26	2	4	5	6	7	8	9	10	11	12	13	14	15	16	17	18	19	20	21	22	23	24	25	26	27	28	29	30	31	32	33	34	35	36	37	38	
.	26	74738	184346	722630	1645558	2107053	2636018	3316245	3546866	3997291	4182300	5045724	5335901	5602483	6022406	7812903	7867267	8312382	9265595	10121336	11649746	12487180	13302697	15253456	16653698	18374375	19594063	22100504	25168186	28493011	37075747	48289106	58028199	65280333	70344299	71771028	72288600	
.	27	3	4	5	6	7	8	9	10	11	12	13	14	15	16	17	18	19	20	21	22	23	24	25	26	27	28	29	30	31	32	33	34	35	36	37	38	
.	27	73566	236501	661424	1576604	2144762	2702771	3445031	3566685	3938021	4855925	5486920	5661763	6007727	6930628	7235703	8574443	9072961	9619599	10250526	11258291	12083146	14088514	15742007	17238630	19481654	22376584	25415558	30295232	33440006	36415553	44931225	58560011	65380526	67667488	71409410	72288600	
.	28	2	3	4	5	6	7	8	9	10	11	12	13	14	15	16	17	18	19	20	21	22	23	24	25	26	27	28	29	30	31	32	33	34	35	36	37	38	39	
.	28	74843	197850	396847	1437284	1746988	2749812	3405703	3867382	4279172	4865781	5424375	6297436	6574763	6959384	7880961	9270188	9685955	10092421	11813926	12968134	14082754	15407523	17433562	18513801	20545885	22991562	26286723	30396925	33270311	35539387	45240806	57277404	60422707	66843739	69398074	70969356	71810215	72288600	
.	29	2	4	5	6	7	8	9	10	11	12	13	14	15	16	17	18	19	20	21	22	23	24	25	26	27	28	29	30	31	32	33	34	35	36	37	38	
.	29	128590	431014	1526788	2104283	2715602	3717706	4099119	4605089	4800638	5394052	6810210	6935592	7524372	7981724	9384870	10574290	11025271	12416647	13558093	14733464	16739286	18031843	19759209	22055696	24549427	27615582	31399996	35246057	39468842	47380334	56752687	63574464	67360815	71132920	72037299	72288600	
.	30	2	3	4	5	6	7	8	9	10	11	12	13	14	15	16	17	18	19	20	21	22	23	24	25	26	27	28	29	30	31	32	33	34	35	36	37	38	
.	30	76946	124219	560883	1589102	2121559	2997759	3531504	4490286	4748249	5046222	5830467	7217026	7605516	7878164	8361654	9564992	11656454	12068621	13300385	14001757	14946041	16820676	18723212	19970471	23844044	26222344	29857987	34070519	38339134	39335601	51170202	62502165	67112074	68836675	69826086	71873130	72288600	
.	31	2	4	5	6	7	8	9	10	11	13	14	15	16	17	18	19	20	21	22	23	24	25	26	27	28	29	30	31	32	33	34	35	36	37	38	
.	31	131080	407552	1521996	2252436	2786878	3785349	4436348	5011539	5563387	7025761	8066230	8516577	8930900	9984649	11378832	12956108	13400572	15159924	16208416	18369256	20664037	22722377	24168125	27180622	29649709	33438781	37642067	42825384	54097123	58231050	65082300	67536318	69807957	71852923	72288600	
.	32	2	4	5	6	7	8	9	10	11	12	13	14	15	16	17	18	19	20	21	22	23	24	25	26	27	28	29	30	31	32	33	34	35	36	37	38	
.	32	126580	438469	1330390	2282639	2784770	3495330	4368973	5314628	5720032	6230965	6840181	8597751	9118343	9349837	10315834	11472366	12191356	14645676	15739850	17343526	19418095	20301050	22644896	25782938	28071988	31070327	33794191	37723578	41456925	49481813	60937956	62899096	68595462	70098984	72103637	72288600	
.	33	4	5	6	7	8	9	10	11	12	13	14	15	16	17	18	19	20	21	22	23	24	25	26	27	28	29	30	31	32	33	34	35	36	37	
.	33	496997	2058320	2561261	3132378	4183253	4927435	5981138	6213317	6899510	7897200	10065640	10172715	11051394	11376991	13255250	15931814	16831120	18095924	20312076	22368032	23850805	26401680	28610278	30061222	36285037	41068413	45981782	50838342	60903354	62555246	64719397	68492993	71405329	72288600	
.	34	2	3	4	5	6	7	8	9	10	11	12	13	14	15	16	17	18	19	20	21	22	23	24	25	26	27	28	29	30	31	32	33	34	35	36	37	38	
.	34	99538	191035	645943	1969667	2716860	3344055	4496680	5068312	6442962	6739227	7462384	8539888	9487790	10906952	11510992	11990462	14110175	14571022	18514965	19417714	20987713	22453892	26135563	28117884	32050418	35333739	37903451	42452961	47495574	50392754	63151043	66552163	68469345	70233297	71448148	72048380	72288600	
.	35	2	4	5	6	7	8	9	10	11	12	13	14	15	16	17	18	19	20	21	22	23	24	25	26	27	28	29	30	31	32	33	34	35	36	37	38	
.	35	156283	706002	2221015	3050757	4066186	4392493	5887608	7153235	7479029	8161861	9437063	10539824	12047584	12636334	13223875	15529314	17281005	20485264	20951676	23816272	25669413	28287196	31142469	34351494	36795463	41200316	44400316	50022072	54962716	62806363	65848851	67654131	69209598	70544903	72074994	72288600	
.	36	2	4	5	6	7	8	9	10	11	12	13	14	15	16	17	18	19	20	21	22	23	24	25	26	27	28	29	30	31	32	33	34	35	36	37	38	
.	36	219508	589028	2703811	3238210	4000110	4710771	6067583	7176309	8078527	8192287	10238204	11391278	13066475	13757840	14804911	16768074	18552649	21982286	22635735	26821499	28432690	30478490	33814451	37382525	39318946	43930080	47298894	50205317	56493441	61107229	66538890	68268796	70051693	71240466	71616221	72288600	
.	37	2	4	5	6	7	8	9	10	11	12	13	14	15	16	17	18	19	20	21	22	23	24	25	26	27	28	29	30	31	32	33	34	35	36	37	
.	37	228692	481404	2995503	3586425	4820060	5208573	6609437	7734161	8738038	9772860	11312385	13544960	14610981	15132695	15782631	18187300	22113702	23779408	25404230	28315007	31335662	35092796	36902748	41011512	45628333	48672120	53595929	56505447	60591386	66845646	67806132	69023895	70894416	71596734	72288600	
.	38	2	3	4	5	6	7	8	9	10	11	12	13	14	15	16	17	18	19	20	21	22	23	24	25	26	27	28	29	30	31	32	33	34	35	36	37	
.	38	134256	249719	537909	2795490	3538919	4792892	5655772	7171336	9147303	9503940	10085314	11042788	12840428	15633025	16599181	17395220	19697750	21886803	26003565	28116423	29089446	32554872	35793908	39536512	44057005	48849583	52171226	54490246	57429316	61290579	64076733	68359366	69728244	70478877	71376681	72288600	
.	39	2	4	5	6	7	8	9	10	11	12	13	14	15	16	17	18	19	20	21	22	23	24	25	26	27	28	29	30	31	32	33	34	35	36	
.	39	186327	604520	2869791	3908165	4971412	6142119	7176771	8686777	10427979	10955326	12165476	13888191	17393336	17838237	19532677	21501373	23230032	27484619	29209085	31080419	35073747	37998307	41583412	45502682	49200795	52903144	57251926	60128836	62640365	66726049	69420492	71070886	71800454	72288600	
.	40	2	4	5	6	7	8	9	10	11	12	13	14	15	16	17	18	19	20	21	22	23	24	25	26	27	28	29	30	31	32	33	34	35	36	37	
.	40	282152	643860	3508613	4018069	5248844	6396619	8309061	10132371	11399124	11842699	13216654	15914144	18070743	19544634	20047011	24755473	27166711	30188369	31445213	34557341	38675820	40459061	46472032	49595961	53060143	55425200	57619575	62472025	67190351	68407441	70293152	71113744	71493199	71984697	72288600	
.	41	2	4	5	6	7	8	9	10	11	12	13	14	15	16	17	18	19	20	21	22	23	24	25	26	27	28	29	30	31	32	33	34	35	36	37	
.	41	199143	707489	3716454	4276483	6019332	6880139	8960719	10947390	12312029	13049814	14549688	15791747	19587360	20718167	22581403	24550599	27741790	31619052	35615281	36523250	41375063	44390640	46034773	53930557	56915281	59471649	61674572	63350103	67649426	69215938	70537999	71164735	71478433	72105025	72288600	
.	42	2	4	5	6	7	8	9	10	11	12	13	14	15	16	17	18	19	20	21	22	23	24	25	26	27	28	29	30	31	32	33	34	35	36	
.	42	69041	781611	3451876	4695673	6167922	8084609	8636193	10858541	13339660	14127705	15419856	17496064	21576065	22338591	23880318	26520587	29882702	34470091	36500829	38037344	42947904	46712003	52307236	55285570	57780024	60214307	63078455	64330652	68615595	70119945	70590872	71474770	71900065	72288600	
.	43	2	4	5	6	7	8	9	10	11	12	13	14	15	16	17	18	19	20	21	22	23	24	25	26	27	28	29	30	31	32	33	34	35	36	37	
.	43	141135	833985	3662824	4990410	6521422	7956203	8570932	10959972	13804133	14327311	15410131	18484277	20447290	24189735	24689528	26778817	28578913	35276418	36851124	37825472	41988159	48262706	51603270	54966947	56597284	59583447	61342808	64504729	68038673	69451564	70209732	70954460	71314087	71745675	72288600	
A	0	2	3	4	5	6	7	8	9	10	11	12	13	14	15	16	17	18	19	20	21	22	23	24	25	26	27	28	29	30	31	32	33	34	35	36	
A	0	6196	25885	58020	117506	159129	244736	284348	320875	362885	435318	487381	493770	522352	581448	642368	696576	783315	910616	979759	1064669	1175821	1312859	1399304	1491134	1691201	1789289	2000677	7430447	10474982	13705239	19384962	21951880	22091647	22127679	22198192	
A	1	2	3	4	5	6	7	8	9	10	11	12	13	14	15	16	17	18	19	20	21	22	23	24	25	26	27	28	29	30	31	32	33	34	35	36	
A	1	6466	23896	56963	126459	178278	275293	319554	358582	406207	493406	554700	561389	593437	657714	733753	798223	896841	1041190	1114119	1212209	1333950	1505986	1612599	1705295	1952547	2062365	2296765	7639438	10689807	13734647	18919366	21268044	21421617	21453208	21540598	
A	2	2	3	4	5	6	7	8	9	10	11	12	13	14	15	16	17	18	19	20	21	22	23	24	25	26	27	28	29	30	31	32	33	34	35	36	
A	2	35098	62674	75825	170198	226959	283429	328700	379797	441898	507436	568564	647616	693569	766010	848302	932149	1030750	1112342	1207108	1272381	1341706	1473695	1537217	1682115	1864151	2015880	2147642	7713580	10179680	13134993	18600040	21252637	21273013	21360457	21393690	
A	3	2	3	4	5	6	7	8	9	10	11	12	13	14	15	16	17	18	19	20	21	22	23	24	25	26	27	28	29	30	31	32	33	35	36	
A	3	17167	29879	56779	150480	241047	273679	335194	398465	447229	504408	553068	604476	683118	722548	805942	848874	897763	991471	1052641	1190556	1328099	1424569	1472784	1526673	1627063	1743244	1824633	4554269	9777561	12672614	18078616	20613893	20682245	20750706	
A	4	2	3	4	5	6	7	8	9	10	11	12	13	14	15	16	17	18	19	20	21	22	23	24	25	26	27	28	29	30	31	33	34	35	36	
A	4	17710	47604	82375	160521	225634	283035	311280	374538	442152	479499	547445	618529	686745	712133	782338	911232	972259	1073729	1129126	1284431	1412339	1414161	1587755	1829810	1955361	2175149	2409658	2696179	7888845	13865913	21011897	21061977	21155164	21205297	
A	5	2	3	4	5	6	7	8	9	10	11	12	13	14	15	16	17	18	19	20	21	22	23	24	25	26	27	28	29	30	31	32	33	34	35	36	37	
A	5	16241	49623	97739	164007	249887	315287	392055	463266	506472	568044	625169	656211	716487	820050	856554	889739	1012572	1165183	1242567	1422646	1464121	1618612	1816537	1945591	2019811	2397843	2787532	2974521	11206691	14518466	14720313	15025689	20873324	21159023	21255062	21322684	
A	6	2	3	4	5	6	7	8	9	10	11	12	13	14	15	16	17	18	19	20	21	22	23	24	25	26	27	28	29	30	31	32	33	34	35	37	
A	6	28917	33507	68967	170418	218240	271449	337099	432761	466789	509473	586604	635907	646955	751805	865872	962507	1052930	1151999	1263037	1376120	1521012	1707333	1901872	2032547	2455681	2575430	2814714	3287449	4051059	12004131	15198973	17495837	19392560	21030206	21095630	
A	7	2	3	4	5	6	7	8	9	10	11	12	13	14	15	16	17	18	19	20	21	22	23	24	25	26	27	28	29	30	31	32	33	34	35	36	37	
A	7	24182	37846	78064	173019	248941	294133	375761	445344	483578	530023	591678	652136	717261	796332	892170	972388	1038703	1141600	1240424	1345553	1504046	1674810	1919752	2009879	2061201	2360196	2626757	2822076	5634972	11143344	14469281	14627514	16893496	20854813	20911180	21027684	
A	8	2	3	4	5	6	7	8	9	10	11	12	13	14	15	16	17	18	19	20	21	22	23	24	25	26	27	28	29	30	31	32	33	34	35	37	
A	8	26790	29424	45538	157535	250421	278220	346495	451939	478167	549756	610050	699937	726437	825033	1018758	1044940	1197987	1262836	1485966	1540729	1697234	1784376	2096019	2251658	2481283	2972865	3246815	3361176	4000964	11853117	15100979	15686109	18575570	20697042	20762317	
A	9	2	3	4	5	6	7	8	9	10	11	12	13	14	15	16	17	18	19	20	21	22	23	24	25	26	27	28	29	30	31	32	33	34	35	36	37	
A	9	14152	16690	92894	142768	246715	288122	352346	458571	511566	566754	602459	662604	759581	801975	975302	1007579	1148980	1222984	1319809	1526770	1659919	1728943	1964865	2134513	2337464	2591986	2701758	3166640	3517557	11445596	14330901	15035781	16680724	20204450	20325861	20963163	
A	10	2	3	4	5	6	7	8	9	10	11	12	13	14	15	16	17	18	19	20	21	22	23	24	25	26	27	28	29	30	31	32	33	34	35	36	37	
A	10	16471	29828	59187	106513	219348	299674	326589	447346	454038	488688	647491	662384	714349	813805	860661	919932	1051445	1173729	1307029	1474663	1592355	1693005	1948988	2056382	2221582	2367715	2805686	3102317	3485130	6685900	9461351	14954340	18004120	20302727	20360426	20822038	
A	11	2	3	4	5	6	7	8	9	10	11	12	13	14	15	16	17	18	19	20	21	22	23	24	25	26	27	28	29	30	31	32	33	34	35	36	37	
A	11	20965	29049	72298	152338	291873	326386	361746	446476	523794	568167	617175	714424	765945	872282	914511	984095	1127626	1310054	1441122	1542237	1658665	1796293	2070925	2307249	2444971	2602265	2886904	3170774	3617498	6626310	11493202	14773837	16156454	18398311	19647798	20829756	
A	12	2	3	4	5	6	7	8	9	10	11	12	13	14	15	16	17	18	19	20	21	22	23	24	25	26	27	28	29	30	31	32	33	34	35	36	37	
A	12	12282	22118	47607	149101	246678	361071	428186	457315	582893	610053	636348	776287	859917	936229	1050347	1112712	1186538	1310088	1550638	1728541	1995506	2178106	2343055	2613037	3004487	3216887	3439611	3725703	4392003	4912541	12754969	15628183	16641828	18746090	20346221	20835090	
A	13	2	3	4	5	6	7	8	9	10	11	12	13	14	15	16	17	18	19	20	21	22	23	24	25	26	27	28	29	30	31	32	33	34	35	36	37	
A	13	26809	34486	74182	169238	212652	341403	409717	499008	601566	651524	716943	828303	861199	993545	1044749	1140676	1221942	1351816	1455797	1737420	1968788	2307053	2625359	2987169	3582769	3891420	4326240	4738441	5487835	5727368	10861315	15636839	17707049	18755373	20386780	20829788	
A	14	2	3	4	5	6	7	8	9	10	11	12	13	14	15	16	17	18	19	20	21	22	23	24	25	26	27	28	29	30	31	32	33	34	35	36	37	38	
A	14	11492	26203	81519	156862	252860	343922	431912	496612	534797	712197	771182	793594	850990	987968	1228168	1271756	1398834	1435930	1737625	2114767	2221588	2502660	2829630	3139876	3592097	3986713	4286955	5116462	6160762	6877732	11885598	14977757	17189705	18724956	19977859	20487217	20793682	
A	15	3	4	5	6	7	8	9	10	11	12	13	14	15	16	17	18	19	20	21	22	23	24	25	26	27	28	29	30	31	32	33	34	35	36	37	38	
A	15	17489	35538	94114	234077	370919	425169	447163	501872	579175	715988	850074	883496	968536	1080128	1239552	1323971	1453486	1622807	1890968	2105516	2600600	2779457	2927618	3434090	3830378	4215221	4497119	5076208	5490256	6087358	14119985	16716637	18616289	19588319	20629776	20734676	
A	16	2	3	4	5	6	7	8	9	10	11	12	13	14	15	16	17	18	19	20	21	22	23	24	25	26	27	28	29	30	31	32	33	34	35	36	37	38	
A	16	3581	9044	37743	86126	257789	280886	484448	497976	537181	671240	735160	840313	942472	998216	1102252	1234471	1431893	1605856	1791295	1859928	2189684	2499452	2886489	3076268	3290153	3694460	3926051	5262960	5937130	6889293	11682312	14550134	17184643	18702453	19072212	20468186	20838449	
A	17	2	4	5	6	7	8	9	10	11	12	13	14	15	16	17	18	19	20	21	22	23	24	25	26	27	28	29	30	31	32	33	34	35	36	37	38	
A	17	5400	28655	155956	267312	344923	507492	567909	613862	634498	827253	939118	1009827	1089051	1332662	1382257	1478822	1743596	1845388	1966539	2168873	2471263	3266779	3543915	3918906	4499214	4968207	6023232	6907724	8758148	11326468	14116276	18336444	19059190	19839918	20426235	20772658	
A	18	2	4	5	6	7	8	9	10	11	12	13	14	15	16	17	18	19	20	21	22	23	24	25	26	27	28	29	30	31	32	33	34	35	36	37	38	
A	18	6992	25184	146727	215441	401972	431759	494895	651527	724972	736218	823161	1084611	1114357	1169057	1288323	1428313	1593302	1941136	2110429	2416506	2670269	2866134	3404389	4060893	4588047	5971494	6200127	6846709	7726285	9742678	14227344	16328070	19253794	19852107	20632209	20787775	
A	19	2	3	4	5	6	7	8	9	10	11	12	13	14	15	16	17	18	19	20	21	22	23	24	25	26	27	28	29	30	31	32	33	34	35	36	37	38	
A	19	6325	19235	38624	130343	209818	426004	444630	490643	699522	744174	806089	827615	1181568	1236641	1280092	1542801	1659020	1829991	2025332	2325673	2585818	2971472	3620358	3664122	4261090	5032440	5796502	6641164	7670072	9028538	9577019	13276932	16062731	18742192	19558238	20428879	20749301	
A	20	4	5	6	7	8	9	10	11	12	13	14	15	17	18	19	20	21	22	23	24	25	26	27	28	29	30	31	32	33	34	35	36	37	38	
A	20	20014	81965	222839	292154	462433	580390	784047	798202	826944	962908	1204033	1325019	1566816	1694521	1994579	2099412	2324966	2556797	3038167	3383373	3750699	4071882	5083743	5331636	5875869	6884170	8688892	9686824	12287598	17388832	18443187	19781448	20607966	20784243	
A	21	2	3	4	5	6	7	8	9	10	11	12	13	14	15	16	17	18	19	20	21	22	23	24	25	26	27	28	29	30	31	32	33	34	35	36	37	38	
A	21	611	2619	30142	120681	205369	379070	503995	548989	736185	864498	897606	948590	1242011	1295148	1453458	1492953	1864846	1943030	2066755	2347788	2614351	2845738	3159526	3765898	4274537	4783281	5536047	6187660	7130838	8275341	11015194	14353662	17561482	18962420	19933884	20591447	20790530	
A	22	2	4	5	6	7	8	9	10	11	12	13	14	15	16	18	19	20	21	22	23	24	25	26	27	28	29	30	31	32	33	34	35	36	37	38	
A	22	616	28890	151161	224968	347848	561058	613087	730005	932944	1010815	1055698	1112540	1498970	1652594	1877489	2146505	2288580	2825700	2964808	3162003	3643049	3924903	4614121	5190394	5647042	6508667	7989991	8565646	10065624	14336177	17981385	19155389	20179626	20558653	20788981	
A	23	2	4	5	6	7	8	9	10	11	12	13	14	15	16	17	18	19	20	21	22	23	24	25	26	27	28	29	30	31	32	33	34	35	36	37	38	
A	23	5720	36432	96420	255455	367652	546208	620981	690908	872052	1037106	1124291	1191127	1263579	1554851	1810899	1898652	2126986	2182487	2604802	2830775	3154341	3720665	4315403	4917376	5882839	6573896	7575557	8625913	9366269	10940542	14703075	17881069	18708014	19602953	20045390	20748236	
A	24	2	4	5	6	7	8	9	10	11	12	13	14	16	17	18	19	20	21	22	23	24	25	26	27	28	29	30	31	32	33	34	35	36	37	38	
A	24	6949	25550	131696	251943	385893	506456	712729	722518	829494	1137033	1238008	1354150	1616857	1895865	2129563	2356707	2599484	2900421	3197099	3690424	4154607	4746725	5705342	6022991	6569935	7691243	8789820	9946854	11161767	14467473	17289490	18637452	19686402	20441121	20784717	
A	25	2	4	5	6	7	8	9	10	11	12	13	14	15	16	17	18	19	20	21	22	23	24	25	26	27	28	29	30	31	32	33	34	35	36	37	38	
A	25	1725	37202	175820	301293	440351	643591	726667	813769	954167	1266754	1299877	1380102	1522593	1675279	2015874	2240777	2346547	2677250	3034377	3417600	3965847	4327386	4730126	5290353	5833972	6514865	7172290	8635766	10389450	13249038	14626966	18196444	19739388	20203147	20710158	20750937	
A	26	2	4	5	6	7	8	9	10	11	12	13	14	15	16	17	18	19	20	21	22	23	24	25	26	27	28	29	30	31	32	33	34	35	36	37	38	
A	26	1043	31009	131718	317576	449134	609120	816662	894845	1033336	1099623	1379682	1486662	1593790	1774363	2429682	2450727	2652507	3023462	3377603	4040165	4389756	4753891	5586807	6174757	6852271	7305209	8253959	9452293	10539737	12620226	15517323	17699640	19089216	20277078	20590605	20704365	
A	27	3	4	5	6	7	8	9	10	11	12	13	14	15	16	17	18	19	20	21	22	23	24	25	26	27	28	29	30	31	32	33	34	35	36	37	38	
A	27	1198	42822	136260	341545	489243	653058	877919	917139	1040550	1327063	1538984	1596878	1728473	2069262	2195080	2688274	2902978	3097404	3336205	3754395	4117640	4942489	5604206	6192123	7085440	8194763	9316730	10990356	12034714	12795475	14709461	17909668	19157516	19618668	20484511	20709421	
A	28	2	3	4	5	6	7	8	9	10	11	12	13	14	15	16	17	18	19	20	21	22	23	24	25	26	27	28	29	30	31	32	33	34	35	36	37	38	39	
A	28	8649	21326	73456	302752	372722	663833	862375	1002674	1135734	1317856	1495830	1789711	1886948	2044550	2356524	2867020	3037180	3197516	3852508	4296507	4728905	5261181	6063922	6477476	7268830	8163521	9384026	10838799	11805161	12393771	14790144	17701048	18403214	19627477	20170139	20417095	20604295	20676609	
A	29	2	4	5	6	7	8	9	10	11	12	13	14	15	16	17	18	19	20	21	22	23	24	25	26	27	28	29	30	31	32	33	34	35	36	37	38	
A	29	21812	82354	338309	483460	664274	968779	1088762	1253987	1325479	1517684	1987950	2042083	2280639	2453175	2950054	3422275	3605324	4107283	4580232	5051576	5844442	6359927	7012076	7891487	8826968	9937952	11166786	12474804	13785269	15509183	17554336	19061090	19759281	20467102	20579057	20620939	
A	30	2	3	4	5	6	7	8	9	10	11	12	13	14	15	16	17	18	19	20	21	22	23	24	25	26	27	28	29	30	31	32	33	34	35	36	37	38	
A	30	1947	3111	73135	327181	460652	729752	899359	1206704	1296447	1397097	1662871	2155483	2304989	2410873	2616940	3062949	3895536	4068846	4535135	4804250	5186925	5946977	6696146	7146402	8654209	9455202	10706377	12091544	13529285	13700706	16273271	18614330	19851327	20122347	20199124	20524457	20600141	
A	31	2	4	5	6	7	8	9	10	11	13	14	15	16	17	18	19	20	21	22	23	24	25	26	27	28	29	30	31	32	33	34	35	36	37	38	
A	31	3904	76974	334623	528178	687621	1002702	1205342	1397493	1589023	2069344	2438509	2616355	2792245	3166097	3698323	4307481	4436239	5127522	5545828	6376805	7252723	8022936	8558739	9641594	10491752	11743794	13181225	14658417	17111269	17900231	19356626	19817602	20208131	20498812	20588811	
A	32	2	4	5	6	7	8	9	10	11	12	13	14	15	16	17	18	19	20	21	22	23	24	25	26	27	28	29	30	31	32	33	34	35	36	37	38	
A	32	13983	83990	274448	506744	649423	870286	1140324	1439552	1578902	1753381	1940483	2539005	2738412	2818899	3213479	3613274	3894273	4760729	5185712	5783594	6560713	6891341	7752927	8876758	9670283	10682316	11580934	12862835	14011999	15691989	18515862	18854356	19935567	20196721	20578391	20622008	
A	33	4	5	6	7	8	9	10	11	12	13	14	15	16	17	18	19	20	21	22	23	24	25	26	27	28	29	30	31	32	33	34	35	36	37	
A	33	97459	460370	581919	744530	1079396	1300324	1640708	1719339	1951730	2278535	3025647	3062262	3401165	3529772	4201912	5191571	5478422	5941820	6765746	7525444	8039974	8964190	9736311	10231090	12276794	13837706	15300848	16246849	18611791	18922054	19308570	19958259	20414949	20547205	
A	34	2	3	4	5	6	7	8	9	10	11	12	13	14	15	16	17	18	19	20	21	22	23	24	25	26	27	28	29	30	31	32	33	34	35	36	37	38	
A	34	16174	20080	143292	463749	669057	853732	1235679	1410962	1860867	1968484	2224311	2592801	2917539	3431835	3678487	3854860	4644817	4814950	6246046	6580797	7166820	7706905	9034698	9751788	11153114	12176627	13021904	14440234	15849677	16585245	19087011	19622358	19884530	20190623	20385238	20466803	20507221	
A	35	2	4	5	6	7	8	9	10	11	12	13	14	15	16	17	18	19	20	21	22	23	24	25	26	27	28	29	30	31	32	33	34	35	36	37	38	
A	35	19985	159978	492812	739557	1048077	1164173	1628867	2054933	2170731	2405037	2833976	3209917	3755549	3963241	4198858	5028913	5679812	6815285	6982745	8023428	8694178	9632137	10640771	11707164	12489902	13913541	14866744	16384121	17243276	18763707	19334889	19667875	19903686	20096901	20341195	20380821	
A	36	2	4	5	6	7	8	9	10	11	12	13	14	15	16	17	18	19	20	21	22	23	24	25	26	27	28	29	30	31	32	33	34	35	36	37	38	
A	36	25244	126670	680409	843164	1067078	1309395	1750559	2130085	2422961	2458406	3176262	3586402	4174464	4446070	4823826	5547201	6200432	7398419	7635743	9139332	9710662	10418879	11556809	12732719	13352350	14710155	15692000	16413872	17721444	18642235	19553360	19814947	20046709	20213277	20253061	20407587	
A	37	2	4	5	6	7	8	9	10	11	12	13	14	15	16	17	18	19	20	21	22	23	24	25	26	27	28	29	30	31	32	33	34	35	36	37	
A	37	28964	97934	753078	929978	1314721	1445060	1893474	2264202	2604205	2962853	3477917	4245375	4628740	4835168	5067484	5919907	7343393	7876998	8450492	9493045	10533058	11813077	12370988	13699008	15089692	15900554	17252090	17804210	18428526	19537581	19644373	19847915	20116375	20180437	20318278	
A	38	2	3	4	5	6	7	8	9	10	11	12	13	14	15	16	17	18	19	20	21	22	23	24	25	26	27	28	29	30	31	32	33	34	35	36	37	
A	38	25368	32751	111314	731782	937407	1308826	1612880	2100236	2764110	2887611	3089518	3425757	4021543	5005016	5361000	5646082	6464670	7249759	8651464	9392439	9707920	10929211	11989534	13187883	14618656	15968305	16722136	17306314	17897792	18443452	18951170	19668941	19861702	19943830	20054581	20228989	
A	39	2	4	5	6	7	8	9	10	11	12	13	14	15	16	17	18	19	20	21	22	23	24	25	26	27	28	29	30	31	32	33	34	35	36	
A	39	13391	128238	754715	1052898	1380684	1772136	2106256	2601470	3199108	3401860	3805456	4393823	5620670	5774676	6374629	7073177	7674632	9110777	9700710	10322960	11646038	12573667	13723950	14925708	15998299	16865601	17837280	18231253	18669811	19322356	19810681	20016250	20127940	20168254	
A	40	2	4	5	6	7	8	9	10	11	12	13	14	15	16	17	18	19	20	21	22	23	24	25	26	27	28	29	30	31	32	33	34	35	36	37	
A	40	42523	143781	910420	1046356	1435842	1801797	2440302	3049987	3483757	3641398	4116724	5028650	5773124	6299193	6476975	8129542	8977745	9934717	10358295	11387147	12765602	13310965	15163674	16020660	16867754	17415690	17946382	18707735	19417817	19588729	19882347	19978626	20030886	20071896	20112129	
A	41	2	4	5	6	7	8	9	10	11	12	13	14	15	16	17	18	19	20	21	22	23	24	25	26	27	28	29	30	31	32	33	34	35	36	37	
A	41	18146	162426	1013025	1163083	1700618	1987244	2683837	3345483	3814491	4068389	4583840	4990984	6297099	6695710	7339694	8029243	9112596	10372580	11676524	11951664	13546467	14435203	14902099	17030490	17692718	18191425	18456006	18714380	19375955	19596212	19803680	19897495	19932671	19993335	20019977	
A	42	2	4	5	6	7	8	9	10	11	12	13	14	15	16	17	18	19	20	21	22	23	24	25	26	27	28	29	30	31	32	33	34	35	36	
A	42	6648	184582	906922	1278787	1749653	2385917	2578469	3290744	4157127	4427301	4866652	5569178	6966908	7229071	7760818	8670800	9817389	11275179	11937926	12387303	13943200	15067592	16502948	17217580	17821291	18266444	18608278	18815378	19446779	19640824	19703976	19799635	19839805	19893721	
A	43	2	4	5	6	7	8	9	10	11	12	13	14	15	16	17	18	19	20	21	22	23	24	25	26	27	28	29	30	31	32	33	34	35	36	37	
A	43	38255	196429	978337	1385605	1880512	2355273	2579027	3368927	4357015	4539475	4913928	5953660	6626534	7896879	8068989	8797776	9393886	11579590	12095832	12388790	13660213	15438339	16344884	17119372	17509632	18129111	18370636	18849853	19371297	19539377	19627499	19722790	19746713	19813001	19875565	
T	0	2	3	4	5	6	7	8	9	10	11	12	13	14	15	16	17	18	19	20	21	22	23	24	25	26	27	28	29	30	31	32	33	34	35	36	
T	0	10322	29021	53155	107110	141914	214961	247118	274886	305157	355367	394601	401208	422245	459358	496134	529060	573130	632590	668118	708787	752627	806477	843179	873721	946758	980410	1048575	6562821	9464937	12463559	18557048	21214059	21258494	21269537	21298980	
T	1	2	3	4	5	6	7	8	9	10	11	12	13	14	15	16	17	18	19	20	21	22	23	24	25	26	27	28	29	30	31	32	33	34	35	36	
T	1	10836	29283	61771	130699	181674	276623	317572	353539	395943	467529	524266	531103	557652	608491	661168	708057	771748	865034	912897	972373	1036101	1120034	1176488	1220114	1328114	1376778	1476078	6561667	9273548	12170471	17858713	20336439	20398487	20412999	20453263	
T	2	2	3	4	5	6	7	8	9	10	11	12	13	14	15	16	17	18	19	20	21	22	23	24	25	26	27	28	29	30	31	32	33	34	35	36	
T	2	37145	57229	70158	171189	224744	280699	326222	376351	443518	506567	565935	637767	680656	741700	807038	870231	942796	1002913	1064717	1107518	1151639	1231968	1265908	1340814	1438885	1518663	1582751	7008365	9443431	12365045	18144668	21126116	21140607	21192476	21210878	
T	3	2	3	4	5	6	7	8	9	10	11	12	13	14	15	16	17	18	19	20	21	22	23	24	25	26	27	28	29	30	31	32	33	35	36	
T	3	16822	34085	60398	159652	256682	290928	355253	423266	473968	532445	586050	637390	717093	756132	834217	872143	912349	980003	1032706	1138739	1248517	1317264	1353112	1393917	1464878	1547005	1597958	4379578	9495127	12367479	18233410	20931434	20979941	21014997	
T	4	2	3	4	5	6	7	8	9	10	11	12	13	14	15	16	17	18	19	20	21	22	23	24	25	26	27	28	29	30	31	33	34	35	36	
T	4	20374	54847	92863	176057	245021	304708	331269	397827	468142	508008	578576	647014	710273	731726	796313	905721	957394	1031121	1070989	1175740	1266145	1268460	1383928	1532587	1606942	1736634	1884456	2053949	7247029	12860298	20956208	20980136	21038259	21063068	
T	5	2	3	4	5	6	7	8	9	10	11	12	13	14	15	16	17	18	19	20	21	22	23	24	25	26	27	28	29	30	31	32	33	34	35	36	37	
T	5	18006	46659	82943	138738	220092	273761	343564	409760	449103	501305	550478	576891	632418	713332	739744	766896	857134	961208	1012382	1115304	1142762	1234538	1330467	1391036	1426017	1579486	1753754	1844817	9424012	12319109	12424522	12559332	19953625	20055286	20098397	20127388	
T	6	2	3	4	5	6	7	8	9	10	11	12	13	14	15	16	17	18	19	20	21	22	23	24	25	26	27	28	29	30	31	32	33	34	35	37	
T	6	30849	34614	68852	163925	214025	266668	329410	417051	445654	486270	559053	600132	610100	693074	784686	855854	919514	990572	1064101	1128639	1202277	1305998	1406666	1472777	1670141	1736067	1851480	2083085	2431316	10223312	13255006	15975778	18293027	20851180	20885588	
T	7	2	3	4	5	6	7	8	9	10	11	12	13	14	15	16	17	18	19	20	21	22	23	24	25	26	27	28	29	30	31	32	33	34	35	36	37	
T	7	18584	32433	68327	161806	226912	273020	347285	407643	441266	481632	534074	582293	637345	692083	765782	819597	862577	923305	986737	1050654	1134320	1219311	1334681	1383467	1402544	1541061	1652061	1731512	4430992	9700279	12824832	12887321	15461111	20852757	20878199	20934875	
T	8	2	3	4	5	6	7	8	9	10	11	12	13	14	15	16	17	18	19	20	21	22	23	24	25	26	27	28	29	30	31	32	33	34	35	37	
T	8	21221	26560	42456	141195	233616	261144	321261	419371	443739	508014	558857	632622	652313	728640	865398	881882	973283	1013467	1136131	1166611	1247301	1290322	1438534	1523861	1645449	1888895	2002341	2076234	2349723	10203309	13338625	13639771	18111966	20978717	21014319	
T	9	2	3	4	5	6	7	8	9	10	11	12	13	14	15	16	17	18	19	20	21	22	23	24	25	26	27	28	29	30	31	32	33	34	35	36	37	
T	9	14151	17199	90657	137521	232397	272880	331156	422352	467409	511666	537551	586010	658726	689552	805025	824577	912678	948516	1003755	1112350	1176900	1208904	1316432	1392979	1490817	1606548	1662672	1878041	2019218	9695055	12571579	12905371	15351384	20276083	20326501	20652035	
T	10	2	3	4	5	6	7	8	9	10	11	12	13	14	15	16	17	18	19	20	21	22	23	24	25	26	27	28	29	30	31	32	33	34	35	36	37	
T	10	21579	38036	66092	113889	227797	308996	332692	448640	454701	480945	613058	624362	663714	737054	771750	808062	890990	966685	1044279	1140149	1198858	1251096	1362139	1406245	1479506	1552211	1750618	1904052	2067361	4992843	7702191	13069889	17629067	20504020	20528349	20760723	
T	11	2	3	4	5	6	7	8	9	10	11	12	13	14	15	16	17	18	19	20	21	22	23	24	25	26	27	28	29	30	31	32	33	34	35	36	37	
T	11	30372	44875	86011	162526	310511	345147	375907	455913	527053	564434	608568	686609	725686	803116	836998	883115	981922	1092175	1167494	1224051	1285045	1349744	1477228	1600928	1661497	1733209	1862108	2000583	2221591	5081464	9959927	13100482	15126400	17848648	20190800	20832747	
T	12	2	3	4	5	6	7	8	9	10	11	12	13	14	15	16	17	18	19	20	21	22	23	24	25	26	27	28	29	30	31	32	33	34	35	36	37	
T	12	15441	28436	52415	148350	241045	350810	413913	437361	541610	562121	581282	685821	747024	801649	879700	918574	956286	1031319	1149085	1243969	1380180	1470368	1538638	1647095	1809835	1911623	1995416	2109518	2417989	2657181	10573234	13627807	14200956	18216367	20548481	20860929	
T	13	2	3	4	5	6	7	8	9	10	11	12	13	14	15	16	17	18	19	20	21	22	23	24	25	26	27	28	29	30	31	32	33	34	35	36	37	
T	13	25094	35130	81113	166286	212196	333095	392293	466016	552105	588026	637301	713612	735710	823966	853525	908020	952481	1024087	1074298	1219408	1313859	1452334	1565083	1703661	1957905	2090962	2245323	2444141	2847280	2982405	8366031	13617135	15958007	17926239	20500722	20864520	
T	14	2	3	4	5	6	7	8	9	10	11	12	13	14	15	16	17	18	19	20	21	22	23	24	25	26	27	28	29	30	31	32	33	34	35	36	37	38	
T	14	16104	28499	88214	153000	241891	320573	397975	445907	472397	612995	651657	665435	705182	786024	929752	945877	1009822	1025582	1152559	1331633	1372993	1492339	1620913	1725547	1901755	2049024	2150956	2523968	3053375	3485219	8716886	11716446	14536015	17844404	20183455	20701112	20875117	
T	15	3	4	5	6	7	8	9	10	11	12	13	14	15	16	17	18	19	20	21	22	23	24	25	26	27	28	29	30	31	32	33	34	35	36	37	38	
T	15	19346	44030	100328	234568	365007	415781	434121	474996	534002	646139	733466	753986	808746	873315	964377	1007464	1068124	1151465	1272596	1350862	1555261	1619813	1682445	1875041	2023732	2157671	2253365	2475526	2656839	2984207	11097401	14187436	17959926	18700707	20989125	21045893	
T	16	2	3	4	5	6	7	8	9	10	11	12	13	14	15	16	17	18	19	20	21	22	23	24	25	26	27	28	29	30	31	32	33	34	35	36	37	38	
T	16	6111	14615	38486	83083	239846	261053	444776	455631	485697	591084	635834	714115	780463	818682	877965	957608	1057574	1147226	1220621	1246287	1400621	1511999	1665124	1739481	1813859	1969411	2048318	2522401	2831413	3328838	8665167	11394501	15563219	16625314	17028824	19403750	21002400	
T	17	2	4	5	6	7	8	9	10	11	12	13	14	15	16	17	18	19	20	21	22	23	24	25	26	27	28	29	30	31	32	33	34	35	36	37	38	
T	17	8556	30125	148242	250310	315963	451326	504935	535595	550272	690441	763262	799555	838633	968583	993410	1040633	1151479	1196885	1248276	1324792	1448598	1740417	1825622	1951360	2125863	2336912	2693962	3077072	3936146	6857692	9917892	15211714	17108749	19065097	19829936	20978470	
T	18	2	4	5	6	7	8	9	10	11	12	13	14	15	16	17	18	19	20	21	22	23	24	25	26	27	28	29	30	31	32	33	34	35	36	37	38	
T	18	10724	23664	130737	199273	353559	376676	433090	558758	608775	616539	674411	850951	867960	892045	955852	1023402	1105497	1263834	1322345	1457978	1551772	1614682	1786282	2010484	2182721	2656694	2735712	2958366	3590555	4719546	10016675	13150569	16431938	18780585	20889512	20956116	
T	19	2	3	4	5	6	7	8	9	10	11	12	13	14	15	16	17	18	19	20	21	22	23	24	25	26	27	28	29	30	31	32	33	34	35	36	37	38	
T	19	9783	33103	47726	127827	195713	374962	388295	422192	594080	622300	658075	671893	894076	922935	941375	1065168	1123513	1182756	1266421	1399534	1486103	1615479	1839789	1854672	2050842	2316584	2558313	2879803	3230444	3966661	4434926	9565503	13042051	16258310	18055316	19373878	20978225	
T	20	4	5	6	7	8	9	10	11	12	13	14	15	17	18	19	20	21	22	23	24	25	26	27	28	29	30	31	32	33	34	35	36	37	38	
T	20	16502	73133	204623	272010	410440	503593	666488	675505	693706	777701	932059	993946	1112434	1174861	1302785	1347028	1419178	1523158	1699861	1817298	1950188	2050654	2408329	2489966	2735240	3069570	3814766	4344935	7464227	14922756	16508163	18725399	20744545	21002023	
T	21	2	3	4	5	6	7	8	9	10	11	12	13	14	15	16	17	18	19	20	21	22	23	24	25	26	27	28	29	30	31	32	33	34	35	36	37	38	
T	21	963	4019	30712	114034	198272	346085	451045	484617	632208	734084	753280	786063	965760	992901	1090947	1106524	1291078	1319906	1374733	1506915	1587797	1680288	1789925	1994726	2173956	2351997	2646989	2877301	3291852	3783491	6817314	10155671	14460094	17756332	19673118	20791849	20979936	
T	22	2	4	5	6	7	8	9	10	11	12	13	14	15	16	18	19	20	21	22	23	24	25	26	27	28	29	30	31	32	33	34	35	36	37	38	
T	22	993	27819	133697	214705	318368	492928	529988	614397	774212	820733	846345	874142	1080544	1176007	1258053	1374190	1431160	1650341	1700508	1774979	1940615	2030980	2268154	2478166	2650142	2960153	3672900	3960544	4849959	10473249	15600291	16862852	19347601	20745043	21070502	
T	23	2	4	5	6	7	8	9	10	11	12	13	14	15	16	17	18	19	20	21	22	23	24	25	26	27	28	29	30	31	32	33	34	35	36	37	38	
T	23	7774	37254	99211	236858	331118	482851	541697	591931	732405	854624	903246	935806	964507	1137020	1268782	1310199	1401000	1437056	1614551	1692296	1812922	2035199	2241242	2454665	2841879	3076013	3513761	4009828	4414930	5357152	10702270	15844052	17228142	19065459	19966085	21032730	
T	24	2	4	5	6	7	8	9	10	11	12	13	14	16	17	18	19	20	21	22	23	24	25	26	27	28	29	30	31	32	33	34	35	36	37	38	
T	24	9377	29553	129604	235588	352075	445851	608836	615778	681783	914238	968211	1024121	1148840	1297861	1412665	1496191	1598433	1717279	1834074	2012749	2179818	2373936	2746828	2890268	3127187	3572269	4038166	4764659	5577430	10695896	14103475	17171464	18725126	20682198	21113091	
T	25	2	4	5	6	7	8	9	10	11	12	13	14	15	16	17	18	19	20	21	22	23	24	25	26	27	28	29	30	31	32	33	34	35	36	37	38	
T	25	2687	37963	176857	284017	403374	564548	637992	696535	791671	1009207	1022276	1065176	1121678	1202130	1366065	1483466	1520483	1668349	1817077	1942597	2137094	2264346	2406341	2606588	2807694	3091705	3381848	4141745	4997992	8439940	9594144	15287389	18512726	19715568	21112261	21208001	
T	26	2	4	5	6	7	8	9	10	11	12	13	14	15	16	17	18	19	20	21	22	23	24	25	26	27	28	29	30	31	32	33	34	35	36	37	38	
T	26	1456	28635	136560	298162	410704	533021	702214	749494	843791	879195	1079541	1131252	1178083	1243878	1584965	1593662	1660251	1815873	1963162	2187960	2330119	2450897	2749693	2972085	3272597	3495782	3935382	4426925	5229466	8040351	11739836	15476452	18629323	20488958	20998206	21173297	
T	27	3	4	5	6	7	8	9	10	11	12	13	14	15	16	17	18	19	20	21	22	23	24	25	26	27	28	29	30	31	32	33	34	35	36	37	38	
T	27	1682	44575	141332	324942	450561	583818	769281	792796	866374	1059769	1196565	1228029	1285334	1429421	1477349	1729889	1799511	1895910	1988017	2139875	2253765	2567254	2816429	3038132	3387645	3868006	4397590	5454447	6171112	7155149	10237194	15425815	18510302	19550091	21046763	21340960	
T	28	2	3	4	5	6	7	8	9	10	11	12	13	14	15	16	17	18	19	20	21	22	23	24	25	26	27	28	29	30	31	32	33	34	35	36	37	38	39	
T	28	10187	25266	79863	298632	363557	613994	767166	877429	957277	1067117	1192971	1359969	1406816	1461281	1605218	1854166	1913968	1970594	2247515	2406091	2564369	2749646	3045211	3188158	3521666	3904814	4428940	5247471	5861683	6582416	9875605	14541600	15870206	18875678	20011972	20849692	21212646	21497837	
T	29	2	4	5	6	7	8	9	10	11	12	13	14	15	16	17	18	19	20	21	22	23	24	25	26	27	28	29	30	31	32	33	34	35	36	37	38	
T	29	24855	89522	326142	454803	605274	842877	935164	1032955	1067475	1176793	1467932	1486150	1574212	1646040	1873284	2076292	2139437	2360090	2532490	2703702	3000269	3188790	3450500	3810020	4243489	4777718	5637420	6421299	7477560	10399519	14372004	17275967	19107563	20885887	21398596	21509434	
T	30	2	3	4	5	6	7	8	9	10	11	12	13	14	15	16	17	18	19	20	21	22	23	24	25	26	27	28	29	30	31	32	33	34	35	36	37	38	
T	30	2353	4263	76367	308704	423526	638487	755480	987751	1036410	1093696	1237626	1521565	1583198	1628812	1695734	1882407	2240541	2301052	2504491	2603353	2757391	3041769	3338836	3563770	4178237	4660777	5371370	6349477	7298181	7747644	12307958	17136398	18639811	19584906	20271957	21298216	21466927	
T	31	2	4	5	6	7	8	9	10	11	13	14	15	16	17	18	19	20	21	22	23	24	25	26	27	28	29	30	31	32	33	34	35	36	37	38	
T	31	5018	77641	312958	476925	610425	838126	994433	1122025	1222275	1513323	1706772	1776684	1833120	1988359	2230025	2479935	2576747	2818874	2976287	3320706	3684374	3992122	4220802	4765399	5290092	6094361	6954732	8395362	12883990	14850441	17885233	19061868	20200186	21315870	21506172	
T	32	2	4	5	6	7	8	9	10	11	12	13	14	15	16	17	18	19	20	21	22	23	24	25	26	27	28	29	30	31	32	33	34	35	36	37	38	
T	32	14918	84298	266613	462546	585835	760914	949640	1178257	1251527	1342892	1452955	1802889	1881371	1918992	2053643	2227059	2330523	2781054	2949764	3177146	3522030	3653800	4027166	4555121	4987111	5584656	6164053	7133317	8087558	11287785	15896767	16903105	19717303	20510021	21481879	21545371	
T	33	4	5	6	7	8	9	10	11	12	13	14	15	16	17	18	19	20	21	22	23	24	25	26	27	28	29	30	31	32	33	34	35	36	37	
T	33	102929	431899	539766	681996	925288	1090643	1340885	1380608	1498668	1666175	2073147	2088486	2212419	2255613	2516732	2958186	3132250	3304258	3638990	3963063	4199513	4606302	5009396	5297998	6682157	7754620	9117575	11279175	15568412	16410017	17496282	19594175	21280718	21788782	
T	34	2	3	4	5	6	7	8	9	10	11	12	13	14	15	16	17	18	19	20	21	22	23	24	25	26	27	28	29	30	31	32	33	34	35	36	37	38	
T	34	17396	21579	142141	425015	595152	747687	1010676	1137722	1453627	1504403	1624613	1803103	1997468	2244233	2330742	2399011	2698403	2766104	3449335	3597597	3810095	4045649	4679209	4993253	5717925	6452467	7045012	8234006	9710543	10777108	16737462	18640996	19798114	20707196	21332432	21673458	21816694	
T	35	2	4	5	6	7	8	9	10	11	12	13	14	15	16	17	18	19	20	21	22	23	24	25	26	27	28	29	30	31	32	33	34	35	36	37	38	
T	35	21601	160010	467936	665633	918457	999224	1311805	1598083	1653817	1764864	1970911	2177425	2431730	2516363	2594766	2912298	3196130	3732472	3810798	4239867	4528405	4965745	5434178	6068220	6597676	7623329	8540664	10385531	12797431	16893334	18525341	19400414	20289731	21112022	21957165	22078082	
T	36	2	4	5	6	7	8	9	10	11	12	13	14	15	16	17	18	19	20	21	22	23	24	25	26	27	28	29	30	31	32	33	34	35	36	37	38	
T	36	28124	133055	617146	745962	930941	1109380	1388538	1616470	1816805	1835199	2164151	2387287	2670438	2768067	2917513	3189215	3491397	4082321	4185645	4852538	5124452	5492319	6131295	6872122	7297648	8623644	9571716	10597059	13318229	15667091	18799837	19803213	20923813	21645820	21897066	22140112	
T	37	2	4	5	6	7	8	9	10	11	12	13	14	15	16	17	18	19	20	21	22	23	24	25	26	27	28	29	30	31	32	33	34	35	36	37	
T	37	31751	101547	687187	830628	1132580	1231069	1516694	1757274	1970781	2136410	2378730	2807494	2961108	3033427	3120948	3465550	4106379	4434014	4690500	5157168	5712003	6422428	6839491	7766258	9100369	10128313	11710054	13103731	15340150	18946491	19599326	20276547	21456830	21974524	22315483	
T	38	2	3	4	5	6	7	8	9	10	11	12	13	14	15	16	17	18	19	20	21	22	23	24	25	26	27	28	29	30	31	32	33	34	35	36	37	
T	38	28577	37146	117284	660802	836547	1134348	1347589	1651916	2076484	2134722	2226912	2372842	2654483	3150978	3290363	3413337	3733627	4092082	4820745	5151694	5350903	5941184	6599095	7424092	8565999	9948814	11310593	12203009	13659623	15950346	17554491	20104190	20964765	21492345	22082838	22516537	
T	39	2	4	5	6	7	8	9	10	11	12	13	14	15	16	17	18	19	20	21	22	23	24	25	26	27	28	29	30	31	32	33	34	35	36	
T	39	16707	135576	693696	919230	1181507	1461475	1654729	1946876	2323377	2399399	2591559	2856878	3479928	3547553	3805380	4080232	4363233	5175081	5474866	5824173	6618560	7247209	8056939	9059701	10162724	11730029	13543539	15252910	16566164	19046325	20596021	21729860	22180937	22549917	
T	40	2	4	5	6	7	8	9	10	11	12	13	14	15	16	17	18	19	20	21	22	23	24	25	26	27	28	29	30	31	32	33	34	35	36	37	
T	40	47894	149829	783966	926950	1222711	1488958	1888948	2252629	2514590	2582590	2794340	3254825	3643165	3862052	3938575	4678550	5095750	5718652	5951478	6546955	7390055	7809994	9313353	10356953	11682639	12678278	13545533	16481547	19354792	20127335	21287161	21826279	22066430	22439152	22626904	
T	41	2	4	5	6	7	8	9	10	11	12	13	14	15	16	17	18	19	20	21	22	23	24	25	26	27	28	29	30	31	32	33	34	35	36	37	
T	41	21883	165587	869162	1025407	1439803	1638197	2068998	2463020	2741228	2857694	3084678	3284161	3959151	4133066	4427692	4725762	5290127	6078971	6865941	7076951	8121810	8902886	9477665	12084580	13411517	14687877	16097182	17103751	19888960	20915985	21700898	22082002	22305842	22772717	22888836	
T	42	2	4	5	6	7	8	9	10	11	12	13	14	15	16	17	18	19	20	21	22	23	24	25	26	27	28	29	30	31	32	33	34	35	36	
T	42	9767	189574	805103	1121702	1472127	1917614	2015540	2445164	2953619	3080426	3279303	3602440	4355274	4473048	4717546	5149392	5754625	6718109	7138792	7521951	8683804	9744139	11718674	12799370	13778275	15144314	17040666	17754177	20591481	21602147	21913508	22552145	22874235	23125179	
T	43	2	4	5	6	7	8	9	10	11	12	13	14	15	16	17	18	19	20	21	22	23	24	25	26	27	28	29	30	31	32	33	34	35	36	37	
T	43	41876	201622	845988	1180470	1535113	1854598	2000751	2446267	3024589	3106039	3273837	3755993	4091530	4788716	4861294	5195918	5520506	6905988	7198921	7434923	8461905	10441938	11441177	12783736	13448239	14810502	15921915	17795582	20138428	21141262	21674037	22176581	22469758	22740143	23124824	
G	0	2	3	4	5	6	7	8	9	10	11	12	13	14	15	16	17	18	19	20	21	22	23	24	25	26	27	28	29	30	31	32	33	34	35	36	
G	0	4362	16103	36255	74207	104229	163725	187135	207198	231546	274191	304657	308622	323716	348765	376917	401351	433064	481207	506232	534218	564969	610767	640543	660701	720741	746178	798867	3825524	5832266	7821285	12042846	14147803	14184397	14190370	14212138	
G	1	2	3	4	5	6	7	8	9	10	11	12	13	14	15	16	17	18	19	20	21	22	23	24	25	26	27	28	29	30	31	32	33	34	35	36	
G	1	4548	16664	38089	79897	112260	175688	201868	224957	252314	298226	331920	336794	353697	382245	412654	439398	474067	524428	548559	578863	611206	658252	688781	709062	770568	796122	848709	4546293	6854479	9157478	13205431	15082838	15119024	15124917	15147725	
G	2	2	3	4	5	6	7	8	9	10	11	12	13	14	15	16	17	18	19	20	21	22	23	24	25	26	27	28	29	30	31	32	33	34	35	36	
G	2	19911	33099	40718	100567	132310	167259	194358	223830	263755	301593	335606	377316	400143	435002	468849	502473	537460	567703	601183	622630	642652	684874	703312	739406	788721	826424	856844	4843089	6572741	8811677	12882055	14868717	14876022	14901084	14910368	
G	3	2	3	4	5	6	7	8	9	10	11	12	13	14	15	16	17	18	19	20	21	22	23	24	25	26	27	28	29	30	31	32	33	35	36	
G	3	11729	17880	34091	95482	154712	174845	213042	253819	284612	318104	349454	377441	423048	444718	485005	504670	523854	556133	583096	637602	691702	725720	740690	759491	794508	838774	865887	2779447	6896627	9275654	13546413	15626045	15652684	15672032	
G	4	2	3	4	5	6	7	8	9	10	11	12	13	14	15	16	17	18	19	20	21	22	23	24	25	26	27	28	29	30	31	33	34	35	36	
G	4	12995	30736	50794	102379	143776	181338	196926	235812	275777	300386	340261	377660	412684	423877	456477	509148	534670	568779	588894	638273	681803	682637	737022	811401	845902	910807	980951	1065009	4761328	9372625	15398264	15411341	15436880	15450612	
G	5	2	3	4	5	6	7	8	9	10	11	12	13	14	15	16	17	18	19	20	21	22	23	24	25	26	27	28	29	30	31	32	33	34	35	36	37	
G	5	9268	29690	54097	92535	146581	182254	230014	271812	297108	330964	361381	377596	409556	459271	475421	491386	538462	598180	625510	682580	696081	743738	796822	826173	841515	927049	1028813	1077465	7108862	9530514	9592897	9674480	15424266	15484168	15503683	15522119	
G	6	2	3	4	5	6	7	8	9	10	11	12	13	14	15	16	17	18	19	20	21	22	23	24	25	26	27	28	29	30	31	32	33	34	35	37	
G	6	15903	18588	41397	105872	135539	169737	209670	267752	285202	308559	353968	377005	382937	433003	488992	526467	563201	600335	640828	673505	714520	769329	826357	858950	967889	1003317	1063515	1201165	1402319	7281601	9649532	11743577	13523310	15382989	15405475	
G	7	2	3	4	5	6	7	8	9	10	11	12	13	14	15	16	17	18	19	20	21	22	23	24	25	26	27	28	29	30	31	32	33	34	35	36	37	
G	7	12335	19814	41130	103362	146970	178580	229305	268887	290086	317349	352424	384642	420129	456787	502360	535764	561235	599075	637629	676039	725927	778782	849882	879443	891546	973396	1038441	1085387	3004787	7011465	9417988	9451991	11307190	15152285	15166254	15203945	
G	8	2	3	4	5	6	7	8	9	10	11	12	13	14	15	16	17	18	19	20	21	22	23	24	25	26	27	28	29	30	31	32	33	34	35	37	
G	8	12746	14532	26402	93189	153587	171938	214630	279434	295524	336076	369610	417358	428309	474535	559074	569280	626058	650576	719996	736078	785536	809058	890111	938870	1010429	1147964	1207993	1258323	1427536	7170605	9560431	9741572	13112491	15080526	15101378	
G	9	2	3	4	5	6	7	8	9	10	11	12	13	14	15	16	17	18	19	20	21	22	23	24	25	26	27	28	29	30	31	32	33	34	35	36	37	
G	9	9427	11176	52797	86902	152465	181842	223114	289680	322622	357569	375391	409928	463059	486880	568636	585187	649383	673620	711202	786495	835394	854296	920415	973237	1045009	1125432	1164873	1310503	1408511	7179356	9449816	9697028	11491189	14958718	14989136	15223249	
G	10	2	3	4	5	6	7	8	9	10	11	12	13	14	15	16	17	18	19	20	21	22	23	24	25	26	27	28	29	30	31	32	33	34	35	36	37	
G	10	10914	18567	36854	69620	147718	201068	219523	305594	310895	329137	437038	444787	474713	530672	559752	592685	666217	721573	787261	858922	913839	953133	1044393	1082581	1144538	1199327	1361026	1477343	1608092	3964144	5893052	10005162	13152006	15017681	15035064	15219044	
G	11	2	3	4	5	6	7	8	9	10	11	12	13	14	15	16	17	18	19	20	21	22	23	24	25	26	27	28	29	30	31	32	33	34	35	36	37	
G	11	13822	22518	45253	95584	194085	218979	243767	305891	361311	388904	427973	493127	528696	599227	628061	671109	753765	862307	926788	981637	1041214	1100641	1220883	1324656	1375510	1434188	1546678	1667176	1862508	4122265	7606898	10089341	11427803	13291192	14642933	15189078	
G	12	2	3	4	5	6	7	8	9	10	11	12	13	14	15	16	17	18	19	20	21	22	23	24	25	26	27	28	29	30	31	32	33	34	35	36	37	
G	12	7987	16201	26746	92474	157691	237480	280876	299874	380854	398431	415745	496054	549201	592009	655380	686503	715103	770442	887771	960201	1062794	1131700	1181903	1284904	1409905	1485463	1551038	1645920	1865946	2053510	7833054	10172181	10615327	13173191	14844237	15078753	
G	13	2	3	4	5	6	7	8	9	10	11	12	13	14	15	16	17	18	19	20	21	22	23	24	25	26	27	28	29	30	31	32	33	34	35	36	37	
G	13	13254	18809	48962	103860	134938	217708	264417	320180	390283	417801	456116	514512	532097	598554	624339	672822	708023	765760	804785	912899	980516	1101983	1204499	1308504	1493031	1598831	1718759	1859662	2165692	2268658	6235457	10141527	11781909	13189790	14792008	15065610	
G	14	2	3	4	5	6	7	8	9	10	11	12	13	14	15	16	17	18	19	20	21	22	23	24	25	26	27	28	29	30	31	32	33	34	35	36	37	38	
G	14	10293	19180	58051	99060	163298	220706	277924	315102	339316	446179	476853	488534	518448	585802	696427	714292	760706	773106	886077	1018681	1054204	1150268	1247361	1339710	1462968	1577160	1655652	1941112	2337038	2681266	6518850	8694017	10850920	13053516	14502023	14890676	15020456	
G	15	3	4	5	6	7	8	9	10	11	12	13	14	15	16	17	18	19	20	21	22	23	24	25	26	27	28	29	30	31	32	33	34	35	36	37	38	
G	15	7093	18225	53152	148496	249101	287832	304745	339109	396857	491347	572708	595114	646402	715016	793599	833557	896902	980970	1105313	1184725	1390708	1458669	1518674	1702014	1835637	1970252	2069147	2263425	2417328	2694380	8484708	10801781	12966809	13551853	14989807	15039309	
G	16	2	3	4	5	6	7	8	9	10	11	12	13	14	15	16	17	18	19	20	21	22	23	24	25	26	27	28	29	30	31	32	33	34	35	36	37	38	
G	16	3839	6581	20918	49162	155566	172161	313610	324312	348572	440237	480608	547091	605254	640156	697496	769454	862581	938373	1005364	1026484	1159401	1277637	1429131	1491350	1565184	1710146	1775110	2184002	2443237	2862206	6711068	8628072	11513610	12332164	12633642	14184694	15025639	
G	17	2	4	5	6	7	8	9	10	11	12	13	14	15	16	17	18	19	20	21	22	23	24	25	26	27	28	29	30	31	32	33	34	35	36	37	38	
G	17	6839	20324	91017	162581	209881	321168	359504	389458	399719	513338	576398	615499	650069	764669	789496	832644	941472	986556	1033879	1110326	1212465	1472641	1551928	1673774	1856766	2036694	2361513	2696337	3405915	5490092	7706741	11503421	12674149	13826694	14364451	14989487	
G	18	2	4	5	6	7	8	9	10	11	12	13	14	15	16	17	18	19	20	21	22	23	24	25	26	27	28	29	30	31	32	33	34	35	36	37	38	
G	18	8707	17707	83118	134224	248492	266938	312405	417926	464626	470124	524210	679317	696237	721656	775665	843622	926156	1072256	1129152	1258044	1350919	1421663	1593273	1801722	1994738	2419378	2517424	2735174	3234993	4191456	7881842	10168344	12435440	13626579	14881876	14942244	
G	19	2	3	4	5	6	7	8	9	10	11	12	13	14	15	16	17	18	19	20	21	22	23	24	25	26	27	28	29	30	31	32	33	34	35	36	37	38	
G	19	7968	18263	28278	80511	127058	264787	278762	305221	446389	474998	506832	523023	724311	747407	771094	887324	941855	1004433	1079396	1202030	1294154	1429685	1654110	1665424	1827473	2088312	2338505	2653285	3004873	3597811	3965942	7443847	9970802	12179383	13271319	14210529	14952902	
G	20	4	5	6	7	8	9	10	11	12	13	14	15	17	18	19	20	21	22	23	24	25	26	27	28	29	30	31	32	33	34	35	36	37	38	
G	20	10754	45406	137590	183115	288244	373496	506825	513582	532082	619775	763958	825146	950459	1008894	1141193	1187628	1268858	1369993	1571434	1679367	1811016	1935404	2278084	2374702	2600955	2994201	3682324	4139968	6247338	11304976	12276295	13619889	14817912	15009792	
G	21	2	3	4	5	6	7	8	9	10	11	12	13	14	15	16	17	18	19	20	21	22	23	24	25	26	27	28	29	30	31	32	33	34	35	36	37	38	
G	21	1173	3540	22275	73693	127000	243294	320395	347013	477970	569137	588664	620521	802144	826290	919356	940852	1127284	1168856	1226771	1360067	1457591	1546140	1676862	1891188	2089288	2276110	2568656	2828933	3223818	3666127	5779240	8101772	10916843	12976954	14078373	14795684	14943878	
G	22	2	4	5	6	7	8	9	10	11	12	13	14	15	16	18	19	20	21	22	23	24	25	26	27	28	29	30	31	32	33	34	35	36	37	38	
G	22	1180	19112	84909	139679	227204	357505	391520	472327	608725	651504	679078	711117	922426	1012228	1107024	1227245	1287605	1524670	1568064	1645295	1836110	1924271	2178523	2415375	2611399	2928472	3602044	3885196	4615047	8342372	11725121	12630256	13845062	14654762	14890438	
G	23	2	4	5	6	7	8	9	10	11	12	13	14	15	16	17	18	19	20	21	22	23	24	25	26	27	28	29	30	31	32	33	34	35	36	37	38	
G	23	4161	24319	63211	167772	243143	359646	406604	452350	577198	687688	741405	779604	820985	998499	1135814	1192546	1290140	1325143	1527732	1620057	1759470	1996273	2248153	2489475	2906407	3211200	3627832	4108944	4500694	5317953	8760948	11961366	12783712	13809256	14355466	14934406	
G	24	2	4	5	6	7	8	9	10	11	12	13	14	16	17	18	19	20	21	22	23	24	25	26	27	28	29	30	31	32	33	34	35	36	37	38	
G	24	5406	18890	93668	162143	248484	331721	466609	475902	538093	749893	813223	881145	1031207	1186667	1303201	1405586	1533973	1670334	1807772	2025285	2223257	2477026	2886795	3036422	3289483	3769406	4261408	4907531	5606516	8710751	10884264	12615668	13569092	14581163	14888403	
G	25	2	4	5	6	7	8	9	10	11	12	13	14	15	16	17	18	19	20	21	22	23	24	25	26	27	28	29	30	31	32	33	34	35	36	37	38	
G	25	2540	27526	127432	206623	291627	432958	493954	561751	667874	883601	905033	960090	1039167	1152260	1348943	1484250	1541955	1728554	1916358	2124096	2368189	2534818	2728488	3012656	3300531	3639505	3976140	4741810	5619746	7782947	8645637	11678113	13517410	14111862	14802075	14854595	
G	26	2	4	5	6	7	8	9	10	11	12	13	14	15	16	17	18	19	20	21	22	23	24	25	26	27	28	29	30	31	32	33	34	35	36	37	38	
G	26	1533	21180	89547	208823	298460	408416	545514	595305	698801	743625	929353	1005943	1062609	1162422	1546242	1562384	1666380	1848025	2032081	2346148	2519462	2667197	3077596	3361489	3728024	3988616	4465775	5037457	5707081	7367102	9548687	11620685	13274864	14372658	14696729	14816431	
G	27	3	4	5	6	7	8	9	10	11	12	13	14	15	16	17	18	19	20	21	22	23	24	25	26	27	28	29	30	31	32	33	34	35	36	37	38	
G	27	1673	32300	93944	229518	328761	448372	603409	638968	728403	940633	1089057	1139163	1224688	1449790	1519408	1820972	1948834	2051573	2195272	2408722	2601616	3041867	3414878	3719068	4181281	4749029	5373537	6356090	7007039	7624555	9290273	11862751	13359683	13823452	14585351	14784444	
G	28	2	3	4	5	6	7	8	9	10	11	12	13	14	15	16	17	18	19	20	21	22	23	24	25	26	27	28	29	30	31	32	33	34	35	36	37	38	39	
G	28	5240	15852	52827	214349	261666	460411	615883	729016	836083	991164	1125944	1343875	1415342	1513719	1752195	2080465	2177751	2290296	2669441	2945597	3211282	3496032	3950179	4205733	4643300	5175659	5853970	6701502	7288162	7775330	9554099	11715296	12331266	13659665	14142831	14459882	14641586	14717918	
G	29	2	4	5	6	7	8	9	10	11	12	13	14	15	16	17	18	19	20	21	22	23	24	25	26	27	28	29	30	31	32	33	34	35	36	37	38	
G	29	15631	60227	215608	325299	448887	675306	757682	890030	939456	1089452	1437654	1470451	1620161	1730901	2066616	2349198	2470337	2764802	3047893	3317298	3772867	4052408	4434005	4917355	5451095	6078357	6881262	7680869	8540326	10015326	11890145	13007276	13735953	14474645	14654887	14704181	
G	30	2	3	4	5	6	7	8	9	10	11	12	13	14	15	16	17	18	19	20	21	22	23	24	25	26	27	28	29	30	31	32	33	34	35	36	37	38	
G	30	2212	3773	56937	213360	314311	488594	614312	824963	895919	968890	1165534	1483019	1593601	1653571	1789905	2074729	2549128	2653398	2914092	3076235	3297903	3709503	4133509	4411233	5233851	5755904	6514197	7363075	8227350	8433921	10635809	12708957	13663237	14011690	14185273	14596503	14684476	
G	31	2	4	5	6	7	8	9	10	11	13	14	15	16	17	18	19	20	21	22	23	24	25	26	27	28	29	30	31	32	33	34	35	36	37	38	
G	31	4094	56310	217986	350819	460538	673789	822927	953262	1090900	1442750	1692390	1798240	1911053	2165674	2500579	2863778	2933544	3345066	3575770	4070237	4571202	5042568	5346124	5995844	6521309	7324015	8192766	9300974	11406243	12219884	13343982	13825745	14270782	14686272	14782281	
G	32	2	4	5	6	7	8	9	10	11	12	13	14	15	16	17	18	19	20	21	22	23	24	25	26	27	28	29	30	31	32	33	34	35	36	37	38	
G	32	9234	61942	191440	338573	448585	583870	790843	998137	1094057	1234088	1376258	1796712	1916873	1980312	2224804	2490483	2660656	3189300	3443810	3800862	4263105	4472318	5009014	5684020	6163819	6808807	7385047	8197060	8977582	10489645	12474216	12847744	13970744	14244597	14646886	14690802	
G	33	4	5	6	7	8	9	10	11	12	13	14	15	16	17	18	19	20	21	22	23	24	25	26	27	28	29	30	31	32	33	34	35	36	37	
G	33	72525	291863	390367	517153	745815	919357	1152759	1224069	1404348	1652724	2178668	2214434	2441444	2532486	2989925	3601019	3780206	4088226	4581976	5047181	5394339	5962357	6441939	6759239	8072724	9087273	10077944	10838618	12516495	12820632	13203033	13892466	14405699	14559876	
G	34	2	3	4	5	6	7	8	9	10	11	12	13	14	15	16	17	18	19	20	21	22	23	24	25	26	27	28	29	30	31	32	33	34	35	36	37	38	
G	34	9671	12697	98951	297836	434221	572234	821898	952918	1263439	1339398	1535021	1796903	2023352	2367311	2516701	2648572	3147469	3271915	4154599	4362186	4723256	5040939	5880572	6313225	7153598	7860970	8403708	9350107	10376268	10966744	12955008	13549220	13881221	14179039	14391943	14505381	14549057	
G	35	2	4	5	6	7	8	9	10	11	12	13	14	15	16	17	18	19	20	21	22	23	24	25	26	27	28	29	30	31	32	33	34	35	36	37	38	
G	35	11903	106327	313625	471309	690648	744760	1110658	1397465	1483138	1665193	1989341	2279801	2628824	2781043	2939641	3506350	3934075	4628766	4736702	5393952	5811350	6394646	7028824	7727235	8249900	9183322	9835836	10985124	11770970	12857049	13360577	13694057	13946842	14155872	14426880	14459844	
G	36	2	4	5	6	7	8	9	10	11	12	13	14	15	16	17	18	19	20	21	22	23	24	25	26	27	28	29	30	31	32	33	34	35	36	37	38	
G	36	15609	79122	407875	527207	698047	829848	1155616	1406492	1628725	1667848	2176169	2457551	2863801	3035484	3304123	3787295	4207335	4948737	5107085	6045612	6405254	6867930	7598249	8362127	8777952	9741614	10433779	11014866	12077211	12807094	13503851	13789063	14066036	14257006	14315266	14446674	
G	37	2	4	5	6	7	8	9	10	11	12	13	14	15	16	17	18	19	20	21	22	23	24	25	26	27	28	29	30	31	32	33	34	35	36	37	
G	37	17229	61653	450947	586156	842060	919015	1250351	1508042	1759723	2028371	2418592	2931707	3214349	3346228	3520395	4101651	5014865	5344537	5721560	6383560	7052740	7884833	8274156	9143509	10095729	10686299	11689364	12201454	12807162	13600217	13727608	13907749	14174759	14257108	14388318	
G	38	2	3	4	5	6	7	8	9	10	11	12	13	14	15	16	17	18	19	20	21	22	23	24	25	26	27	28	29	30	31	32	33	34	35	36	37	
G	38	14391	19213	69554	439466	549458	848603	1006364	1365954	1821099	1926760	2087509	2337200	2790903	3442461	3690720	3881788	4444568	4968120	5851167	6329905	6550158	7330339	8041760	8852268	9822707	10808409	11426821	11862836	12372767	12890399	13279020	13776175	13982817	14070031	14189350	14348613	
G	39	2	4	5	6	7	8	9	10	11	12	13	14	15	16	17	18	19	20	21	22	23	24	25	26	27	28	29	30	31	32	33	34	35	36	
G	39	9505	81289	463310	647216	847436	1103343	1371799	1733426	2131695	2267631	2572452	3004012	3821327	3936831	4347600	4813178	5219473	6127247	6520762	6942094	7820976	8455081	9222832	10054363	10815281	11518569	12333038	12712073	13150161	13630838	13983873	14189914	14283341	14338027	
G	40	2	4	5	6	7	8	9	10	11	12	13	14	15	16	17	18	19	20	21	22	23	24	25	26	27	28	29	30	31	32	33	34	35	36	37	
G	40	23850	85968	491190	610763	856691	1118463	1563272	1970356	2288043	2412826	2758541	3368083	3907292	4270597	4398198	5494006	6061272	6672862	6955890	7649652	8561288	8939616	10233513	10871785	11542375	11976449	12378749	13003256	13566773	13741899	14021503	14123936	14170456	14221305	14262605	
G	41	2	4	5	6	7	8	9	10	11	12	13	14	15	16	17	18	19	20	21	22	23	24	25	26	27	28	29	30	31	32	33	34	35	36	37	
G	41	10436	93884	538453	668610	1028805	1225164	1707464	2152513	2493402	2689568	3066845	3355966	4253691	4536011	4983014	5453765	6184180	6989647	7885974	8084109	9157946	9791004	10122948	11740248	12259187	12697543	12959509	13195139	13647634	13836034	14014472	14096836	14129625	14203107	14226136	
G	42	2	4	5	6	7	8	9	10	11	12	13	14	15	16	17	18	19	20	21	22	23	24	25	26	27	28	29	30	31	32	33	34	35	36	
G	42	4307	105303	484204	725468	1018777	1447816	1594332	2111134	2689902	2897326	3216628	3724847	4669288	4850490	5225769	5849598	6631475	7572309	8028135	8349739	9420300	10213857	11338093	11918213	12373509	12745200	13055726	13236053	13687135	13875642	13933884	14027962	14074268	14127131	
G	43	2	4	5	6	7	8	9	10	11	12	13	14	15	16	17	18	19	20	21	22	23	24	25	26	27	28	29	30	31	32	33	34	35	36	37	
G	43	20779	111823	509547	764609	1068575	1398041	1528495	2092027	2751141	2892661	3173433	3909612	4382798	5238318	5356624	5857144	6277601	7712776	8077595	8291045	9181359	10523419	11228226	11828222	12127910	12652068	12885317	13318667	13662691	13821856	13914143	14001992	14034598	14087473	14149194	
C	0	2	3	4	5	6	7	8	9	10	11	12	13	14	15	16	17	18	19	20	21	22	23	24	25	26	27	28	29	30	31	32	33	34	35	36	
C	0	18039	50932	86569	161183	202356	290207	325148	356974	390533	443968	482957	489973	511037	549663	583569	614854	658015	721926	760369	796842	848224	913582	949213	999659	1110581	1170753	1305289	5135773	7284492	9466054	12452076	14179431	14287848	14313875	14353141	
C	1	2	3	4	5	6	7	8	9	10	11	12	13	14	15	16	17	18	19	20	21	22	23	24	25	26	27	28	29	30	31	32	33	34	35	36	
C	1	16139	42886	83207	171869	228672	338013	382213	421915	467971	542466	597460	603825	628996	677900	725427	769131	826249	919668	965525	1013310	1074188	1160583	1210429	1261978	1387502	1448306	1584471	5325446	7423001	9600505	12964684	14686350	14795032	14816174	14859713	
C	2	2	3	4	5	6	7	8	9	10	11	12	13	14	15	16	17	18	19	20	21	22	23	24	25	26	27	28	29	30	31	32	33	34	35	36	
C	2	40281	73362	91414	201249	267319	325100	373533	427425	489751	553385	608904	677444	718449	776229	833809	892723	955684	1006692	1071090	1110973	1150388	1235672	1277563	1365247	1475600	1567820	1658221	5520005	7228740	9355552	12841054	14399808	14410145	14453580	14472444	
C	3	2	3	4	5	6	7	8	9	10	11	12	13	14	15	16	17	18	19	20	21	22	23	24	25	26	27	28	29	30	31	32	33	35	36	
C	3	21479	37059	66716	176163	275757	312446	376855	440808	491209	548674	595379	641617	713225	743023	807736	843743	880808	946445	989492	1082366	1177178	1238837	1273894	1309556	1377235	1454251	1511209	3394149	7209114	9320347	12650692	14443948	14489309	14545870	
C	4	2	3	4	5	6	7	8	9	10	11	12	13	14	15	16	17	18	19	20	21	22	23	24	25	26	27	28	29	30	31	33	34	35	36	
C	4	25689	63260	106449	196105	267799	328510	355295	416816	481452	518939	580327	636196	691689	709962	760580	837412	870279	925859	957375	1040925	1103639	1104985	1183361	1290153	1349859	1459693	1566117	1710258	5136394	9218962	14156176	14187771	14230982	14264339	
C	5	2	3	4	5	6	7	8	9	10	11	12	13	14	15	16	17	18	19	20	21	22	23	24	25	26	27	28	29	30	31	32	33	34	35	36	37	
C	5	22265	56361	112579	190811	289672	358770	441246	516173	559687	620415	673030	699761	756522	841313	871426	899201	979520	1075338	1132824	1237983	1265333	1342006	1457891	1534508	1575825	1818606	2080115	2187131	7993046	10365719	10509056	10719159	14685640	14906059	14968981	15020322	
C	6	2	3	4	5	6	7	8	9	10	11	12	13	14	15	16	17	18	19	20	21	22	23	24	25	26	27	28	29	30	31	32	33	34	35	37	
C	6	35336	41336	90128	207999	265117	323897	388160	480482	509839	549128	614817	652391	661589	738557	814738	874699	926843	978165	1037417	1090224	1151508	1225195	1294544	1354537	1520926	1570736	1681086	1900922	2312426	7827884	10065247	11736391	13389186	14558907	14607776	
C	7	2	3	4	5	6	7	8	9	10	11	12	13	14	15	16	17	18	19	20	21	22	23	24	25	26	27	28	29	30	31	32	33	34	35	36	37	
C	7	27815	47366	93705	205292	293509	343304	426569	493687	529903	574092	628333	677331	732214	789510	855634	910219	952601	1010508	1066224	1109919	1187447	1269720	1385911	1417928	1442973	1571908	1694123	1794468	3676980	7641031	10053598	10126521	11885209	14708940	14740938	14817298	
C	8	2	3	4	5	6	7	8	9	10	11	12	13	14	15	16	17	18	19	20	21	22	23	24	25	26	27	28	29	30	31	32	33	34	35	37	
C	8	26711	31426	57054	199194	307482	338537	410966	513677	536677	601556	652892	722704	741057	808244	920250	935520	1004871	1039672	1151219	1175602	1238923	1274365	1393700	1444732	1518334	1686126	1794322	1863135	2163426	7973072	10348533	10686097	13524752	15067839	15106901	
C	9	2	3	4	5	6	7	8	9	10	11	12	13	14	15	16	17	18	19	20	21	22	23	24	25	26	27	28	29	30	31	32	33	34	35	36	37	
C	9	18718	23059	107627	173177	292399	336034	403020	503169	553466	603744	631939	680233	756247	785223	901588	923331	1002150	1037586	1096526	1201501	1264575	1294185	1391252	1463875	1549853	1652689	1690930	1935144	2102236	7875383	10092214	10549975	11882913	14692506	14743673	15144768	
C	10	2	3	4	5	6	7	8	9	10	11	12	13	14	15	16	17	18	19	20	21	22	23	24	25	26	27	28	29	30	31	32	33	34	35	36	37	
C	10	20758	38450	76300	136539	259602	344174	371926	487279	493970	522146	659475	670814	712134	787082	820208	859837	947254	1015675	1098317	1183316	1254451	1308132	1438097	1496619	1580552	1639311	1846563	2016434	2225971	4679582	6597667	10730371	13259781	14740799	14768158	15055998	
C	11	2	3	4	5	6	7	8	9	10	11	12	13	14	15	16	17	18	19	20	21	22	23	24	25	26	27	28	29	30	31	32	33	34	35	36	37	
C	11	27431	33747	78643	174658	322421	363099	397970	480293	549473	588906	633192	715152	754240	838703	870005	913873	1004041	1127250	1201385	1259404	1329048	1400815	1552786	1659632	1728703	1802146	1948802	2106898	2359620	4676571	8142487	10674500	11925451	13505412	14272785	15109732	
C	12	2	3	4	5	6	7	8	9	10	11	12	13	14	15	16	17	18	19	20	21	22	23	24	25	26	27	28	29	30	31	32	33	34	35	36	37	
C	12	16410	32274	55110	179545	283689	401690	468398	496228	609742	633090	657649	764190	829925	880098	953981	986730	1022797	1089211	1231170	1306443	1415148	1487003	1553155	1682851	1837780	1909524	2008667	2127484	2432915	2697565	8613271	10913110	11612110	13454631	14812532	15126989	
C	13	2	3	4	5	6	7	8	9	10	11	12	13	14	15	16	17	18	19	20	21	22	23	24	25	26	27	28	29	30	31	32	33	34	35	36	37	
C	13	25982	35524	89564	205876	260306	394634	461045	537081	629321	666843	719019	793230	813434	896938	930292	980631	1017851	1081178	1132278	1246157	1330481	1479332	1602629	1738048	1934070	2047669	2230891	2411392	2815619	2953700	6990830	10882598	12607077	13600573	14809910	15181199	
C	14	2	3	4	5	6	7	8	9	10	11	12	13	14	15	16	17	18	19	20	21	22	23	24	25	26	27	28	29	30	31	32	33	34	35	36	37	38	
C	14	15585	31750	93285	184654	297562	388136	476556	534182	565035	713851	760097	773448	811786	895477	1019447	1035252	1091070	1104795	1255464	1416041	1448117	1535741	1640848	1763948	1911710	2048472	2171088	2519414	3004786	3495318	7565963	9915794	11993632	13623461	14607125	15054063	15223262	
C	15	3	4	5	6	7	8	9	10	11	12	13	14	15	16	17	18	19	20	21	22	23	24	25	26	27	28	29	30	31	32	33	34	35	36	37	38	
C	15	14597	35371	105964	268464	407500	458342	479481	525116	590635	698627	794046	819109	870544	942714	1032847	1073058	1136076	1227506	1369027	1449012	1650870	1720722	1774765	1984078	2140845	2300677	2437707	2690931	2912641	3231028	9504220	11784558	13350687	14086401	15089803	15147844	
C	16	2	3	4	5	6	7	8	9	10	11	12	13	14	15	16	17	18	19	20	21	22	23	24	25	26	27	28	29	30	31	32	33	34	35	36	37	38	
C	16	5717	11018	42513	96833	293071	322149	525719	539619	577431	699976	750445	829684	911737	950039	1022089	1104392	1221621	1324921	1417774	1449832	1634794	1806160	1989185	2077169	2172613	2341887	2462745	3172644	3599604	4202013	8048156	10196301	12431578	13543489	13827097	14854840	15090099	
C	17	2	4	5	6	7	8	9	10	11	12	13	14	15	16	17	18	19	20	21	22	23	24	25	26	27	28	29	30	31	32	33	34	35	36	37	38	
C	17	10474	33828	180440	311426	398097	545212	602591	637980	655836	798633	884460	922943	965070	1104273	1138257	1187184	1308544	1377039	1431340	1504693	1628261	1954190	2054951	2206827	2452098	2712805	3157706	3625220	4690401	7088768	9333048	12992385	13618529	14325732	14822469	15208358	
C	18	2	4	5	6	7	8	9	10	11	12	13	14	15	16	17	18	19	20	21	22	23	24	25	26	27	28	29	30	31	32	33	34	35	36	37	38	
C	18	14511	31941	168056	249551	464338	493416	548662	699290	759646	769939	850549	1045606	1064810	1094868	1174567	1247069	1370446	1573095	1652856	1817446	1964750	2050197	2357255	2679669	2988522	3668557	3803965	4187622	4857832	6160625	9932466	11596565	13920542	14345372	15019056	15122816	
C	19	2	3	4	5	6	7	8	9	10	11	12	13	14	15	16	17	18	19	20	21	22	23	24	25	26	27	28	29	30	31	32	33	34	35	36	37	38	
C	19	12079	23197	42617	143386	240862	485363	500824	542655	724196	756442	799612	813337	1058249	1091704	1110498	1258000	1312491	1376499	1496542	1638532	1755086	1924121	2160510	2180467	2455058	2782062	3161621	3581431	4110510	4915702	5298448	8873446	11177016	13395014	14232281	14992176	15252233	
C	20	4	5	6	7	8	9	10	11	12	13	14	15	17	18	19	20	21	22	23	24	25	26	27	28	29	30	31	32	33	34	35	36	37	38	
C	20	19846	84758	247734	320656	500538	611690	781157	792108	812591	922027	1084309	1155657	1297379	1370238	1528606	1589968	1675498	1791185	2054564	2217099	2374625	2566590	3036298	3148513	3424222	4029912	5085976	5804398	8174164	12412208	13272792	14312357	14947488	15140637	
C	21	2	3	4	5	6	7	8	9	10	11	12	13	14	15	16	17	18	19	20	21	22	23	24	25	26	27	28	29	30	31	32	33	34	35	36	37	38	
C	21	2341	8020	41044	134211	248608	447317	572265	615103	790060	895016	918527	958547	1193224	1229111	1332365	1350962	1595524	1631039	1716212	1904246	2020984	2157379	2373072	2697419	2972826	3260750	3652352	4110895	4729759	5471355	7889770	10399777	12758384	13823190	14525719	14966290	15112602	
C	22	2	4	5	6	7	8	9	10	11	12	13	14	15	16	18	19	20	21	22	23	24	25	26	27	28	29	30	31	32	33	34	35	36	37	38	
C	22	2637	35033	165243	261464	398530	605288	648642	747857	903248	955975	984912	1014436	1266573	1353359	1448428	1602603	1683313	1933627	1998332	2090812	2278773	2410918	2783140	3046915	3276448	3739089	4538108	4897436	5961740	9784825	12834377	13825116	14649543	14971671	15179538	
C	23	2	4	5	6	7	8	9	10	11	12	13	14	15	16	17	18	19	20	21	22	23	24	25	26	27	28	29	30	31	32	33	34	35	36	37	38	
C	23	6677	41839	105655	293556	413504	592744	658384	718691	883769	1007102	1065515	1104551	1136537	1368313	1504803	1577370	1696417	1754080	1998315	2102449	2267343	2603365	2913130	3241453	3732645	4168031	4838711	5467428	5971740	7007142	10361864	12957854	13641329	14337697	14646343	15115730	
C	24	2	4	5	6	7	8	9	10	11	12	13	14	16	17	18	19	20	21	22	23	24	25	26	27	28	29	30	31	32	33	34	35	36	37	38	
C	24	9044	33261	136729	280213	425818	542802	711951	718359	795521	1035282	1094694	1156179	1319268	1468451	1598868	1698416	1854019	1983286	2122878	2365066	2585563	2873140	3328664	3525796	3860408	4567368	5189480	5898358	6801497	9984897	12422816	13448636	14299625	14917459	15160845	
C	25	2	4	5	6	7	8	9	10	11	12	13	14	15	16	17	18	19	20	21	22	23	24	25	26	27	28	29	30	31	32	33	34	35	36	37	38	
C	25	4978	46196	191937	337019	483438	661754	729158	795230	910241	1132622	1147269	1199020	1269770	1392426	1595331	1711517	1756216	1989680	2172023	2365349	2633490	2826443	3039308	3372425	3669019	4059653	4490142	5374178	6576987	9198816	10164755	13080386	14299540	14659779	15047757	15097010	
C	26	2	4	5	6	7	8	9	10	11	12	13	14	15	16	17	18	19	20	21	22	23	24	25	26	27	28	29	30	31	32	33	34	35	36	37	38	
C	26	3767	36583	141745	360219	487977	624683	791077	846444	960585	999079	1196370	1251266	1307223	1380965	1791236	1799716	1872466	2117457	2287712	2614695	2787065	2969934	3378582	3684589	4060705	4343678	4984610	5790733	6555949	8587290	11022482	12770644	13826152	14744827	15024710	15133729	
C	27	3	4	5	6	7	8	9	10	11	12	13	14	15	16	17	18	19	20	21	22	23	24	25	26	27	28	29	30	31	32	33	34	35	36	37	38	
C	27	4216	52007	140932	376426	519713	661039	837938	861298	946210	1171976	1305830	1341209	1412748	1625671	1687382	1978824	2065154	2218228	2374548	2598815	2753641	3180420	3550010	3932823	4470804	5208302	5971217	7137855	7870657	8483890	10337813	13005293	13996541	14318793	14936301	15097291	
C	28	2	3	4	5	6	7	8	9	10	11	12	13	14	15	16	17	18	19	20	21	22	23	24	25	26	27	28	29	30	31	32	33	34	35	36	37	38	39	
C	28	8443	28244	83539	334255	412951	675482	824187	922171	1013986	1153552	1273538	1467789	1529565	1603742	1830932	2132445	2220964	2297923	2708370	2983847	3242106	3564572	4038158	4306342	4775997	5411476	6283695	7273061	7979213	8451778	10684866	12983368	13481929	14344827	14737040	14906595	15015596	15060144	
C	29	2	4	5	6	7	8	9	10	11	12	13	14	15	16	17	18	19	20	21	22	23	24	25	26	27	28	29	30	31	32	33	34	35	36	37	38	
C	29	26341	91074	376011	506788	663234	896811	983578	1094184	1134295	1276190	1582741	1602975	1715427	1817675	2160983	2392592	2476240	2850539	3063545	3326955	3787775	4096785	4528695	5102901	5693942	6487622	7380595	8335152	9331754	11122373	12602269	13896198	14424085	14971353	15070826	15120113	
C	30	2	3	4	5	6	7	8	9	10	11	12	13	14	15	16	17	18	19	20	21	22	23	24	25	26	27	28	29	30	31	32	33	34	35	36	37	38	
C	30	6251	8667	89154	357728	486209	704065	825492	1034007	1082612	1149678	1327575	1620098	1686867	1748047	1822214	2108046	2534388	2608464	2909806	3081058	3266961	3685566	4117860	4412205	5340886	5913600	6829182	7829562	8847457	9016469	11516303	13605619	14520838	14680871	14732871	15017093	15100195	
C	31	2	4	5	6	7	8	9	10	11	13	14	15	16	17	18	19	20	21	22	23	24	25	26	27	28	29	30	31	32	33	34	35	36	37	38	
C	31	10057	88620	357358	546148	677928	920366	1063280	1188393	1310823	1649978	1878193	1974932	2044116	2314153	2599539	2954548	3103676	3518096	3760165	4251142	4805372	5314385	5692094	6427419	6996190	7926245	8962978	10120265	12345255	12910128	14146093	14480737	14778492	15001603	15060970	
C	32	2	4	5	6	7	8	9	10	11	12	13	14	15	16	17	18	19	20	21	22	23	24	25	26	27	28	29	30	31	32	33	34	35	36	37	38	
C	32	19172	97687	298608	548519	674670	854003	1061909	1272425	1369289	1474347	1644228	2032888	2155430	2205377	2397651	2715293	2879647	3488336	3734307	4155667	4645990	4857334	5429532	6240782	6824518	7568291	8237900	9104109	9953529	11586137	13624854	13867634	14545591	14721388	14970224	15004162	
C	33	4	5	6	7	8	9	10	11	12	13	14	15	16	17	18	19	20	21	22	23	24	25	26	27	28	29	30	31	32	33	34	35	36	37	
C	33	112610	489300	608561	748051	992106	1176463	1406138	1448653	1604116	1859118	2347530	2366885	2555718	2618472	3106033	3740390	3999594	4320972	4884716	5391696	5776331	6428183	6981984	7332247	8812714	9948166	11044767	12033052	13766008	13961895	14270864	14607445	14863315	14952089	
C	34	2	3	4	5	6	7	8	9	10	11	12	13	14	15	16	17	18	19	20	21	22	23	24	25	26	27	28	29	30	31	32	33	34	35	36	37	38	
C	34	17675	28743	153623	469491	658845	810817	1068842	1207125	1505444	1567357	1718854	1987496	2189846	2503988	2625477	2728434	3259901	3358468	4305400	4517549	4927957	5300814	6181499	6700033	7666196	8484090	9073242	10069029	11199501	11704072	14011977	14380004	14545895	14796854	14978950	15043153	15056043	
C	35	2	4	5	6	7	8	9	10	11	12	13	14	15	16	17	18	19	20	21	22	23	24	25	26	27	28	29	30	31	32	33	34	35	36	37	38	
C	35	27863	168333	513376	716713	951459	1026791	1378733	1645209	1713798	1869222	2185290	2415136	2773936	2918142	3033065	3624208	4013443	4851196	4963886	5701480	6177935	6837123	7581151	8391330	9000440	10022579	10699527	11809751	12693494	13834728	14170499	14434240	14611794	14722563	14892209	14912308	
C	36	2	4	5	6	7	8	9	10	11	12	13	14	15	16	17	18	19	20	21	22	23	24	25	26	27	28	29	30	31	32	33	34	35	36	37	38	
C	36	36889	136539	661987	785483	967650	1125754	1436476	1686868	1873642	1894440	2385228	2623644	3021378	3171825	3423055	3907969	4317091	5216415	5370868	6447623	6855928	7362968	8191704	9079163	9554602	10518273	11265005	11843126	13040163	13654415	14345448	14525179	14678741	14787969	14814434	14957833	
C	37	2	4	5	6	7	8	9	10	11	12	13	14	15	16	17	18	19	20	21	22	23	24	25	26	27	28	29	30	31	32	33	34	35	36	37	
C	37	42619	112141	734803	870175	1161211	1243941	1579430	1835155	2033841	2275738	2667658	3190896	3437296	3548384	3704316	4330704	5279577	5754371	6172190	6911746	7668373	8602970	9048625	10033249	10973055	11587466	12574933	13026564	13646060	14391869	14465337	14622196	14776964	14815177	14897033	
C	38	2	3	4	5	6	7	8	9	10	11	12	13	14	15	16	17	18	19	20	21	22	23	24	25	26	27	28	29	30	31	32	33	34	35	36	37	
C	38	29760	49970	129118	691780	890536	1176144	1363968	1728259	2160639	2229876	2356404	2582018	3048528	3709599	3932127	4129042	4729914	5251871	6355218	6917414	7155494	8029167	8838548	9747298	10724672	11799084	12386705	12793116	13174163	13681411	13967081	14485089	14593989	14647700	14724941	14869490	
C	39	2	4	5	6	7	8	9	10	11	12	13	14	15	16	17	18	19	20	21	22	23	24	25	26	27	28	29	30	31	32	33	34	35	36	
C	39	31939	144632	710485	959010	1231974	1475354	1714176	2075194	2443988	2556625	2866198	3303667	4141600	4249366	4675257	5204975	5642883	6741703	7182936	7661381	8658362	9392539	10249880	11133099	11894680	12459134	13208258	13602789	13924418	14396719	14700106	14805051	14878425	14902591	
C	40	2	4	5	6	7	8	9	10	11	12	13	14	15	16	17	18	19	20	21	22	23	24	25	26	27	28	29	30	31	32	33	34	35	36	37	
C	40	64469	160866	855134	966097	1265697	1519498	1948636	2391496	2644831	2737982	3079146	3794683	4279259	4644889	4765360	5985472	6564041	7394235	7711647	8505684	9490972	9930583	11293589	11878660	12499472	12886880	13281008	13811584	14383066	14481575	14634238	14717000	14757524	14784441	14819059	
C	41	2	4	5	6	7	8	9	10	11	12	13	14	15	16	17	18	19	20	21	22	23	24	25	26	27	28	29	30	31	32	33	34	35	36	37	
C	41	41684	178598	940831	1064400	1495123	1674551	2145437	2631391	2907925	3079180	3459342	3805653	4722436	4998397	5476020	5986846	6799904	7822871	8831859	9055543	10193857	10906564	11177078	12720256	13196876	13539821	13806892	13981850	14381894	14512724	14663966	14733419	14755312	14780883	14798668	
C	42	2	4	5	6	7	8	9	10	11	12	13	14	15	16	17	18	19	20	21	22	23	24	25	26	27	28	29	30	31	32	33	34	35	36	
C	42	12860	198817	869601	1152290	1509939	1915836	2030426	2594073	3121586	3305226	3639847	4182173	5167169	5368556	5758759	6433371	7261787	8487068	8978550	9360925	10483174	11268989	12330095	12932981	13389523	13640923	13956359	14107618	14472774	14583906	14622078	14677602	14694331	14725143	
C	43	2	4	5	6	7	8	9	10	11	12	13	14	15	16	17	18	19	20	21	22	23	24	25	26	27	28	29	30	31	32	33	34	35	36	37	
C	43	40225	219659	931277	1228919	1606415	1917484	2031852	2621944	3240581	3358329	3618126	4434205	4915621	5835015	5971814	6497172	6956113	8647257	9047969	9279907	10253875	11428203	12158176	12804810	13080696	13560959	13734133	14109820	14435450	14518262	14563246	14622290	14632211	14674251	14708210	
N	0	2	5	20	
N	0	103249	150387	226149	
N	1	2	5	20	
N	1	132688	206002	287301	
N	2	2	3	4	5	6	20	23	
N	2	32047	84168	125794	167897	200149	256101	301220	
N	3	2	3	5	7	20	22	
N	3	42405	74763	128552	203212	258349	304995	
N	4	2	4	5	20	
N	4	136689	209284	264499	305284	
N	5	2	3	5	11	20	22	
N	5	86571	128923	176573	205510	245184	296087	
N	6	2	3	6	20	
N	6	88547	121198	211835	294131	
N	7	3	5	20	22	
N	7	129748	163830	255958	304798	
N	8	2	4	6	20	
N	8	82731	156182	209853	303685	
N	9	2	3	4	5	6	20	
N	9	31953	72141	163823	211184	267542	305385	
N	10	2	3	4	5	22	
N	10	27177	242132	300768	335743	430797	
N	11	2	5	7	20	
N	11	127869	172953	287618	327287	
N	12	2	3	5	
N	12	108577	271809	386839	
N	13	2	3	4	22	
N	13	118215	183691	309051	347483	
N	14	2	4	5	6	24	
N	14	128042	250740	278591	320036	376083	
N	15	4	5	6	7	9	23	24	
N	15	41356	64054	96457	138865	191017	260959	320878	
N	16	2	4	6	9	10	
N	16	68962	99783	218031	279229	332013	
N	17	2	5	6	9	
N	17	138369	247246	299226	339627	
N	18	2	5	6	7	
N	18	196581	257905	437873	479649	
N	19	2	5	6	7	
N	19	140674	172696	266975	355939	
N	20	5	6	7	9	13	
N	20	92261	189520	259489	313028	351905	
N	21	2	3	4	6	
N	21	71841	160495	215693	461654	
N	22	2	5	6	7	12	
N	22	67271	96479	203397	320186	359141	
N	23	2	4	6	8	
N	23	69227	110901	403851	457498	
N	24	2	4	5	6	7	
N	24	115744	167038	226658	292839	341544	
N	25	2	5	6	7	
N	25	114343	234599	324942	378057	
N	26	2	5	6	
N	26	66939	223060	460778	
N	27	3	5	6	7	
N	27	64797	148956	304173	356484	
N	28	2	3	5	6	
N	28	42324	107162	287296	336092	
N	29	2	4	5	6	
N	29	39951	107837	270718	333933	
N	30	2	3	4	5	6	
N	30	64183	104405	265290	382129	436861	
N	31	2	5	6	
N	31	108007	299071	350366	
N	32	2	4	5	6	
N	32	69273	110552	299281	426257	
N	33	4	5	6	
N	33	111474	384888	440648	
N	34	2	3	5	6	
N	34	38622	107936	313576	359585	
N	35	2	4	5	6	
N	35	74931	111354	433266	457545	
N	36	2	5	
N	36	113642	336394	
N	37	2	5	
N	37	108129	369488	
N	38	2	3	5	6	
N	38	36160	110639	271660	324971	
N	39	2	5	6	
N	39	114785	247585	329811	
N	40	2	5	
N	40	103416	467903	
N	41	2	5	
N	41	106994	354983	
N	42	2	4	5	6	
N	42	35459	103335	386046	417426	
N	43	4	5	6	
N	43	104452	397675	430807	
