.	0	7	8	12	14	15	16	19	20	22	25	26	27	28	29	31	33	34	36	
.	0	69185	652059	1060003	1270010	1534276	1755038	2458510	2468885	2724930	2974082	3554732	3862344	4412767	5570179	14766465	17123570	17724519	18909340	
.	1	7	8	12	14	15	16	19	20	22	25	26	27	28	29	31	33	34	36	
.	1	111009	931279	1502559	1792951	2151483	2451174	3379974	3393360	3718812	4040145	4693789	5034460	5707291	6971379	14570647	17050064	17647962	18909340	
.	2	5	8	9	11	13	15	16	20	21	24	26	27	29	30	31	33	34	36	
.	2	260074	881276	989414	1554036	1839789	2127906	2421178	2732978	3657512	4307859	4958976	5633522	6303862	7568261	14731942	17160188	17452782	18909340	
.	3	4	6	7	13	16	20	23	25	26	28	29	30	31	34	36	
.	3	117364	399402	976700	1938918	2549547	3529288	4209586	4937483	5190661	6283974	7181416	8294259	9594421	17121128	18909340	
.	4	5	6	8	10	11	13	16	17	20	24	25	27	29	30	31	32	33	34	36	
.	4	125705	427895	1031551	1113095	1737305	2387490	2725515	3072541	3814627	4589520	5390424	5623323	6009298	7192221	9494873	15288681	16055068	17773518	18909340	
.	5	7	8	12	14	17	18	20	22	24	25	27	28	30	31	32	33	34	36	37	
.	5	470522	1208728	1875499	2220580	2575388	2941714	2963452	4141676	4560608	5017352	5479111	6305518	8152062	8907276	10602110	15202211	17756384	18486537	18909340	
.	6	7	8	11	15	16	18	20	21	22	24	25	27	28	29	30	31	32	33	34	36	37	
.	6	340581	1127070	1898606	2259316	2610022	2982561	3004813	3392484	4208120	4634961	5074414	5531084	6318440	8087221	9299921	9764337	10188238	14658892	16911534	18541437	18909340	
.	7	7	9	11	18	20	24	25	26	28	29	30	31	32	33	34	36	37	
.	7	346767	1102680	1929640	2643449	3422452	4226349	4646561	5957456	6404728	6814975	7483323	8378181	10355563	14832048	15999132	18123017	18909340	
.	8	7	9	11	12	16	17	19	20	23	24	25	26	27	28	29	30	32	33	34	35	36	37	
.	8	372042	1175214	1902312	2060736	2440582	2834817	3242384	3693865	4590336	5057769	5535630	6020832	6510972	7004370	7751250	8243753	14264065	14928985	16392169	16875034	17731961	18909340	
.	9	7	8	9	13	16	19	20	21	24	25	29	30	32	33	34	35	36	37	
.	9	545715	662841	1358211	2090315	2473225	2868285	3321668	3732484	4626394	5092968	5575675	6036203	8295183	12425926	14179614	15451724	17241288	18909340	
.	10	9	11	13	17	18	20	21	22	24	27	29	30	31	32	33	34	35	36	37	
.	10	1116587	1242541	2164874	2558020	2965621	2995576	3417233	3853352	4764864	5258632	5741563	6850695	7906981	10023836	10957592	15927765	17211353	18075088	18909340	
.	11	7	9	10	12	16	18	20	21	22	24	26	28	30	31	32	33	34	35	36	37	
.	11	421357	559231	1476501	2257734	2666645	3089514	3122043	3559491	4014004	4966049	5459421	5880170	6591104	7322424	13772035	14252056	14510619	16112646	18161791	18909340	
.	12	7	8	9	15	17	20	23	27	28	29	30	31	32	33	35	36	37	
.	12	342652	795876	1569064	2396340	2832117	3796337	4289735	4840097	5682364	7558707	8045460	13369100	14978680	15379058	16497448	17398249	18909340	
.	13	9	10	12	16	18	20	21	23	24	28	29	30	31	32	33	34	35	36	
.	13	488349	1474818	1686399	2567508	3038145	3080871	3574330	4090467	4629902	5765855	6360855	6946774	9698264	10397596	12984885	14211843	17610100	18909340	
.	14	8	9	11	12	15	20	21	23	26	27	28	29	30	31	32	33	34	35	36	37	
.	14	524287	716965	1573521	1801997	2741311	3323700	3830444	4393776	6217389	6857909	7610708	8905383	9892033	10020103	11170036	13127199	14275823	16969887	17954419	18909340	
.	15	8	9	10	16	18	20	22	23	26	27	28	30	31	32	33	34	35	36	
.	15	543997	786211	1859343	2804484	3312919	3365875	3898407	4456363	6260651	6778317	7406862	7602167	9417503	9927220	13862500	14429895	17899674	18909340	
.	16	9	10	11	16	19	20	22	23	30	31	32	33	34	35	36	
.	16	271573	874479	2045166	3070530	3629483	3694283	4283955	5552867	7096100	7873990	8151878	10599679	14187098	16998777	18909340	
.	17	9	11	12	16	20	21	24	25	27	28	29	30	31	32	33	34	35	36	
.	17	927668	1191586	2160964	3241462	3312939	3906593	4569626	5197410	6025187	6711606	8565581	9479847	9984594	12777584	13242221	14642562	15890989	18909340	
.	18	9	10	11	17	19	20	23	26	30	31	32	33	34	35	36	37	
.	18	630038	1320767	2342361	3490791	4123146	4209393	4881702	6329658	9496254	10377421	13228780	14106746	15144613	15479022	18176684	18909340	
.	19	9	10	13	17	20	22	26	27	29	30	31	32	33	34	35	36	37	
.	19	1068161	1390134	2453637	3662716	3755000	5135741	5913779	6664686	9085779	10375487	12358584	13225901	14191247	15224126	16654352	17920997	18909340	
.	20	10	11	13	18	20	21	25	26	28	29	30	31	32	33	34	35	36	37	
.	20	1108384	1450123	2531182	3752551	3853657	4524746	5235398	5980825	6795760	6925879	9795747	10585882	11371070	12503315	14367967	14958714	17000587	18909340	
.	21	9	10	13	18	20	24	25	27	28	29	30	31	32	33	34	35	36	
.	21	778806	1581133	2716125	4008764	4125952	5604940	6560011	7384754	7486490	8331085	9938889	12218919	13015604	15061029	16230741	16783886	18909340	
.	22	10	11	14	20	21	26	29	30	31	32	33	34	35	36	37	38	
.	22	1262979	1672230	2855572	4345082	5101221	5902003	6297834	9486655	12765889	12891470	13685083	14807852	15860249	16911115	17376880	18909340	
.	23	11	14	19	20	22	23	25	28	29	30	31	32	33	34	35	36	37	
.	23	1737614	2930635	4301414	4441366	5199966	6001666	6888451	7044348	7788993	8701451	10278363	13357228	14304047	15602879	17338884	17938643	18909340	
.	24	10	11	15	19	20	23	25	26	27	30	31	32	33	34	35	
.	24	473222	1840502	3088928	4531359	4683749	5486067	6329681	7211238	8109051	8268204	11940202	13901436	16836343	17683702	18909340	
.	25	10	11	14	18	20	22	24	27	29	30	31	32	33	34	35	36	37	38	
.	25	1435072	1917366	3193396	4662804	4828038	5640303	6522312	6602373	7982793	9717975	11584280	12528060	12834407	14864953	16395745	16773370	17370227	18909340	
.	26	10	11	14	19	20	24	25	27	29	30	31	32	33	34	35	36	37	
.	26	534480	2039031	3373748	4919365	5100938	5954597	6849032	7984891	9786305	10018154	11514699	12300718	14020252	15370465	16575261	18164883	18909340	
.	27	10	11	14	20	23	26	27	29	30	31	32	33	34	35	36	
.	27	547825	2138925	3511300	5299935	6172715	8350268	11081587	11144317	12037326	13725151	15715835	16303644	17881691	18578921	18909340	
.	28	6	8	12	18	20	21	22	25	26	28	29	30	31	32	33	34	35	36	
.	28	606227	2252559	3675839	5317611	5536025	6432462	7360874	8303430	9354936	11611705	13209062	13815818	16261116	16576359	17451443	17667246	18740046	18909340	
.	29	7	8	9	12	18	20	22	25	26	27	28	30	31	32	33	34	35	36	
.	29	649251	1265995	2381176	3857768	5562116	6731462	7690132	8764552	9802740	11605963	12592278	14436352	14829349	16561727	17368412	17416792	18220905	18909340	
.	30	6	7	9	13	18	20	21	24	25	27	28	29	30	31	32	33	34	35	36	
.	30	697617	1360070	2534571	4085329	5874531	6136317	7106779	8100005	9097137	10899880	11541620	12663328	13329792	14945424	15718048	16287183	16465056	18567488	18909340	
.	31	7	8	9	13	17	20	21	23	24	25	26	27	28	29	30	31	32	33	34	35	36	37	
.	31	742458	1437524	2646114	4220785	6026390	6315399	7289522	8284191	9278377	10250878	10278511	10363293	12896030	13914924	13981945	14931233	16139963	16877043	17683421	18009882	18553587	18909340	
.	32	7	8	9	13	17	20	21	23	26	27	28	29	30	31	32	33	34	35	36	
.	32	796672	1533784	2791505	4421190	6289386	6607652	7613125	9690304	10169715	11157214	12981411	13754418	15215533	16565075	17238080	17536189	17790016	18744410	18909340	
.	33	7	8	9	13	18	20	22	25	26	28	29	30	31	32	33	34	35	36	
.	33	855244	1632457	2945293	4637235	6560330	6914961	8967538	9940715	11043295	12563865	13965550	14124840	17154954	17944845	18550681	18609377	18749554	18909340	
.	34	7	8	10	13	17	20	21	22	24	26	27	28	29	31	32	33	34	35	36	
.	34	906794	1729447	3094807	4846635	6836970	7216581	8269016	9320200	10347301	11375316	13286397	14900471	15571562	17091390	17132375	17236633	18332312	18609330	18909340	
.	35	6	7	9	13	17	20	21	24	26	27	28	29	30	31	32	33	34	35	36	
.	35	974771	1842351	3270739	5085714	7122415	7543489	8606938	10675712	12354186	12471604	14301422	15151465	15482071	16624461	17349964	17618110	18612218	18721860	18909340	
.	36	6	8	9	13	17	20	21	22	23	24	25	27	28	29	30	31	32	33	34	35	
.	36	1030307	1943597	3424974	5297488	7383838	7838572	8921385	10011528	11033214	11987017	14199187	14660958	15793061	16289761	17408116	17877583	18230714	18614151	18807020	18909340	
.	37	7	8	9	13	18	19	20	23	24	25	26	27	28	29	30	31	32	33	35	37	
.	37	1097780	2051465	3580270	5494771	7604837	8688182	9192144	10284975	12322476	13929482	14058165	16119204	16375365	16484865	17508267	17854608	18462847	18494273	18607341	18909340	
.	38	6	8	9	13	18	20	21	24	25	26	27	28	29	30	31	32	33	34	35	36	
.	38	1161605	2164630	3752162	5727678	7890344	9536264	10600754	11606119	13173741	14203251	15481816	15925286	16767821	16848405	17610830	17692987	18015349	18246527	18726639	18909340	
.	39	6	8	10	14	17	20	22	23	25	26	27	28	29	30	31	32	33	34	35	36	
.	39	1224229	2275443	3919296	5950106	8155854	9858270	10923222	11918944	12021779	14492020	15047605	16594185	16955999	17535469	18048013	18137985	18244140	18637201	18735956	18909340	
.	40	7	8	10	13	17	20	22	23	24	25	26	27	28	30	31	32	33	34	35	
.	40	1295777	2395520	4092778	6170513	8399182	10160128	11219001	12234417	12536011	13479342	15308548	16211983	17175117	17606708	18115958	18624635	18683910	18815453	18909340	
.	41	6	8	10	14	17	20	22	23	24	25	26	27	28	29	30	31	32	33	34	35	36	
.	41	1375790	2535921	4304951	6457511	8737587	10551304	12571045	12584474	13845186	15711837	16610438	16817107	17189226	17520730	17959933	17987035	18065862	18161838	18279621	18490299	18909340	
.	42	6	8	10	13	17	19	20	21	22	23	24	25	26	27	28	29	31	32	33	34	37	
.	42	1449422	2661840	4489542	6687147	8977936	10090799	10850876	11887023	12829543	13669401	15024425	16223597	16303378	16908690	17159491	17625479	17934296	18142909	18385296	18598767	18909340	
.	43	6	8	10	13	16	19	20	21	22	23	24	25	26	27	28	29	30	31	32	33	34	
.	43	1525477	2786585	4669953	6917770	9233088	10344827	11165036	12190931	12202682	13129255	14435739	14783875	16715032	17332267	17777914	17997011	18414586	18454207	18795990	18860575	18909340	
.	44	6	8	10	13	17	20	21	22	24	25	26	27	28	29	30	31	32	33	34	
.	44	1605731	2921012	4866406	7162517	9494290	12520534	13420495	14212167	15468362	16369247	16814030	17255453	17705043	18000876	18011953	18144900	18211483	18838119	18909340	
.	45	6	8	10	13	17	20	21	22	23	24	25	26	27	28	29	30	31	32	33	34	
.	45	1693896	3064419	5066702	7407552	9746546	11798141	11807985	13671311	16123858	16697181	17212423	17279040	18004850	18446398	18503128	18580539	18631158	18833459	18860875	18909340	
.	46	6	8	10	13	16	17	18	20	21	23	24	25	27	28	30	31	32	34	35	
.	46	1773186	3200051	5259066	7647928	7657143	10006364	11089922	13938188	13971577	16692041	17083916	17239317	18008977	18396835	18406677	18445761	18510605	18810663	18909340	
.	47	6	8	10	13	16	19	20	22	24	25	26	27	28	30	31	32	33	34	
.	47	1866158	3353586	5479520	7912114	10265209	11332182	14206025	15340652	16447491	17220533	17508731	17987925	18271091	18505702	18557078	18768695	18795286	18909340	
.	48	6	8	10	13	17	19	20	22	23	24	25	26	27	29	30	31	32	33	34	
.	48	1959947	3508803	5699567	8169790	10512459	12483520	13674996	15776929	16871555	17276469	17862341	17890087	18205810	18317690	18620752	18732667	18796259	18865752	18909340	
.	49	6	8	10	13	14	17	20	21	22	23	24	25	26	27	28	29	30	31	32	34	
.	49	2013033	3610712	5872517	5879870	8417244	10786697	14743932	15772222	16552188	16639135	17011665	17466642	17647296	18159759	18468281	18619713	18647359	18670246	18856405	18909340	
A	0	7	8	12	14	15	16	19	20	22	25	26	27	28	29	31	33	34	36	
A	0	9640	182018	317799	392242	484106	569630	863287	865051	981988	1092295	1350638	1493105	1753403	2250427	4760938	5760555	5996875	6511393	
A	1	7	8	12	14	15	16	19	20	22	25	26	27	28	29	31	33	34	36	
A	1	12804	238134	408526	499936	613169	716656	1065446	1068063	1203360	1333704	1593965	1735113	2024802	2513790	4346713	5279936	5483473	5972131	
A	2	5	8	9	11	13	15	16	20	21	24	26	27	29	30	31	33	34	36	
A	2	69082	242231	254991	422932	512003	606228	705765	814193	1169067	1440376	1714242	2001108	2289825	2790174	4501372	5382101	5482303	5993324	
A	3	4	6	7	13	16	20	23	25	26	28	29	30	31	34	36	
A	3	14690	89600	253780	538098	736225	1083471	1348019	1648383	1726162	2165924	2470504	2930112	3404823	5375965	5992029	
A	4	5	6	8	10	11	13	16	17	20	24	25	27	29	30	31	32	33	34	36	
A	4	16808	99599	276510	298204	492982	713929	837636	970008	1267336	1602231	1952615	2014241	2181038	2679475	3601846	4905868	5121228	5735170	6082257	
A	5	7	8	12	14	17	18	20	22	24	25	27	28	30	31	32	33	34	36	37	
A	5	112930	329249	538002	652517	775349	907489	912414	1374280	1548507	1745390	1943844	2273351	2973617	3265900	3935151	4862322	5795867	6004526	6169257	
A	6	7	8	11	15	16	18	20	21	22	24	25	27	28	29	30	31	32	33	34	36	37	
A	6	94287	306283	543616	670306	787395	924139	929020	1077843	1410821	1591857	1781722	1981102	2286143	2990490	3373923	3574914	3736009	4574736	5411911	5949597	6074397	
A	7	7	9	11	18	20	24	25	26	28	29	30	31	32	33	34	36	37	
A	7	96538	315201	548839	790432	1076164	1398487	1573973	2126789	2319888	2476145	2719629	3104355	3848915	4680851	5119313	5728204	6017362	
A	8	7	9	11	12	16	17	19	20	23	24	25	26	27	28	29	30	32	33	34	35	36	37	
A	8	104059	340521	575397	598667	730601	874891	1031666	1207955	1586525	1789920	1999437	2212664	2426813	2640369	2891930	3101562	4552178	4702845	5194145	5391701	5583471	5980715	
A	9	7	8	9	13	16	19	20	21	24	25	29	30	32	33	34	35	36	37	
A	9	132560	164006	372979	609833	742638	886787	1062302	1218761	1592526	1792839	2003338	2184023	3101158	3924506	4507747	4973889	5401917	6009373	
A	10	9	11	13	17	18	20	21	22	24	27	29	30	31	32	33	34	35	36	37	
A	10	324409	357534	623610	757573	902853	909206	1067280	1237160	1609646	1817246	2022196	2419619	2783432	3570567	3879836	4975409	5440679	5642926	5939927	
A	11	7	9	10	12	16	18	20	21	22	24	26	28	30	31	32	33	34	35	36	37	
A	11	117995	154722	400153	647914	786639	937009	943936	1106758	1282624	1668114	1872973	2017978	2273019	2536949	4218666	4403261	4468965	5056592	5666311	5905597	
A	12	7	8	9	15	17	20	23	27	28	29	30	31	32	33	35	36	37	
A	12	71839	198506	428993	695079	845941	1200927	1398197	1632659	1915787	2585372	2761979	4120492	4658063	4738568	5117025	5317328	5909455	
A	13	9	10	12	16	18	20	21	23	24	28	29	30	31	32	33	34	35	36	
A	13	137398	430505	466051	759294	929369	938164	1126042	1331323	1553597	2036437	2290055	2527384	3002131	3158014	4072786	4485948	5598397	5885200	
A	14	8	9	11	12	15	20	21	23	26	27	28	29	30	31	32	33	34	35	36	37	
A	14	148709	200134	465618	505531	827984	1049523	1239729	1473167	2260243	2533591	2823952	3274495	3625283	3641730	4060536	4694770	4937862	5402179	5565133	5872256	
A	15	8	9	10	16	18	20	22	23	26	27	28	30	31	32	33	34	35	36	
A	15	153569	195487	510451	820000	1000072	1011170	1208682	1424778	2160495	2337843	2598651	2634192	3283826	3401321	4383394	4515770	5606404	5823629	
A	16	9	10	11	16	19	20	22	23	30	31	32	33	34	35	36	
A	16	49626	220976	567927	908124	1107788	1121526	1343325	1846893	2439953	2728332	2769637	3589464	4534103	5350297	5942760	
A	17	9	11	12	16	20	21	24	25	27	28	29	30	31	32	33	34	35	36	
A	17	237597	307335	607569	977101	992342	1213415	1482360	1727723	2031878	2294169	2969134	3158835	3313244	4058250	4191867	4700170	4967877	5859407	
A	18	9	10	11	17	19	20	23	26	30	31	32	33	34	35	36	37	
A	18	141119	337764	651146	1035348	1263489	1281768	1536713	2112562	3288857	3488450	4505540	4766033	5037180	5081497	5660623	5949053	
A	19	9	10	13	17	20	22	26	27	29	30	31	32	33	34	35	36	37	
A	19	277042	362153	696320	1118271	1138234	1672324	1994785	2300179	3161210	3574580	4080514	4358953	4677353	4976347	5265239	5578040	5863471	
A	20	10	11	13	18	20	21	25	26	28	29	30	31	32	33	34	35	36	37	
A	20	289187	379471	712117	1125411	1147159	1391401	1661348	1953484	2223673	2241258	3345424	3571800	3882595	4227247	4727537	4840949	5279838	5850566	
A	21	9	10	13	18	20	24	25	27	28	29	30	31	32	33	34	35	36	
A	21	179802	409032	756622	1190621	1215755	1761870	2095297	2421908	2434842	2651920	3276896	4087523	4305650	4813871	5129206	5202317	5901534	
A	22	10	11	14	20	21	26	29	30	31	32	33	34	35	36	37	38	
A	22	335332	444063	815338	1317192	1600502	1912759	1978134	2948073	4174575	4190168	4465480	4761947	4982169	5157798	5284558	5847544	
A	23	11	14	19	20	22	23	25	28	29	30	31	32	33	34	35	36	37	
A	23	456825	822616	1282020	1312307	1584086	1884370	2212646	2233237	2480556	2808784	3365865	4311613	4631654	4947501	5443585	5546622	5832003	
A	24	10	11	15	19	20	23	25	26	27	30	31	32	33	34	35	
A	24	104215	492633	882492	1379063	1412678	1707949	2030285	2375000	2728876	2751461	4053833	4704468	5434152	5573421	5819903	
A	25	10	11	14	18	20	22	24	27	29	30	31	32	33	34	35	36	37	38	
A	25	381151	510653	900146	1391689	1428273	1718330	2054593	2063968	2496758	3158901	3852864	4086488	4138178	4675220	5118526	5180366	5374668	5797343	
A	26	10	11	14	19	20	24	25	27	29	30	31	32	33	34	35	36	37	
A	26	120509	549583	967231	1499239	1539788	1852755	2191380	2578293	3263315	3294585	3756842	3984289	4595934	4848188	5176015	5593830	5772490	
A	27	10	11	14	20	23	26	27	29	30	31	32	33	34	35	36	
A	27	150026	579195	1003259	1586854	1901669	2673253	3711574	3718755	3987959	4574097	5086826	5222242	5571060	5703712	5752000	
A	28	6	8	12	18	20	21	22	25	26	28	29	30	31	32	33	34	35	36	
A	28	139566	608436	1042805	1591955	1640850	1959475	2299841	2655758	3021783	3827616	4344084	4516207	5234626	5306456	5478556	5504823	5698020	5722786	
A	29	7	8	9	12	18	20	22	25	26	27	28	30	31	32	33	34	35	36	
A	29	150953	320822	645683	1101810	1677070	2064215	2418775	2794760	3168185	3838664	4154796	4613304	4711395	5203192	5439945	5445682	5579941	5700835	
A	30	6	7	9	13	18	20	21	24	25	27	28	29	30	31	32	33	34	35	36	
A	30	165584	349707	699216	1190798	1811250	1870513	2225764	2596464	2972126	3628979	3734009	4008250	4143627	4709056	4953734	5079134	5099381	5648173	5697177	
A	31	7	8	9	13	17	20	21	23	24	25	26	27	28	29	30	31	32	33	34	35	36	37	
A	31	177258	371434	725038	1209947	1814202	1880136	2224576	2587553	2955822	3317054	3321104	3330784	4226771	4543801	4551664	4771654	5004330	5156931	5377873	5416538	5581305	5666319	
A	32	7	8	9	13	17	20	21	23	26	27	28	29	30	31	32	33	34	35	36	
A	32	188094	392498	760641	1263919	1891566	1962948	2319997	3078641	3208939	3576697	4237486	4443454	4949161	5301572	5449815	5495104	5525566	5697795	5721833	
A	33	7	8	9	13	18	20	22	25	26	28	29	30	31	32	33	34	35	36	
A	33	204953	421909	804816	1323920	1966831	2047429	2785494	3146513	3532953	4029247	4357392	4375527	5331899	5537329	5628224	5635173	5653283	5675260	
A	34	7	8	10	13	17	20	21	22	24	26	27	28	29	31	32	33	34	35	36	
A	34	219274	451699	854583	1398690	2071048	2157200	2530688	2913096	3291315	3658183	4301982	4729785	4857993	5239765	5246246	5260078	5533833	5567894	5629503	
A	35	6	7	9	13	17	20	21	24	26	27	28	29	30	31	32	33	34	35	36	
A	35	239479	487007	910380	1473394	2163097	2259726	2637451	3396012	3983883	3997015	4607499	4841638	4913884	5172484	5352858	5387468	5569000	5580834	5607679	
A	36	6	8	9	13	17	20	21	22	23	24	25	27	28	29	30	31	32	33	34	35	
A	36	253721	513866	950470	1531987	2237349	2342120	2726622	3119383	3495932	3844123	4602169	4718326	4941893	5084863	5367711	5465358	5510373	5568571	5589961	5601107	
A	37	7	8	9	13	18	19	20	23	24	25	26	27	28	29	30	31	32	33	35	37	
A	37	270017	540653	989638	1578240	2286140	2668117	2782515	3171506	3895697	4463643	4479767	5066686	5100402	5113033	5340141	5397677	5515103	5519391	5532152	5595585	
A	38	6	8	9	13	18	20	21	24	25	26	27	28	29	30	31	32	33	34	35	36	
A	38	288543	574974	1044227	1656222	2385441	2900067	3287186	3656287	4203613	4551224	4850659	4926967	5150188	5158902	5379395	5392594	5439966	5466208	5563164	5588719	
A	39	6	8	10	14	17	20	22	23	25	26	27	28	29	30	31	32	33	34	35	36	
A	39	307989	608556	1092642	1721089	2465415	2994161	3380540	3745141	3757122	4613680	4718547	5174593	5227691	5330467	5435977	5450129	5463824	5527290	5537750	5560499	
A	40	7	8	10	13	17	20	22	23	24	25	26	27	28	30	31	32	33	34	35	
A	40	327911	645155	1148950	1796723	2554781	3101714	3490492	3856944	3917721	4246141	4833398	5081323	5311097	5398432	5484255	5548406	5556657	5570820	5580696	
A	41	6	8	10	14	17	20	22	23	24	25	26	27	28	29	30	31	32	33	34	35	36	
A	41	353177	690138	1220190	1895336	2669386	3227077	3952936	3955465	4354364	4942124	5181219	5211681	5287497	5326438	5395707	5400913	5413849	5426826	5440100	5463129	5526650	
A	42	6	8	10	13	17	19	20	21	22	23	24	25	26	27	28	29	31	32	33	34	37	
A	42	374400	727696	1274961	1967057	2747747	3143427	3319914	3694426	4033458	4326691	4766660	5069722	5079554	5197575	5224723	5306093	5361313	5388129	5418909	5441977	5510310	
A	43	6	8	10	13	16	19	20	21	22	23	24	25	26	27	28	29	30	31	32	33	34	
A	43	396725	765310	1331655	2040445	2830086	3224228	3415582	3784364	3786717	4117989	4533646	4603857	5148749	5277848	5351832	5384320	5433668	5441246	5483234	5491941	5497664	
A	44	6	8	10	13	17	20	21	22	24	25	26	27	28	29	30	31	32	33	34	
A	44	419910	805501	1390951	2114427	2911524	3873714	4193554	4462727	4853962	5082874	5151526	5229326	5311508	5355816	5358098	5376312	5386581	5465788	5473301	
A	45	6	8	10	13	17	20	21	22	23	24	25	26	27	28	29	30	31	32	33	34	
A	45	449101	855191	1463501	2206783	3010750	3620875	3622898	4278355	4982553	5110647	5195063	5202093	5320705	5384874	5391056	5399108	5408498	5433257	5437042	5442589	
A	46	6	8	10	13	16	17	18	20	21	23	24	25	27	28	30	31	32	34	35	
A	46	472481	896033	1523586	2285906	2287840	3095109	3476027	4353057	4357381	5113629	5167713	5185317	5296369	5341062	5343053	5350409	5360390	5418292	5428203	
A	47	6	8	10	13	16	19	20	22	24	25	26	27	28	30	31	32	33	34	
A	47	501986	946443	1598936	2377640	3183620	3553591	4416936	4717382	5010771	5163965	5212273	5272353	5303191	5335145	5344658	5370159	5373943	5386473	
A	48	6	8	10	13	17	19	20	22	23	24	25	26	27	29	30	31	32	33	34	
A	48	535502	1003131	1682231	2476803	3278979	3953674	4240603	4809210	5097942	5165270	5249902	5253843	5293048	5304982	5342738	5354711	5364514	5373279	5378317	
A	49	6	8	10	13	14	17	20	21	22	23	24	25	26	27	28	29	30	31	32	34	
A	49	560285	1053255	1762986	1764575	2578708	3377662	4568922	4814768	5016103	5029199	5102216	5163267	5181792	5261717	5313778	5330060	5335783	5340183	5362890	5368950	
T	0	7	8	12	14	15	16	19	20	22	25	26	27	28	29	31	33	34	36	
T	0	10758	153201	252134	302856	366015	418358	580418	583130	640147	695989	836108	908225	1029987	1321618	4597280	5207567	5373490	5673401	
T	1	7	8	12	14	15	16	19	20	22	25	26	27	28	29	31	33	34	36	
T	1	13086	224531	373037	448096	539059	614906	840675	843531	919363	994702	1153539	1234387	1388707	1701158	4079197	4706484	4865491	5178539	
T	2	5	8	9	11	13	15	16	20	21	24	26	27	29	30	31	33	34	36	
T	2	65927	231077	244373	395496	471060	546241	621687	700441	925292	1077058	1227881	1384542	1538828	1850195	4288781	4919150	4997697	5384196	
T	3	4	6	7	13	16	20	23	25	26	28	29	30	31	34	36	
T	3	14168	82646	233331	480077	634263	870718	1027490	1187622	1263083	1508284	1749395	1993675	2320304	4750447	5228327	
T	4	5	6	8	10	11	13	16	17	20	24	25	27	29	30	31	32	33	34	36	
T	4	15630	87988	243853	262647	422720	585636	668247	751498	923880	1097908	1276704	1351139	1437606	1709068	2258613	4236837	4472480	4919404	5248407	
T	5	7	8	12	14	17	18	20	22	24	25	27	28	30	31	32	33	34	36	37	
T	5	91051	268990	431344	513455	596354	680017	683924	940124	1027387	1118220	1210873	1392506	1832100	2008995	2383481	4090805	4719373	4951861	5046087	
T	6	7	8	11	15	16	18	20	21	22	24	25	27	28	29	30	31	32	33	34	36	37	
T	6	79620	262712	454855	542575	629499	718371	722578	813264	996377	1089687	1184353	1281880	1474136	1883972	2240745	2340407	2442999	4199935	4775467	5240469	5340316	
T	7	7	9	11	18	20	24	25	26	28	29	30	31	32	33	34	36	37	
T	7	80667	272580	463767	637719	817929	995481	1085428	1362806	1455095	1551673	1725513	1910579	2386304	4283611	4566894	5250805	5443557	
T	8	7	9	11	12	16	17	19	20	23	24	25	26	27	28	29	30	32	33	34	35	36	37	
T	8	85193	284725	464851	484785	576497	669716	763319	863373	1058117	1156917	1258057	1360084	1463490	1567840	1769725	1875781	4033429	4278545	4678635	4785871	5106108	5419055	
T	9	7	8	9	13	16	19	20	21	24	25	29	30	32	33	34	35	36	37	
T	9	108698	133428	311334	492708	584523	676514	775232	867680	1055893	1152232	1250395	1353900	1854103	3623799	4110775	4420436	5086876	5497580	
T	10	9	11	13	17	18	20	21	22	24	27	29	30	31	32	33	34	35	36	37	
T	10	281575	308371	519191	613595	708630	714892	810118	905818	1098510	1199024	1297363	1583344	1871799	2380656	2652015	4740977	5052343	5387072	5593956	
T	11	7	9	10	12	16	18	20	21	22	24	26	28	30	31	32	33	34	35	36	37	
T	11	100500	130144	349278	546772	645385	744610	751653	850701	950971	1152366	1254291	1362208	1551265	1743558	4212800	4320594	4415138	4811629	5472149	5682767	
T	12	7	8	9	15	17	20	23	27	28	29	30	31	32	33	35	36	37	
T	12	59772	167023	367852	574125	678154	897202	1004492	1117227	1347392	1849797	1969417	4013576	4465172	4640052	4952748	5319558	5666864	
T	13	9	10	12	16	18	20	21	23	24	28	29	30	31	32	33	34	35	36	
T	13	113448	355814	385770	599771	708361	716469	826942	938888	1053317	1288799	1411341	1538597	2828719	3107184	3793368	4140296	5109884	5623514	
T	14	8	9	11	12	15	20	21	23	26	27	28	29	30	31	32	33	34	35	36	37	
T	14	121177	161570	376895	410105	634882	760724	876058	996241	1373222	1507045	1699802	2048454	2306845	2373292	2653243	3193461	3641248	4883007	5334224	5600692	
T	15	8	9	10	16	18	20	22	23	26	27	28	30	31	32	33	34	35	36	
T	15	128614	164494	431200	660065	776994	787542	905375	1024688	1394206	1528697	1655918	1750831	2215457	2422974	4024445	4252006	5329598	5760963	
T	16	9	10	11	16	19	20	22	23	30	31	32	33	34	35	36	
T	16	41460	180893	463946	707134	832041	844122	972274	1235399	1601133	1798940	1950819	2679098	4076387	5044650	5659472	
T	17	9	11	12	16	20	21	24	25	27	28	29	30	31	32	33	34	35	36	
T	17	193381	247586	489588	742592	755556	886526	1023690	1157949	1375187	1532139	2023061	2419525	2571459	3624286	3773260	4130381	4664351	5661200	
T	18	9	10	11	17	19	20	23	26	30	31	32	33	34	35	36	37	
T	18	112269	271361	522640	788261	926668	942160	1084035	1378165	2166442	2556521	3326961	3627871	4038765	4231740	5477053	5639791	
T	19	9	10	13	17	20	22	26	27	29	30	31	32	33	34	35	36	37	
T	19	222405	288868	550439	827295	843891	1138000	1295759	1449697	2096227	2496600	3287947	3549099	3832576	4177348	4822204	5318207	5639923	
T	20	10	11	13	18	20	21	25	26	28	29	30	31	32	33	34	35	36	37	
T	20	239296	312099	580466	862664	882308	1029154	1179881	1333805	1572753	1648083	2296834	2575123	2742799	3119599	3833746	4119546	5048723	5673235	
T	21	9	10	13	18	20	24	25	27	28	29	30	31	32	33	34	35	36	
T	21	148917	338273	616888	912121	933985	1247735	1500448	1669921	1731617	2073121	2430440	3042945	3344976	4215403	4673334	5003196	5647823	
T	22	10	11	14	20	21	26	29	30	31	32	33	34	35	36	37	38	
T	22	273611	361676	652023	984461	1146137	1312746	1522436	2588582	3380992	3456226	3671247	4098655	4581729	5133810	5302686	5677373	
T	23	11	14	19	20	22	23	25	28	29	30	31	32	33	34	35	36	37	
T	23	380930	672953	983909	1011263	1174274	1341266	1543282	1639610	1860920	2097914	2512393	3556242	3833622	4395843	5032502	5360617	5700202	
T	24	10	11	15	19	20	23	25	26	27	30	31	32	33	34	35	
T	24	87453	405944	710306	1034813	1065088	1236840	1412152	1592968	1780345	1874872	2847920	3414139	4640013	5108523	5713128	
T	25	10	11	14	18	20	22	24	27	29	30	31	32	33	34	35	36	37	38	
T	25	317260	422339	732665	1060567	1093246	1265087	1444359	1498417	1933425	2311990	2758114	3177596	3355752	4204053	4782160	5005414	5192202	5813433	
T	26	10	11	14	19	20	24	25	27	29	30	31	32	33	34	35	36	37	
T	26	100074	452905	773916	1115793	1151870	1331375	1515981	1835417	2234104	2381029	2880119	3166450	3610876	4339963	4822330	5466610	5794809	
T	27	10	11	14	20	23	26	27	29	30	31	32	33	34	35	36	
T	27	121467	477728	807478	1195753	1377376	1915406	2514469	2557968	2879240	3352237	4222345	4504771	5295119	5683519	5895062	
T	28	6	8	12	18	20	21	22	25	26	28	29	30	31	32	33	34	35	36	
T	28	116262	507802	848867	1207255	1252140	1437847	1627997	1829275	2099525	2694152	3227380	3474921	4420931	4582211	5078596	5230903	5879397	5991315	
T	29	7	8	9	12	18	20	22	25	26	27	28	30	31	32	33	34	35	36	
T	29	126385	265197	538530	890920	1263868	1507762	1706459	1996345	2247278	2672512	3000972	3857305	4037936	4728433	5035156	5068927	5562350	5973938	
T	30	6	7	9	13	18	20	21	24	25	27	28	29	30	31	32	33	34	35	36	
T	30	137650	287622	573109	938381	1326927	1380604	1584471	1792676	2005636	2448335	2839063	3352887	3717576	4150441	4402815	4685941	4810470	5714729	5937624	
T	31	7	8	9	13	17	20	21	23	24	25	26	27	28	29	30	31	32	33	34	35	36	37	
T	31	145988	305347	602638	975215	1368958	1429152	1634281	1843739	2058693	2279278	2297030	2358130	3051883	3415255	3463088	3946585	4647630	5053460	5398758	5632949	5838118	6014967	
T	32	7	8	9	13	17	20	21	23	26	27	28	29	30	31	32	33	34	35	36	
T	32	158956	329427	639474	1024475	1433153	1499548	1714109	2181632	2396050	2626957	3114607	3471493	3921169	4557703	4923501	5120404	5301607	5888184	5999941	
T	33	7	8	9	13	18	20	22	25	26	28	29	30	31	32	33	34	35	36	
T	33	171951	353659	678060	1072841	1489783	1563848	2002361	2235454	2526422	3071287	3824875	3943643	5070677	5457286	5870153	5913277	6014650	6127995	
T	34	7	8	10	13	17	20	21	22	24	26	27	28	29	31	32	33	34	35	36	
T	34	184510	378032	714588	1124408	1557269	1637946	1864574	2095371	2330037	2603697	3213764	3959929	4363872	5113628	5139275	5210824	5749716	5950688	6124694	
T	35	6	7	9	13	17	20	21	24	26	27	28	29	30	31	32	33	34	35	36	
T	35	201070	408365	763628	1188270	1633342	1725235	1955944	2429769	2928763	3016502	3626823	4017758	4205483	4836635	5205924	5399193	6029715	6113240	6245224	
T	36	6	8	9	13	17	20	21	22	23	24	25	27	28	29	30	31	32	33	34	35	
T	36	216113	436922	805639	1244561	1702244	1802208	2041181	2299057	2545716	2799046	3530499	3768642	4465465	4689224	5252354	5531098	5788981	6053359	6198958	6277086	
T	37	7	8	9	13	18	19	20	23	24	25	26	27	28	29	30	31	32	33	35	37	
T	37	233154	467184	851412	1302877	1772741	2017794	2129863	2403200	2985885	3502596	3597258	4563270	4751484	4834225	5433896	5669825	6052757	6075057	6162005	6346289	
T	38	6	8	9	13	18	20	21	24	25	26	27	28	29	30	31	32	33	34	35	36	
T	38	250438	498094	897358	1362814	1848037	2224427	2480008	2738979	3263643	3608753	4329297	4628056	5060345	5122755	5471731	5526684	5755716	5931422	6231284	6364152	
T	39	6	8	10	14	17	20	22	23	25	26	27	28	29	30	31	32	33	34	35	36	
T	39	270390	533844	949366	1429087	1929101	2324262	2586374	2851083	2928910	3763757	4122468	4833988	5094512	5481528	5797529	5858500	5935798	6207625	6284590	6413559	
T	40	7	8	10	13	17	20	22	23	24	25	26	27	28	30	31	32	33	34	35	
T	40	288464	565541	992571	1483193	1990971	2405310	2672931	2968893	3161049	3477500	4230331	4692189	5234653	5508308	5859579	6243514	6286168	6388751	6462629	
T	41	6	8	10	14	17	20	22	23	24	25	26	27	28	29	30	31	32	33	34	35	36	
T	41	310840	605818	1054144	1568579	2100194	2535644	3090049	3098545	3602185	4377517	4839989	4989737	5222924	5476921	5785136	5802154	5855141	5924549	6014940	6179453	6479616	
T	42	6	8	10	13	17	19	20	21	22	23	24	25	26	27	28	29	31	32	33	34	37	
T	42	335214	649207	1117501	1647765	2193703	2476493	2656281	2939402	3223281	3511369	4064451	4724996	4785144	5178814	5375886	5694816	5903883	6060166	6243748	6411471	6600611	
T	43	6	8	10	13	16	19	20	21	22	23	24	25	26	27	28	29	30	31	32	33	34	
T	43	358096	687620	1170967	1717251	2276834	2567161	2763863	3053379	3060826	3351015	3906863	4129677	5072963	5459878	5772148	5932490	6255988	6281481	6542668	6590091	6627583	
T	44	6	8	10	13	17	20	21	22	24	25	26	27	28	29	30	31	32	33	34	
T	44	384513	732835	1237190	1802655	2379736	3211722	3506892	3805574	4369257	4874380	5195958	5498142	5803490	6019947	6026913	6125661	6172961	6654213	6710800	
T	45	6	8	10	13	17	20	21	22	23	24	25	26	27	28	29	30	31	32	33	34	
T	45	409783	776043	1295363	1876055	2467179	3011672	3017812	3623530	4820328	5168733	5533348	5586316	6098323	6423586	6468518	6530440	6563599	6719269	6739372	6777145	
T	46	6	8	10	13	16	17	18	20	21	23	24	25	27	28	30	31	32	34	35	
T	46	437507	823755	1362818	1963152	1968989	2576908	2890911	3767760	3792923	5185123	5479312	5601939	6173644	6478131	6484370	6510226	6556530	6755295	6835078	
T	47	6	8	10	13	16	19	20	22	24	25	26	27	28	30	31	32	33	34	
T	47	468713	876297	1435725	2057651	2683829	3005139	3916415	4523110	5105791	5610912	5814850	6183917	6409776	6586548	6620851	6785361	6804932	6895332	
T	48	6	8	10	13	17	19	20	22	23	24	25	26	27	29	30	31	32	33	34	
T	48	496606	921315	1498807	2138123	2777440	3430092	3737681	4824125	5407727	5693727	6129143	6149609	6394387	6483354	6717580	6806917	6852536	6905502	6939589	
T	49	6	8	10	13	14	17	20	21	22	23	24	25	26	27	28	29	30	31	32	34	
T	49	511527	952197	1556853	1561440	2229620	2891303	4196328	4784962	5195976	5258387	5501526	5845194	5990251	6359585	6576163	6696883	6714369	6729210	6872855	6914116	
G	0	7	8	12	14	15	16	19	20	22	25	26	27	28	29	31	33	34	36	
G	0	7760	136109	230215	278517	336678	385454	534471	536063	585238	635422	734128	783573	882371	1080471	3484292	3875335	3974494	4169891	
G	1	7	8	12	14	15	16	19	20	22	25	26	27	28	29	31	33	34	36	
G	1	8267	156511	262951	316553	379532	432378	591457	593189	644905	697278	802759	855265	958830	1169237	3356771	3776984	3884293	4093185	
G	2	5	8	9	11	13	15	16	20	21	24	26	27	29	30	31	33	34	36	
G	2	43068	155397	163504	267411	319530	371347	422834	475591	627632	726943	826402	926293	1025637	1226336	3265089	3676311	3727899	3983837	
G	3	4	6	7	13	16	20	23	25	26	28	29	30	31	34	36	
G	3	9363	56645	166975	345550	456311	623272	731648	839534	895274	1059760	1231084	1393371	1618996	3826049	4162258	
G	4	5	6	8	10	11	13	16	17	20	24	25	27	29	30	31	32	33	34	36	
G	4	10274	59766	171868	183797	298044	412616	470023	527588	644200	759482	875401	931305	988738	1166245	1527757	3341531	3515002	3819468	4056679	
G	5	7	8	12	14	17	18	20	22	24	25	27	28	30	31	32	33	34	36	37	
G	5	64618	197873	320504	382112	444126	505683	508316	694204	756266	819183	882796	1012347	1332018	1460266	1725489	3334960	3794068	3975687	4042417	
G	6	7	8	11	15	16	18	20	21	22	24	25	27	28	29	30	31	32	33	34	36	37	
G	6	54035	184662	320662	382513	444230	506246	508955	571666	697194	760067	823411	887933	1019148	1290843	1540126	1605260	1674019	3157067	3547709	3868964	3937393	
G	7	7	9	11	18	20	24	25	26	28	29	30	31	32	33	34	36	37	
G	7	54729	188602	323940	449079	576979	702446	765263	957513	1021639	1088372	1208565	1337024	1667747	3050992	3248018	3726107	3860834	
G	8	7	9	11	12	16	17	19	20	23	24	25	26	27	28	29	30	32	33	34	35	36	37	
G	8	58319	198552	327268	340395	405612	471221	537203	606884	741046	809075	877466	946592	1016567	1087552	1226013	1297195	2866285	3033477	3306176	3378718	3595082	3809526	
G	9	7	8	9	13	16	19	20	21	24	25	29	30	32	33	34	35	36	37	
G	9	73914	89840	216528	347417	413908	480671	552433	620288	758020	827926	898302	972561	1330225	2475162	2814128	3033962	3471123	3762556	
G	10	9	11	13	17	18	20	21	22	24	27	29	30	31	32	33	34	35	36	37	
G	10	198478	216104	369729	440012	511978	515703	587810	660609	807917	885935	961415	1166382	1370977	1748990	1935420	3170791	3404105	3614758	3768872	
G	11	7	9	10	12	16	18	20	21	22	24	26	28	30	31	32	33	34	35	36	37	
G	11	68639	87863	241267	384336	458037	532188	536098	611826	688212	844265	923822	1003356	1134784	1269122	2681164	2764140	2823620	3111942	3545104	3695433	
G	12	7	8	9	15	17	20	23	27	28	29	30	31	32	33	35	36	37	
G	12	39773	114138	258019	409910	487513	650702	731839	817706	978835	1322088	1409267	2608958	2919700	3018914	3230760	3446166	3701447	
G	13	9	10	12	16	18	20	21	23	24	28	29	30	31	32	33	34	35	36	
G	13	80138	254716	274887	433516	515719	520982	604486	689791	776406	955001	1047739	1143451	1858806	2023193	2496866	2732818	3389563	3698637	
G	14	8	9	11	12	15	20	21	23	26	27	28	29	30	31	32	33	34	35	36	37	
G	14	86062	113530	270665	293332	461093	556299	643592	734410	1020492	1121509	1251505	1489193	1669765	1703452	1907907	2284646	2553487	3242838	3489432	3673931	
G	15	8	9	10	16	18	20	22	23	26	27	28	30	31	32	33	34	35	36	
G	15	92594	117527	312932	490936	583781	590378	686071	784186	1092292	1192558	1298648	1344077	1682301	1796999	2616469	2744743	3433365	3666014	
G	16	9	10	11	16	19	20	22	23	30	31	32	33	34	35	36	
G	16	29380	131938	341368	529524	628897	637026	738026	948779	1214349	1350356	1418499	1891125	2667529	3259872	3650048	
G	17	9	11	12	16	20	21	24	25	27	28	29	30	31	32	33	34	35	36	
G	17	140865	179477	361546	558071	566872	670484	780651	887144	1033715	1154183	1488743	1702714	1806063	2398544	2497429	2751305	3035808	3655283	
G	18	9	10	11	17	19	20	23	26	30	31	32	33	34	35	36	37	
G	18	81377	201291	395036	604615	715072	726138	840665	1079096	1659012	1862372	2384592	2577049	2801405	2881023	3518368	3645826	
G	19	9	10	13	17	20	22	26	27	29	30	31	32	33	34	35	36	37	
G	19	168221	216796	418183	638458	650381	888128	1016642	1141957	1587469	1834353	2258962	2427609	2613158	2825642	3147757	3422265	3629841	
G	20	10	11	13	18	20	21	25	26	28	29	30	31	32	33	34	35	36	37	
G	20	177737	229355	439563	669499	682213	803888	930668	1061235	1223041	1252805	1774545	1939935	2080246	2313741	2708940	2846197	3318016	3733605	
G	21	9	10	13	18	20	24	25	27	28	29	30	31	32	33	34	35	36	
G	21	109361	254745	475057	717067	732417	997836	1172585	1315622	1337397	1526673	1818378	2250038	2427802	2880272	3124581	3244604	3679798	
G	22	10	11	14	20	21	26	29	30	31	32	33	34	35	36	37	38	
G	22	209828	274370	504511	777717	914744	1056787	1144278	1787800	2390860	2417627	2570531	2803839	3031647	3265804	3366384	3655883	
G	23	11	14	19	20	22	23	25	28	29	30	31	32	33	34	35	36	37	
G	23	288639	527325	794211	812330	955615	1105201	1269511	1299267	1450622	1625623	1933643	2558978	2746085	3021592	3386855	3515293	3727474	
G	24	10	11	15	19	20	23	25	26	27	30	31	32	33	34	35	
G	24	64621	312697	562739	844861	865125	1017254	1175442	1339417	1506205	1537713	2249768	2650095	3268498	3436097	3686247	
G	25	10	11	14	18	20	22	24	27	29	30	31	32	33	34	35	36	37	38	
G	25	252287	332753	597027	895795	917693	1080291	1253990	1265925	1538011	1880886	2243469	2431756	2486210	2881373	3177245	3245944	3369471	3681605	
G	26	10	11	14	19	20	24	25	27	29	30	31	32	33	34	35	36	37	
G	26	77026	357466	631895	944147	968485	1136699	1312552	1529043	1882417	1920728	2216780	2371374	2708117	2966853	3189628	3505549	3654705	
G	27	10	11	14	20	23	26	27	29	30	31	32	33	34	35	36	
G	27	95129	381700	671496	1030018	1209564	1645960	2195152	2203174	2374549	2706765	3086726	3190594	3466459	3581393	3631241	
G	28	6	8	12	18	20	21	22	25	26	28	29	30	31	32	33	34	35	36	
G	28	90610	407935	714888	1066411	1095682	1285437	1480449	1674433	1883927	2335539	2637759	2747191	3195882	3248971	3383954	3407884	3574371	3597142	
G	29	7	8	9	12	18	20	22	25	26	27	28	30	31	32	33	34	35	36	
G	29	98539	209011	436955	755854	1121590	1350403	1550430	1759112	1967574	2332200	2518421	2849816	2919705	3234842	3381795	3387413	3502617	3607224	
G	30	6	7	9	13	18	20	21	24	25	27	28	29	30	31	32	33	34	35	36	
G	30	108395	229110	470244	803822	1184137	1220406	1422174	1627859	1832726	2194788	2287081	2480561	2599397	2919662	3066672	3160515	3181181	3544843	3590856	
G	31	7	8	9	13	17	20	21	23	24	25	26	27	28	29	30	31	32	33	34	35	36	37	
G	31	112933	238253	487910	832627	1228659	1266978	1478126	1692062	1903856	2109135	2112894	2122199	2640083	2835100	2842443	3000976	3198054	3313743	3456668	3493111	3597614	3658744	
G	32	7	8	9	13	17	20	21	23	26	27	28	29	30	31	32	33	34	35	36	
G	32	123997	259260	520429	876371	1284494	1327157	1543655	1980398	2064995	2270624	2639306	2770398	3058392	3299644	3404605	3442492	3470073	3599129	3619294	
G	33	7	8	9	13	18	20	22	25	26	28	29	30	31	32	33	34	35	36	
G	33	133937	277839	554125	933466	1365064	1412222	1861922	2066103	2292932	2571290	2778257	2792944	3353286	3478116	3546835	3552481	3566447	3583147	
G	34	7	8	10	13	17	20	21	22	24	26	27	28	29	31	32	33	34	35	36	
G	34	143892	297988	587645	978792	1422972	1473737	1704086	1931580	2149636	2358464	2724207	2984216	3074109	3327262	3333007	3344889	3514696	3542531	3584108	
G	35	6	7	9	13	17	20	21	24	26	27	28	29	30	31	32	33	34	35	36	
G	35	153985	317594	623086	1037267	1500049	1555281	1792360	2239404	2568961	2579551	2921635	3055661	3100549	3257243	3364295	3390400	3518356	3527580	3546420	
G	36	6	8	9	13	17	20	21	22	23	24	25	27	28	29	30	31	32	33	34	35	
G	36	166826	342168	663906	1092399	1566906	1628088	1867402	2101033	2314164	2505776	2911003	2976431	3123089	3200137	3359880	3417716	3450108	3489235	3505500	3513659	
G	37	7	8	9	13	18	19	20	23	24	25	26	27	28	29	30	31	32	33	35	37	
G	37	175748	356823	688187	1129782	1615663	1858523	1924126	2159157	2568090	2873161	2885033	3200664	3223450	3232631	3360880	3395967	3478227	3481466	3490240	3526416	
G	38	6	8	9	13	18	20	21	24	25	26	27	28	29	30	31	32	33	34	35	36	
G	38	188001	381452	727550	1184467	1681701	1996341	2226644	2437084	2727812	2920928	3086341	3131659	3251109	3257129	3374721	3384486	3415332	3434464	3499356	3515581	
G	39	6	8	10	14	17	20	22	23	25	26	27	28	29	30	31	32	33	34	35	36	
G	39	201326	405758	768290	1242445	1751453	2075491	2305147	2510526	2519223	2975043	3045871	3281666	3313756	3373196	3432754	3442971	3453103	3491351	3498752	3513138	
G	40	7	8	10	13	17	20	22	23	24	25	26	27	28	30	31	32	33	34	35	
G	40	213320	427602	804725	1293324	1812891	2144421	2371933	2576024	2609267	2787003	3090410	3217993	3341812	3398376	3448269	3490165	3496041	3506083	3512879	
G	41	6	8	10	14	17	20	22	23	24	25	26	27	28	29	30	31	32	33	34	35	36	
G	41	229287	459172	852851	1353749	1873554	2208264	2621879	2623632	2835594	3138281	3271223	3288813	3329908	3355234	3395577	3399219	3408436	3417802	3427161	3442159	3478658	
G	42	6	8	10	13	17	19	20	21	22	23	24	25	26	27	28	29	31	32	33	34	37	
G	42	243680	483069	891491	1405029	1928880	2168064	2265716	2480351	2665461	2818586	3040692	3192310	3199119	3261733	3279548	3323550	3353821	3371560	3390678	3405970	3449666	
G	43	6	8	10	13	16	19	20	21	22	23	24	25	26	27	28	29	30	31	32	33	34	
G	43	258116	509007	930970	1456565	1987142	2225809	2331288	2541959	2543465	2722473	2930562	2975407	3252133	3318875	3359008	3376872	3407090	3412039	3438621	3444592	3448423	
G	44	6	8	10	13	17	20	21	22	24	25	26	27	28	29	30	31	32	33	34	
G	44	273622	537357	977380	1518165	2049872	2605746	2775846	2912909	3104049	3214437	3251693	3300350	3342287	3366241	3367657	3379232	3385853	3431187	3436047	
G	45	6	8	10	13	17	20	21	22	23	24	25	26	27	28	29	30	31	32	33	34	
G	45	289335	565951	1021059	1572325	2102945	2456340	2457672	2817003	3168369	3232611	3277737	3282275	3353693	3389548	3393528	3398615	3404804	3420125	3422748	3426376	
G	46	6	8	10	13	16	17	18	20	21	23	24	25	27	28	30	31	32	34	35	
G	46	307342	599153	1068615	1628522	1629681	2157678	2381057	2854130	2856970	3225033	3255071	3265476	3324684	3351421	3352695	3357197	3363580	3399718	3405842	
G	47	6	8	10	13	16	19	20	22	24	25	26	27	28	30	31	32	33	34	
G	47	325757	630682	1115668	1681574	2203951	2420048	2886694	3033800	3181399	3264018	3288467	3323290	3341335	3359478	3365356	3380532	3382942	3390796	
G	48	6	8	10	13	17	19	20	22	23	24	25	26	27	29	30	31	32	33	34	
G	48	346878	667951	1168532	1739051	2251124	2626772	2782017	3064274	3206027	3246975	3291450	3293905	3315372	3323154	3344963	3352399	3358476	3364208	3367427	
G	49	6	8	10	13	14	17	20	21	22	23	24	25	26	27	28	29	30	31	32	34	
G	49	367850	705639	1219894	1220814	1797904	2305833	2960340	3082781	3186332	3194808	3231354	3265130	3276757	3324349	3350505	3360149	3363592	3366386	3380275	3384182	
C	0	7	8	12	14	15	16	19	20	22	25	26	27	28	29	31	33	34	36	
C	0	14825	154529	233653	270193	321275	355394	454132	458439	491355	524174	607656	651239	720804	891461	1897753	2253911	2353458	2528453	
C	1	7	8	12	14	15	16	19	20	22	25	26	27	28	29	31	33	34	36	
C	1	21027	256278	402220	472541	563898	631409	826571	832752	895359	958636	1087701	1153870	1279127	1531369	2732141	3230835	3358880	3609660	
C	2	5	8	9	11	13	15	16	20	21	24	26	27	29	30	31	33	34	36	
C	2	81997	252571	273396	415047	484046	550940	617742	689603	882371	1010332	1137301	1268429	1396422	1648406	2623550	3129476	3191733	3494833	
C	3	4	6	7	13	16	20	23	25	26	28	29	30	31	34	36	
C	3	23827	115195	267298	519877	667432	896511	1047113	1206628	1250826	1494690	1675117	1921785	2194982	3113351	3471410	
C	4	5	6	8	10	11	13	16	17	20	24	25	27	29	30	31	32	33	34	36	
C	4	26229	123778	282556	311683	466795	618545	692845	766683	922447	1073135	1228940	1269874	1345152	1580669	2049893	2747681	2889594	3242712	3465233	
C	5	7	8	12	14	17	18	20	22	24	25	27	28	30	31	32	33	34	36	37	
C	5	144703	355396	528429	615276	702339	791305	801578	1075848	1171228	1277339	1384378	1570094	1957107	2114895	2500769	2856904	3389856	3497243	3594359	
C	6	7	8	11	15	16	18	20	21	22	24	25	27	28	29	30	31	32	33	34	36	37	
C	6	112639	315819	521879	606328	691304	776211	786666	872117	1046134	1135756	1227334	1322575	1481419	1864322	2087533	2186162	2277617	2669560	3118853	3424813	3499640	
C	7	7	9	11	18	20	24	25	26	28	29	30	31	32	33	34	36	37	
C	7	114833	326297	532640	705765	890926	1069481	1161443	1449894	1547652	1638331	1769162	1965769	2392143	2756140	3004453	3357447	3527133	
C	8	7	9	11	12	16	17	19	20	23	24	25	26	27	28	29	30	32	33	34	35	36	37	
C	8	124471	351416	534796	572018	663001	754118	845325	950782	1139777	1236986	1335799	1436621	1539231	1643738	1798711	1904344	2747302	2849247	3148342	3253873	3382429	3635173	
C	9	7	8	9	13	16	19	20	21	24	25	29	30	32	33	34	35	36	37	
C	9	163891	208915	390718	573705	665504	757661	865049	959103	1153303	1253319	1356988	1459067	1943045	2335807	2680312	2956785	3214720	3573179	
C	10	9	11	13	17	18	20	21	22	24	27	29	30	31	32	33	34	35	36	37	
C	10	312125	360532	587274	681770	777090	790705	886955	984695	1183721	1291357	1395519	1616280	1815703	2258553	2425251	2975518	3249156	3365262	3541515	
C	11	7	9	10	12	16	18	20	21	22	24	26	28	30	31	32	33	34	35	36	37	
C	11	134223	186502	418735	611644	709516	808639	823288	923138	1025129	1234236	1341267	1429560	1564968	1705727	2592337	2696993	2735828	3065415	3411159	3558475	
C	12	7	8	9	15	17	20	23	27	28	29	30	31	32	33	35	36	37	
C	12	107833	252774	450765	653791	757074	984071	1091772	1209070	1376915	1738015	1841362	2562639	2872310	2918089	3133480	3251762	3568139	
C	13	9	10	12	16	18	20	21	23	24	28	29	30	31	32	33	34	35	36	
C	13	157365	433783	491358	706594	816363	836923	948527	1062132	1178249	1417285	1543387	1669009	1940275	2040872	2553532	2784448	3443923	3633656	
C	14	8	9	11	12	15	20	21	23	26	27	28	29	30	31	32	33	34	35	36	37	
C	14	168339	241731	460343	523842	748165	887967	1001878	1120771	1494245	1626577	1766262	2024054	2220953	2232442	2479163	2885135	3074039	3372676	3496443	3693274	
C	15	8	9	10	16	18	20	22	23	26	27	28	30	31	32	33	34	35	36	
C	15	169220	237039	533096	761819	880408	905121	1026615	1151047	1541994	1647555	1781981	1801403	2164255	2234262	2766528	2845712	3458643	3587070	
C	16	9	10	11	16	19	20	22	23	30	31	32	33	34	35	36	
C	16	82949	272514	603767	857590	992599	1023451	1162172	1453638	1772507	1928204	1944765	2371834	2840921	3275800	3588902	
C	17	9	11	12	16	20	21	24	25	27	28	29	30	31	32	33	34	35	36	
C	17	288865	390228	635301	896738	931209	1069208	1215965	1357634	1517447	1664155	2017683	2131813	2226868	2629544	2712705	2993746	3155993	3666490	
C	18	9	10	11	17	19	20	23	26	30	31	32	33	34	35	36	37	
C	18	224532	439610	702798	991826	1147176	1188586	1349548	1689094	2311202	2399337	2940946	3065052	3196522	3214021	3449899	3603929	
C	19	9	10	13	17	20	22	26	27	29	30	31	32	33	34	35	36	37	
C	19	332688	454512	720890	1010887	1054689	1369484	1538788	1705048	2173068	2402149	2663356	2822435	3000355	3176984	3351347	3534680	3708300	
C	20	10	11	13	18	20	21	25	26	28	29	30	31	32	33	34	35	36	37	
C	20	339861	466895	736733	1032674	1079674	1238000	1401198	1569998	1713990	1721430	2316641	2436721	2603127	2780425	3035441	3089719	3291707	3589631	
C	21	9	10	13	18	20	24	25	27	28	29	30	31	32	33	34	35	36	
C	21	278346	516703	805178	1126575	1181415	1535119	1729301	1914923	1920254	2016991	2350795	2776033	2874796	3089103	3241240	3271389	3617805	
C	22	10	11	14	20	21	26	29	30	31	32	33	34	35	36	37	38	
C	22	384736	532649	824228	1206240	1380366	1560239	1593514	2102728	2759990	2767977	2918353	3083939	3205232	3294231	3363780	3669068	
C	23	11	14	19	20	22	23	25	28	29	30	31	32	33	34	35	36	37	
C	23	554962	851483	1185016	1249208	1429733	1614571	1806754	1815976	1940637	2112872	2410204	2874137	3036428	3181685	3419684	3459853	3593403	
C	24	10	11	15	19	20	23	25	26	27	30	31	32	33	34	35	
C	24	161687	573982	878145	1217376	1285612	1468778	1656556	1848607	2038379	2048912	2733435	3077488	3438434	3510415	3634816	
C	25	10	11	14	18	20	22	24	27	29	30	31	32	33	34	35	36	37	38	
C	25	428762	596009	907946	1259141	1333214	1520983	1713758	1718451	1958987	2310586	2674221	2776608	2798655	3048695	3262202	3286034	3378274	3561347	
C	26	10	11	14	19	20	24	25	27	29	30	31	32	33	34	35	36	37	
C	26	182558	624764	946393	1305873	1386482	1579455	1774806	1987825	2352156	2367499	2606645	2724292	3051012	3161148	3332975	3544581	3633023	
C	27	10	11	14	20	23	26	27	29	30	31	32	33	34	35	36	
C	27	181203	646721	975486	1433729	1630525	2062068	2606811	2610839	2741997	3038471	3266357	3332456	3495472	3556716	3577456	
C	28	6	8	12	18	20	21	22	25	26	28	29	30	31	32	33	34	35	36	
C	28	207779	676376	1017269	1399980	1495343	1697693	1900577	2091954	2297691	2702388	2947829	3025489	3357667	3386711	3458327	3471626	3536248	3546087	
C	29	7	8	9	12	18	20	22	25	26	27	28	30	31	32	33	34	35	36	
C	29	220252	417843	706886	1056062	1446466	1755960	1961346	2161213	2366581	2709465	2864967	3062805	3107191	3342138	3458394	3461648	3522875	3574221	
C	30	6	7	9	13	18	20	21	24	25	27	28	29	30	31	32	33	34	35	36	
C	30	233854	441497	739868	1100194	1500083	1612660	1822236	2030872	2234515	2575644	2629333	2769496	2817058	3114131	3242693	3309459	3321890	3607609	3631549	
C	31	7	8	9	13	17	20	21	23	24	25	26	27	28	29	30	31	32	33	34	35	36	37	
C	31	252913	469124	777162	1149630	1561205	1685767	1899173	2107471	2306640	2492045	2494117	2498814	2923927	3067402	3071384	3158652	3236583	3299543	3396756	3413918	3483184	3515944	
C	32	7	8	9	13	17	20	21	23	26	27	28	29	30	31	32	33	34	35	36	
C	32	271290	498264	816626	1202090	1625838	1763664	1981029	2395298	2445396	2628601	2935677	3014738	3232476	3351821	3405824	3423854	3438435	3504967	3513937	
C	33	7	8	9	13	18	20	22	25	26	28	29	30	31	32	33	34	35	36	
C	33	289037	523684	852926	1251642	1683286	1836096	2262395	2437279	2635622	2836675	2949660	2957360	3343726	3416748	3450103	3453080	3459808	3467572	
C	34	7	8	10	13	17	20	21	22	24	26	27	28	29	31	32	33	34	35	36	
C	34	301578	544188	880451	1287205	1728141	1890158	2112128	2322613	2518773	2697432	2988904	3169001	3218048	3353195	3356307	3363302	3476527	3490677	3513495	
C	35	6	7	9	13	17	20	21	24	26	27	28	29	30	31	32	33	34	35	36	
C	35	318486	567634	911894	1325032	1764176	1941496	2159432	2548776	2810828	2816785	3083714	3174657	3200404	3296348	3365136	3379298	3433396	3438455	3448266	
C	36	6	8	9	13	17	20	21	22	23	24	25	27	28	29	30	31	32	33	34	35	
C	36	333252	590246	944564	1368146	1816944	2005761	2225785	2431660	2617007	2777677	3095121	3137164	3202219	3255142	3367776	3403016	3420857	3442591	3452206	3457093	
C	37	7	8	9	13	18	19	20	23	24	25	26	27	28	29	30	31	32	33	35	37	
C	37	355394	623338	987566	1420405	1866826	2080281	2292173	2487645	2809337	3026615	3032640	3225117	3236562	3241509	3309883	3327672	3353293	3354892	3359477	3377583	
C	38	6	8	9	13	18	20	21	24	25	26	27	28	29	30	31	32	33	34	35	36	
C	38	372842	648329	1021246	1462394	1913384	2353648	2545135	2711988	2916892	3060565	3153738	3176823	3244398	3247838	3323202	3327442	3342554	3352652	3371054	3379107	
C	39	6	8	10	14	17	20	22	23	25	26	27	28	29	30	31	32	33	34	35	36	
C	39	386223	668984	1050697	1499184	1951584	2406055	2592860	2753893	2758223	3081239	3102418	3245637	3261739	3291977	3323452	3328084	3333114	3352634	3356563	3363843	
C	40	7	8	10	13	17	20	22	23	24	25	26	27	28	30	31	32	33	34	35	
C	40	407449	698589	1087899	1538640	1981906	2450050	2625012	2773923	2789341	2910065	3095776	3161845	3228922	3242959	3265222	3283917	3286411	3291166	3294503	
C	41	6	8	10	14	17	20	22	23	24	25	26	27	28	29	30	31	32	33	34	35	36	
C	41	423269	721576	1118549	1580630	2035236	2521102	2846964	2847615	2993826	3194698	3258790	3267659	3289680	3302920	3324296	3325532	3329219	3333444	3338203	3346341	3365199	
C	42	6	8	10	13	17	19	20	21	22	23	24	25	26	27	28	29	31	32	33	34	37	
C	42	440125	745865	1149586	1611293	2051603	2246812	2552962	2716841	2851340	2956752	3096619	3180566	3183558	3214565	3223331	3245017	3259276	3267051	3275958	3283346	3292750	
C	43	6	8	10	13	16	19	20	21	22	23	24	25	26	27	28	29	30	31	32	33	34	
C	43	458221	770329	1182042	1649190	2084707	2273310	2599984	2756910	2757355	2883459	3010349	3020615	3186868	3221347	3240607	3249010	3263521	3265122	3277148	3279632	3281351	
C	44	6	8	10	13	17	20	21	22	24	25	26	27	28	29	30	31	32	33	34	
C	44	472369	790002	1205568	1671953	2097841	2774035	2888886	2975640	3085777	3142239	3159536	3172318	3192441	3203555	3203968	3208378	3210771	3231614	3233875	
C	45	6	8	10	13	17	20	21	22	23	24	25	26	27	28	29	30	31	32	33	34	
C	45	488555	810112	1229657	1695267	2108550	2652132	2652481	2895301	3095486	3128068	3149153	3151234	3175007	3191268	3192904	3195254	3197135	3203686	3204591	3206108	
C	46	6	8	10	13	16	17	18	20	21	23	24	25	27	28	30	31	32	34	35	
C	46	499852	825106	1248043	1714344	1714629	2120665	2285923	2907237	2908299	3112252	3125816	3130581	3158276	3170217	3170555	3171925	3174101	3181354	3184213	
C	47	6	8	10	13	16	19	20	22	24	25	26	27	28	30	31	32	33	34	
C	47	515595	846057	1275084	1741142	2139702	2299297	2931873	3012253	3095423	3127531	3139034	3154258	3162682	3170424	3172106	3178536	3179362	3182632	
C	48	6	8	10	13	17	19	20	22	23	24	25	26	27	29	30	31	32	33	34	
C	48	528917	864362	1297953	1763769	2152872	2420938	2862651	3027276	3107815	3118453	3139802	3140686	3150959	3154156	3163427	3166596	3168689	3170719	3171963	
C	49	6	8	10	13	14	17	20	21	22	23	24	25	26	27	28	29	30	31	32	34	
C	49	519091	845341	1278504	1278761	1756732	2157619	2964062	3035431	3099497	3102461	3122289	3138771	3144216	3159828	3173555	3178341	3179335	3180187	3186105	3187812	
N	0	7	
N	0	26202	
N	1	7	
N	1	55825	
N	2	9	
N	2	53150	
N	3	4	
N	3	55316	
N	4	5	
N	4	56764	
N	5	7	
N	5	57220	
N	6	8	
N	6	57594	
N	7	11	
N	7	60454	
N	8	12	
N	8	64871	
N	9	7	
N	9	66652	
N	10	13	
N	10	65070	
N	11	10	
N	11	67068	
N	12	7	
N	12	63435	
N	13	12	
N	13	68333	
N	14	12	
N	14	69187	
N	15	9	
N	15	71664	
N	16	9	
N	16	68158	
N	17	9	
N	17	66960	
N	18	9	
N	18	70741	
N	19	9	
N	19	67805	
N	20	10	
N	20	62303	
N	21	9	
N	21	62380	
N	22	10	
N	22	59472	
N	23	11	
N	23	56258	
N	24	10	
N	24	55246	
N	25	10	
N	25	55612	
N	26	10	
N	26	54313	
N	27	11	
N	27	53581	
N	28	6	
N	28	52010	
N	29	7	
N	29	53122	
N	30	6	
N	30	52134	
N	31	7	
N	31	53366	
N	32	7	
N	32	54335	
N	33	7	
N	33	55366	
N	34	7	
N	34	57540	
N	35	6	
N	35	61751	
N	36	6	
N	36	60395	
N	37	7	
N	37	63467	
N	38	6	
N	38	61781	
N	39	6	
N	39	58301	
N	40	7	
N	40	58633	
N	41	6	
N	41	59217	
N	42	6	
N	42	56003	
N	43	6	
N	43	54319	
N	44	6	
N	44	55317	
N	45	6	
N	45	57122	
N	46	6	
N	46	56004	
N	47	6	
N	47	54107	
N	48	6	
N	48	52044	
N	49	6	
N	49	54280	
