.	0	2	3	4	5	6	7	8	9	10	11	12	13	14	15	16	17	18	19	20	21	22	23	24	26	27	28	29	30	31	32	34	35	
.	0	77034	90389	156882	216994	369038	421292	554772	561283	659949	729973	758421	880149	1103459	1122957	1165256	1190910	1281622	1361618	1621770	1657792	1923995	2049928	2143423	2432383	2538265	2852646	3230695	12876012	21669241	29964189	30096345	30226613	
.	1	2	3	4	5	6	7	8	9	10	11	12	13	14	15	16	17	18	19	20	21	22	23	24	26	27	28	29	30	31	32	34	35	
.	1	74110	86563	156072	218376	375162	426009	566467	573070	675248	749177	777894	906041	1156286	1175241	1216876	1242203	1345639	1440708	1741218	1776128	2079613	2230521	2347729	2709923	2843991	3239208	3663884	13348867	22135191	29938725	30077376	30226613	
.	2	3	4	5	6	7	8	9	10	11	12	13	14	15	16	17	18	19	20	21	22	23	24	25	26	27	28	29	30	31	32	34	
.	2	56542	114912	278908	425966	501998	642682	680721	816512	837180	916403	1000360	1059181	1094383	1270214	1281341	1495619	1661423	1807019	1834349	2035028	2121395	2226418	2522547	2882613	2895895	3014168	3373378	3927046	22385713	30103573	30226613	
.	3	2	3	4	5	6	7	8	9	10	11	12	13	14	15	16	17	18	19	20	21	22	23	24	25	26	27	29	30	31	32	33	34	36	
.	3	61852	97378	118102	171893	483797	530559	620589	734462	830193	928965	968678	995695	1165520	1297273	1343181	1418401	1511526	1616188	1741501	1968486	2063444	2218643	2430174	2438794	2518529	2806003	2924070	3122486	21866708	29373686	29483803	29857419	30226613	
.	4	2	4	5	6	7	8	9	10	11	12	13	14	15	16	17	19	20	21	22	23	24	25	26	27	28	29	30	31	32	33	34	36	
.	4	135379	160516	320008	465614	485333	680768	726717	755513	849053	992792	1045489	1151380	1313562	1516020	1551783	1735229	1829964	1862166	2016942	2106254	2308125	2326679	2933000	3080033	3428347	3645807	3758786	12599554	22756656	22769655	30099723	30226613	
.	5	2	4	5	6	7	8	9	10	11	12	13	14	15	16	17	18	19	20	21	22	23	24	25	26	27	28	29	30	31	32	33	35	37	
.	5	39862	105402	129325	393465	428649	598204	668907	677679	748297	787342	934566	1041567	1249152	1293642	1326774	1534999	1660910	1913867	2076856	2213227	2353751	2365205	2676545	2775907	3137739	3276721	3863722	4413928	13242019	22937388	29482716	29929958	30226613	
.	6	2	4	5	6	7	8	9	10	11	12	13	14	15	16	17	18	19	20	21	22	23	24	25	26	28	29	30	31	32	33	34	35	37	
.	6	95171	147189	274462	533762	684099	715505	835324	868113	1022509	1143568	1339311	1382351	1503104	1538861	1686313	1895162	1924930	2056158	2178056	2436038	2717780	2767802	3066445	3345852	3795857	4092031	4664271	13349367	23442031	23453308	23583710	30079819	30226613	
.	7	2	3	4	5	6	7	8	9	10	11	12	13	14	15	16	17	18	19	20	21	22	23	24	25	26	27	28	30	31	32	33	34	35	37	
.	7	136831	149980	207083	224817	474557	566534	603086	742096	851300	952426	977064	987743	1176332	1284309	1310636	1364275	1415720	1606344	1924961	2071606	2276526	2550870	2605157	2781482	2987862	3487978	3645272	3835494	4001706	12750881	22750129	28883488	29896401	30226613	
.	8	2	3	4	5	6	7	8	9	10	11	12	13	14	15	16	17	18	19	20	21	22	23	24	25	26	27	28	29	31	32	33	34	35	37	
.	8	8126	22320	50617	150783	575721	613331	643169	812071	950428	989550	1048486	1143726	1190222	1288138	1407245	1586413	1639416	1677813	1934412	2376635	2397724	2534923	2676693	2845295	3118497	3446743	3648780	4198886	5059569	23118280	23482754	29210785	30064303	30226613	
.	9	3	4	5	6	7	8	9	10	11	12	13	14	15	16	17	18	19	20	21	22	23	24	25	26	27	28	29	30	31	32	33	34	35	37	
.	9	245025	274961	438159	524435	703869	779712	953226	966275	995114	1128181	1193780	1390514	1450317	1586556	1637564	1676530	1907870	2078136	2272053	2413497	2463017	2747449	3031424	3287611	3636483	3950637	4233915	4988341	5101908	22813102	23553951	28861035	29843606	30226613	
.	10	2	4	5	6	7	8	9	10	11	12	13	14	15	16	17	18	19	20	21	22	23	24	25	26	28	29	30	31	32	33	34	35	36	37	
.	10	23341	126156	186187	641359	658958	691497	752941	939574	1020921	1106893	1141801	1188199	1378554	1435609	1605818	1687090	1752956	2027119	2280494	2499704	2750747	2909602	3083074	3428642	3718045	4219850	4583375	5055798	14653258	23315345	28751858	29154838	29682707	30226613	
.	11	3	4	5	6	7	8	9	10	11	12	13	14	16	17	18	19	20	21	22	23	24	25	26	27	28	29	30	31	32	33	34	35	36	37	
.	11	15409	92080	141818	446842	779817	811683	827526	898691	1116254	1174483	1190689	1408405	1632121	1716351	1856924	1895523	1952815	2049924	2525787	2557117	2889512	3062415	3150359	3479722	3804139	4182216	5243000	5925454	15295721	23766135	28917421	29457209	29797129	30226613	
.	12	3	4	5	6	7	8	9	10	11	13	14	15	16	17	18	19	20	22	23	24	25	26	27	28	29	30	31	32	33	34	35	36	37	
.	12	203419	238007	399620	531584	626623	809666	885831	1085922	1193607	1336500	1399819	1437756	1602584	1759215	2011005	2067825	2449906	2536968	2780376	3036761	3578071	3654555	3788018	3996916	4992358	5221890	5982118	14384065	23660744	25351931	29214724	30014135	30226613	
.	13	3	4	5	6	7	8	9	10	11	13	14	15	16	17	18	19	20	21	22	23	24	25	26	27	28	29	30	31	32	33	34	35	36	37	38	
.	13	99053	128025	303337	447364	533210	745624	907577	988839	1199294	1254349	1322224	1579561	1623760	1709766	1907257	2097636	2175551	2561151	2597968	2762426	3306443	3570784	3886259	3988887	4332859	4787972	5229073	5589372	6280288	14952019	26813921	27650139	28832790	29196339	30226613	
.	14	3	5	6	7	8	9	11	12	13	14	15	16	17	18	19	20	21	22	23	24	25	26	27	28	29	30	31	32	33	34	35	36	37	38	
.	14	21967	221110	397740	628785	810889	877282	1151140	1193768	1267372	1376932	1486087	1673348	1762158	1913257	2044264	2115797	2518133	2828429	3010253	3288678	3618342	4112067	4470936	4811375	5396572	6588923	7227974	8080291	16495616	24939106	26169560	29395595	29989063	30226613	
.	15	4	5	6	7	8	9	10	11	12	14	15	16	18	19	20	21	22	23	24	25	26	27	28	29	30	31	32	33	34	35	36	37	38	
.	15	35311	113368	421974	584938	681514	873092	984265	1057636	1300627	1428609	1524809	1767723	1933193	2038434	2082909	2510529	2885991	2979170	3247643	3463161	3556106	3920595	4836402	5895700	6412190	6780601	7387519	16039181	26660155	28597240	29570752	29967352	30226613	
.	16	3	4	5	6	7	8	9	10	12	13	14	15	16	17	18	19	20	21	22	23	24	25	26	27	28	29	30	31	32	33	34	35	36	37	38	
.	16	35987	177625	261174	440315	594142	729522	931798	986976	1158646	1473609	1501030	1533088	1798431	1878042	2014564	2187896	2292702	2478065	2773278	2848811	3618528	3742698	4068239	4238475	4841776	5205172	6220051	7872404	8284956	9452823	24054848	25587186	26105702	29659706	30226613	
.	17	2	4	5	6	7	9	10	11	12	13	14	15	16	17	18	19	20	21	22	23	24	25	26	27	28	29	30	31	32	33	34	35	36	37	38	
.	17	14224	155726	274142	416717	751548	1082918	1117086	1143874	1207452	1510027	1579565	1653719	1691583	1957720	2176811	2315747	2431097	2663474	2939603	3703759	3903547	4006075	4439435	4622352	4858470	5794383	6451014	7703489	8302653	23317063	25085344	25561775	26789141	29975717	30226613	
.	18	2	4	5	6	7	9	10	11	12	13	14	15	16	17	18	19	20	21	22	23	24	25	26	27	28	29	30	31	32	33	34	35	36	37	
.	18	117564	148435	375424	470488	822700	1160869	1190920	1221914	1333556	1675165	1720024	1804531	1996663	2035815	2187076	2419160	2672949	3045244	3172683	3382266	3535454	4614169	4665486	4969700	5699818	7567319	7939659	8751277	8983598	10082678	24977796	26079054	27504194	30226613	
.	19	2	4	5	6	7	8	9	10	12	13	14	15	16	17	18	19	20	21	22	23	24	25	26	27	28	29	30	31	32	33	34	35	36	37	38	
.	19	82060	160031	386834	547012	623939	852763	956436	1237266	1270601	1386690	1749141	1885210	1926508	2252538	2483301	2526562	2765542	2929299	3080694	3347983	3687467	4513586	4765048	5297935	6120508	6258606	6995685	7487952	9286148	9930932	25152544	26029171	28147830	29925397	30226613	
.	20	3	5	6	7	9	10	11	12	13	14	15	16	17	19	20	21	22	23	24	25	26	27	28	29	30	31	32	33	34	35	36	37	
.	20	211653	406898	511363	915049	993924	1061980	1407350	1445068	1492741	1573667	1939979	1997685	2086464	2501038	2787912	2947068	3061249	3637016	3858092	4194209	4613483	4738723	5341143	6794161	7732233	8996502	11456338	17482241	25278993	27858061	28972849	30226613	
.	21	2	3	4	5	6	7	8	10	11	12	13	15	16	17	18	19	20	21	22	23	24	25	26	27	28	29	30	31	32	33	34	35	36	37	38	
.	21	132007	212916	272064	426271	540785	913352	984433	1147588	1432966	1515434	1618097	2051546	2228939	2277987	2483987	2541222	2864199	3374828	3731297	3801182	3997601	4365119	5188715	5566093	5786137	7844188	8532481	9609690	10202025	12441182	25641126	27055098	28589778	29923948	30226613	
.	22	2	4	5	6	7	8	10	11	12	13	14	16	17	18	19	20	21	23	24	25	26	27	28	29	30	31	32	33	34	35	36	37	38	
.	22	136761	179516	367865	490204	573333	1050516	1184964	1490214	1577879	1678394	1736979	2275824	2347958	2462610	2692198	3114798	3505224	3818737	4291581	4382716	4899627	5524213	6037498	7965231	8802578	9863452	11275591	13122495	25739669	26966582	29135291	29991745	30226613	
.	23	3	4	5	6	8	9	11	12	14	15	16	17	18	19	20	22	23	25	26	27	28	29	30	31	32	33	34	35	36	37	
.	23	213006	239065	328356	608121	1139292	1186343	1341624	1727615	1845160	1913333	2110642	2658396	2744457	2822691	3388574	3687910	4565826	5281571	5651867	6146059	7368284	8696986	10741461	11307784	12222984	14516469	25250187	27322964	29102889	30226613	
.	24	3	4	5	6	8	9	11	12	13	14	15	16	17	18	19	20	21	22	23	24	26	27	28	29	30	31	32	33	34	35	36	37	38	
.	24	86991	186135	350576	656931	986584	1237577	1409679	1823542	1881060	2013579	2149477	2229178	2394190	2947463	3116877	3166039	3623725	3858781	4483321	5126116	5863948	6105048	6840421	8553418	10640688	11324731	12125626	14824640	25926722	27743847	29083618	29533122	30226613	
.	25	4	5	6	8	9	11	12	13	15	16	17	18	19	20	21	23	24	25	26	27	28	29	30	31	32	33	34	35	36	37	38	
.	25	59235	356088	717085	1079284	1352908	1410258	1605923	2064226	2214813	2460189	2962259	3049053	3256503	3413752	4200837	4423392	5375462	5990491	6430022	7456837	7809869	9230557	9598374	10992674	14336387	15943199	22761105	26849404	28502114	29563971	30226613	
.	26	5	6	7	8	9	11	12	13	14	15	16	17	18	19	20	21	22	23	24	25	26	27	28	29	30	31	32	33	34	35	36	37	38	
.	26	291334	566036	755502	1035795	1439205	1499935	1716351	2139391	2209430	2376712	2546067	2649238	3408684	3509418	3704092	3810909	4119412	4828451	4946692	5837084	6835399	7207969	7615115	9100201	9394010	11786469	13587489	18923118	21075697	26531275	28587546	29984646	30226613	
.	27	4	5	6	7	8	9	11	12	14	15	16	17	18	19	20	21	22	23	24	25	27	28	29	30	31	32	33	34	35	36	37	38	
.	27	231410	405859	610421	819076	1119226	1246308	1628223	1867653	2401438	2499509	2587148	2782881	3273868	3867669	3936047	4052092	5030117	5478297	5781157	6778733	7963651	8909097	9611824	11910377	14165551	15018617	20741179	22233425	27118697	28794783	29970662	30226613	
.	28	4	5	6	7	8	9	10	12	13	14	15	16	18	19	20	21	22	23	24	25	26	27	28	29	30	31	32	33	34	35	36	37	
.	28	270469	434608	884106	1069350	1352770	1693999	1771276	2036890	2623689	2721749	2959580	3321274	4139669	4388906	4466418	4989337	5546595	6119644	6509986	7461784	8290937	9224632	10093081	12256397	15067028	15828609	18997096	26851401	27800293	28403594	29120356	30226613	
.	29	4	5	6	8	9	11	12	13	14	15	16	17	18	19	20	21	22	23	24	25	26	27	28	29	30	31	32	33	34	35	36	37	38	
.	29	299516	464389	956682	1472317	1838910	1925410	2224079	2325164	2862998	3098028	3342543	3486526	3784146	4641952	4909542	5634560	5797864	6497175	6664278	8114376	8894743	10793344	11075959	12621240	15616450	17040612	18735982	21895809	26666095	27637831	29346075	29941317	30226613	
.	30	4	6	8	9	10	12	14	15	16	17	18	19	20	21	22	23	24	25	26	27	28	29	30	31	32	33	34	35	36	37	
.	30	490140	1031550	1251018	2000216	2097538	2433287	3133773	3399408	3560820	3837009	4019647	4952355	5411572	5749801	6710209	7346037	7986037	8987399	10347991	10714058	11861467	13469718	15878068	17245703	18971319	26177726	27465268	28324967	29725008	30226613	
.	31	4	5	6	8	9	10	12	13	14	15	16	17	18	19	20	21	22	23	24	25	26	27	28	29	30	31	32	33	34	35	36	37	38	
.	31	326223	539504	1143450	1383568	1788635	2329982	2450124	2725421	3496532	3636311	4114042	4305437	4473389	4687548	6064024	6440090	6627927	7693770	8570067	9364069	10852617	11394871	12944627	14691286	18041659	19053309	22611024	24722478	25649048	28223083	29115800	30047498	30226613	
.	32	4	5	6	8	9	10	11	13	14	15	17	19	20	22	23	24	25	26	27	28	29	30	31	32	33	34	35	36	37	
.	32	341184	576930	1221781	1481019	1926226	2391281	2511155	2945695	3088446	4122401	4672107	5597643	6583242	7547433	7753612	9153414	9361277	11302852	12002636	13321124	14638896	16779174	19248510	21090023	24557417	28694188	29375220	30015305	30226613	
.	33	4	5	6	7	8	9	10	12	13	15	16	17	18	19	20	21	22	23	24	25	26	27	28	29	30	31	32	33	34	35	36	38	
.	33	360417	622164	1126510	1324355	1607359	1837263	2602285	2733768	3221059	4136764	4304601	4751709	5121977	5322157	5715243	7211504	8042091	9210618	9979155	10531397	11417522	13266582	14661580	16999902	18469714	20926091	22979445	25701981	28925500	29135289	29957019	30226613	
.	34	4	5	6	7	8	9	10	11	12	13	15	16	17	18	19	20	21	22	23	24	25	26	27	28	29	30	31	32	33	34	35	36	37	38	
.	34	210939	674598	1220968	1439570	1740505	1997760	2291357	2832984	2980079	3533657	4525744	4712450	4951919	5361714	5847826	5988385	7906526	8370161	8602716	9946567	11694381	12373654	14432585	15158255	17094339	18934098	20672982	24017849	26173023	27147261	28059043	29742625	30061246	30226613	
.	35	4	5	6	7	8	10	11	13	14	15	16	17	18	19	20	21	22	24	25	26	27	28	29	30	31	32	33	34	35	36	37	
.	35	406599	740989	1108295	1575077	1904441	3113678	3276684	3454706	3647469	4090667	5189553	5458829	5904248	6201614	6591464	8319865	9156695	11313722	11923565	12125419	14117688	16650769	17925427	19602888	23037719	23680062	27943610	28532300	28917601	30078021	30226613	
.	36	4	5	6	7	8	10	11	12	14	15	16	18	19	20	21	22	23	24	25	26	27	28	29	30	31	32	33	34	35	36	37	
.	36	435374	812167	1207615	1727788	2085528	2403336	3417062	3598783	3795319	5469960	5695154	6474768	7053836	7574711	9080194	9706711	10219969	11236550	12858106	14218468	15038269	18529096	19645294	20648850	23532733	25065856	25943817	28833448	29662088	30122278	30226613	
.	37	4	5	6	7	8	10	12	14	16	17	18	19	20	21	22	23	24	25	26	27	28	29	30	31	32	33	34	35	36	37	
.	37	273847	886822	1307273	1875247	2263299	3714862	3910272	4661117	5940912	6502628	6849418	7362354	8182091	8837286	10160283	11211370	12772763	13842861	15549992	17202624	19469010	20080225	23696630	24623962	25197024	25898655	28485624	29831663	30127313	30226613	
.	38	4	5	6	7	8	10	11	12	13	15	16	18	19	20	21	22	23	24	25	26	27	28	29	30	31	32	33	34	35	36	37	
.	38	507471	981975	1424303	2061120	2476931	2859442	4066638	4283986	4517817	5367516	6757100	7663333	8045828	8241909	10609300	11304904	12389961	13631075	14543351	17119530	18177770	20487562	22375459	23823868	24691132	26875886	27106370	28752696	28992103	29964744	30226613	
.	39	4	5	6	7	8	10	11	12	14	15	16	17	18	19	20	21	22	23	24	25	26	27	28	29	30	31	32	33	34	35	36	
.	39	553330	1088879	1559918	2271281	2719377	3140709	4466162	4703435	4956700	5892234	7107126	7775872	8353838	8764456	9267892	11312462	12180523	12711614	14921099	15335083	16597980	18899282	20975585	22036144	25231452	25816977	26636594	29101324	29453443	29892762	30226613	
.	40	4	5	6	7	8	10	11	13	14	15	16	18	19	20	21	23	24	25	26	27	28	29	30	31	32	33	34	35	36	37	
.	40	598120	1196792	1693325	2083481	2955283	3417471	4848858	5107983	5383499	6385685	7983513	9004720	9433900	10262267	12993643	14143116	15775778	17688718	19658730	20592217	23397268	24360330	25515165	25934673	27470639	27994048	29357998	29752604	29994450	30226613	
.	41	4	5	6	7	8	10	11	12	14	15	16	17	18	19	20	21	22	23	24	25	26	27	28	29	30	31	32	33	34	35	36	
.	41	666534	1333284	1855163	2282913	3230837	3734946	5291309	5571558	5867345	6938873	7254858	8647797	9712673	10158133	10710434	13535402	14700383	15246083	16371766	17816573	19683980	22849847	24082461	25412238	26964723	28706381	29106742	29399866	29770191	30037531	30226613	
.	42	4	5	6	8	10	11	12	14	15	16	17	18	19	20	21	22	24	25	26	27	28	29	30	31	32	33	34	35	36	
.	42	723396	1120117	2011169	3503693	4045484	5728178	6027043	6340527	7485847	7815701	9304221	10417063	10885427	12238440	14378470	15835011	17591533	18742173	21921809	24012514	24951567	26294846	26951884	27805963	28055479	29636721	29981195	30171761	30226613	
.	43	4	5	6	8	11	13	15	17	18	19	20	21	22	24	25	26	27	28	29	30	31	32	33	34	35	36	
.	43	488064	1223418	2153936	3745825	6123907	6442173	7977945	11058604	11540897	11543026	13157617	13956511	16301086	17682890	19206032	21858542	23812647	24629159	26080446	27093646	27513804	28826877	29427716	29453961	29667458	30226613	
A	0	2	3	4	5	6	7	8	9	10	11	12	13	14	15	16	17	18	19	20	21	22	23	24	26	27	28	29	30	31	32	34	35	
A	0	12916	17452	34538	50451	90619	104069	138846	140402	166769	186433	193537	228452	295842	302506	315956	324182	355248	384844	455223	469300	527377	580985	618867	739972	785259	919601	1063191	3971959	6684544	8936650	8982192	9032874	
A	1	2	3	4	5	6	7	8	9	10	11	12	13	14	15	16	17	18	19	20	21	22	23	24	26	27	28	29	30	31	32	34	35	
A	1	12611	16572	35024	50791	93353	106231	144913	146577	175194	197644	204934	244093	327552	334067	347574	356055	394799	434022	528811	542601	623240	692504	745726	911665	973850	1156941	1326878	4312528	7058358	9338743	9388392	9448599	
A	2	3	4	5	6	7	8	9	10	11	12	13	14	15	16	17	18	19	20	21	22	23	24	25	26	27	28	29	30	31	32	34	
A	2	14912	28517	45368	83109	101844	138699	147935	184502	189457	211952	236685	253127	262569	317622	321601	393792	454566	463899	474479	553232	585824	629646	751599	897075	902126	949730	1090521	1308649	6908856	9060272	9108066	
A	3	2	3	4	5	6	7	8	9	10	11	12	13	14	15	16	17	18	19	20	21	22	23	24	25	26	27	29	30	31	32	33	34	36	
A	3	7768	16850	21746	34364	82538	93714	116050	144378	168353	193561	202895	210293	257438	292445	305474	328352	356693	390823	406594	481665	515459	571557	649280	651783	679886	786929	829889	904283	6326683	8295649	8336832	8463250	8592429	
A	4	2	4	5	6	7	8	9	10	11	12	13	14	15	16	17	19	20	21	22	23	24	25	26	27	28	29	30	31	32	33	34	36	
A	4	5702	11348	49547	85440	90123	132266	143052	149937	174064	211881	225108	253811	299866	360937	372391	434134	439041	448627	501129	533760	608822	614509	844423	898981	1030693	1113402	1157222	3792161	6796741	6800891	8760909	8808907	
A	5	2	4	5	6	7	8	9	10	11	12	13	14	15	16	17	18	19	20	21	22	23	24	25	26	27	28	29	30	31	32	33	35	37	
A	5	9515	18568	24629	90127	98193	141458	158340	160453	179055	188789	229272	259610	321320	334239	344590	416441	458038	479341	537326	586961	641458	644784	769024	807556	954882	1010602	1228838	1422807	4062810	6916156	8585429	8749689	8854975	
A	6	2	4	5	6	7	8	9	10	11	12	13	14	15	16	17	18	19	20	21	22	23	24	25	26	28	29	30	31	32	33	34	35	37	
A	6	15506	27359	58846	105218	144198	151502	181936	189802	231943	264397	321170	332882	369057	379166	425973	496353	505653	550756	595936	646023	751743	768086	880515	988559	1156409	1258613	1471849	4030368	6987680	6991603	7042589	8704314	8753646	
A	7	2	3	4	5	6	7	8	9	10	11	12	13	14	15	16	17	18	19	20	21	22	23	24	25	26	27	28	30	31	32	33	34	35	37	
A	7	4335	7964	20879	24936	87157	100860	109495	145944	173047	200080	206492	209256	263888	295209	302540	318213	334011	398553	478796	530066	604719	710557	730969	801910	882918	1083866	1134888	1210239	1274037	3884816	6845541	8381603	8753357	8870776	
A	8	2	3	4	5	6	7	8	9	10	11	12	13	14	15	16	17	18	19	20	21	22	23	24	25	26	27	28	29	31	32	33	34	35	37	
A	8	1672	5479	12217	34758	101098	109796	116718	159541	194361	204679	219667	245290	258331	285645	319625	374564	391533	402926	463578	616355	622907	671613	722092	784833	886480	1012354	1089165	1287745	1590243	6857549	6984912	8380332	8674628	8725247	
A	9	3	4	5	6	7	8	9	10	11	12	13	14	15	16	17	18	19	20	21	22	23	24	25	26	27	28	29	30	31	32	33	34	35	37	
A	9	10564	17616	46257	67674	113059	131499	176726	180191	187706	223466	241608	298667	316644	358896	375669	389177	465138	523745	593080	646268	664895	772841	885583	983760	1123512	1248533	1361000	1640507	1684102	6790816	7042964	8283297	8628816	8762120	
A	10	2	4	5	6	7	8	9	10	11	12	13	14	15	16	17	18	19	20	21	22	23	24	25	26	28	29	30	31	32	33	34	35	36	37	
A	10	4954	21606	34738	117978	121978	129758	144892	193778	216142	238459	247626	261274	316743	332597	385421	413063	433993	525976	615185	669133	760697	822042	883549	1018809	1130581	1321145	1461288	1642503	4507976	6962216	8263868	8405139	8587231	8749635	
A	11	3	4	5	6	7	8	9	10	11	12	13	14	16	17	18	19	20	21	22	23	24	25	26	27	28	29	30	31	32	33	34	35	36	37	
A	11	3510	21285	32038	79267	132611	140297	144129	161462	219353	234181	238683	300056	365216	392967	437215	449900	467310	497112	665331	674791	796769	860264	892295	1018521	1145025	1286181	1676440	1910295	4675169	7079435	8334976	8486704	8612850	8759610	
A	12	3	4	5	6	7	8	9	10	11	13	14	15	16	17	18	19	20	22	23	24	25	26	27	28	29	30	31	32	33	34	35	36	37	
A	12	2504	10922	40977	73780	95999	143402	161717	215711	244292	283342	302143	314182	362938	411222	491448	510004	642956	674270	763723	861885	1070438	1099467	1152046	1227103	1602356	1668786	1939086	4373866	7059977	7639406	8459380	8714090	8777779	
A	13	3	4	5	6	7	8	9	10	11	13	14	15	16	17	18	19	20	21	22	23	24	25	26	27	28	29	30	31	32	33	34	35	36	37	38	
A	13	5253	11472	44798	80955	101278	156417	166982	187866	245822	260504	280076	354684	369098	394607	457805	520723	545680	682575	698642	754045	961981	1067031	1185663	1226402	1363583	1548130	1718296	1857803	2106284	4605466	7667540	7957671	8329183	8424406	8771456	
A	14	3	5	6	7	8	9	11	12	13	14	15	16	17	18	19	20	21	22	23	24	25	26	27	28	29	30	31	32	33	34	35	36	37	38	
A	14	5519	43772	88007	114184	162470	178856	252503	263965	283993	314955	347013	402348	429948	478552	524150	548005	690832	804725	863794	939033	1066777	1267345	1400134	1511170	1687152	2123613	2372950	2691742	5073804	7457800	7875318	8525758	8699246	8769828	
A	15	4	5	6	7	8	9	10	11	12	14	15	16	18	19	20	21	22	23	24	25	26	27	28	29	30	31	32	33	34	35	36	37	38	
A	15	8508	26152	63228	104310	127034	177399	184097	202469	268715	303514	328700	401303	451007	484877	498440	636414	769608	801854	900064	978219	1010890	1144759	1489053	1888223	2076803	2215035	2438987	4869889	7610946	8257765	8563452	8666897	8745138	
A	16	3	4	5	6	7	8	9	10	12	13	14	15	16	17	18	19	20	21	22	23	24	25	26	27	28	29	30	31	32	33	34	35	36	37	38	
A	16	7855	14625	33329	66935	106069	138480	191868	205357	228483	315036	323276	334282	410916	434918	476496	532360	563789	624704	732855	757925	1035771	1082084	1210446	1276243	1510755	1647781	2029684	2608095	2760923	3122937	7086712	7600134	7754881	8548981	8730996	
A	17	2	4	5	6	7	9	10	11	12	13	14	15	16	17	18	19	20	21	22	23	24	25	26	27	28	29	30	31	32	33	34	35	36	37	38	
A	17	3048	8904	36051	60917	124789	209289	217506	224503	240904	326199	345145	366117	380049	457356	527560	575348	611292	685252	785344	1060082	1138823	1182680	1338110	1409111	1504188	1855372	2081186	2532328	2751217	6793416	7389995	7561190	7967244	8667351	8737036	
A	18	2	4	5	6	7	9	10	11	12	13	14	15	16	17	18	19	20	21	22	23	24	25	26	27	28	29	30	31	32	33	34	35	36	37	
A	18	604	8001	39689	53869	141323	228287	236026	244107	271440	368871	379666	402756	461350	474343	516691	586940	668753	793752	835258	913250	967489	1354167	1374333	1488772	1752113	2405905	2554494	2848716	2933585	3249418	7385197	7732602	8140585	8735989	
A	19	2	4	5	6	7	8	9	10	12	13	14	15	16	17	18	19	20	21	22	23	24	25	26	27	28	29	30	31	32	33	34	35	36	37	38	
A	19	338	18346	42457	73413	92650	150791	176052	250377	259265	289870	393068	431970	445367	544227	618862	633394	705750	770037	825717	919003	1039137	1338066	1438495	1643595	1950279	2000330	2287759	2471136	3090633	3303399	7392218	7624675	8290921	8619618	8707404	
A	20	3	5	6	7	9	10	11	12	13	14	15	16	17	19	20	21	22	23	24	25	26	27	28	29	30	31	32	33	34	35	36	37	
A	20	1261	45648	63124	165114	184345	201968	294195	304797	317383	341823	445869	461864	491197	620210	711303	761027	805000	997456	1080360	1214731	1385732	1430747	1645597	2186300	2537664	2987610	3858338	5382564	7400711	8058748	8387124	8727252	
A	21	2	3	4	5	6	7	8	10	11	12	13	15	16	17	18	19	20	21	22	23	24	25	26	27	28	29	30	31	32	33	34	35	36	37	38	
A	21	1031	1531	15448	50469	70709	166901	183989	225291	302356	325297	352111	478724	531304	547293	611611	632307	736041	904354	1022379	1050519	1124535	1269712	1577767	1719255	1803404	2546661	2799918	3166660	3358114	4104495	7400830	7828251	8230796	8642861	8727066	
A	22	2	4	5	6	7	8	10	11	12	13	14	16	17	18	19	20	21	23	24	25	26	27	28	29	30	31	32	33	34	35	36	37	38	
A	22	1222	11314	54338	76948	96276	200096	234306	316561	340137	367991	384057	541597	562795	601159	675002	805959	939247	1051135	1214295	1252270	1460327	1685966	1881364	2578132	2885240	3258345	3747049	4370601	7450310	7826452	8431545	8657534	8716311	
A	23	3	4	5	6	8	9	11	12	14	15	16	17	18	19	20	22	23	25	26	27	28	29	30	31	32	33	34	35	36	37	
A	23	2043	7966	28825	87623	224969	237156	276543	382468	415139	433210	492846	660747	685565	715407	888990	1000314	1311030	1557245	1702336	1898338	2343866	2812837	3519135	3716798	3994970	4727037	7333404	7965934	8405878	8723011	
A	24	3	4	5	6	8	9	11	12	13	14	15	16	17	18	19	20	21	22	23	24	26	27	28	29	30	31	32	33	34	35	36	37	38	
A	24	856	24286	32528	98292	181461	250607	294179	408721	425542	462947	508072	529608	581266	744835	808835	819617	976160	1049491	1279982	1494216	1767895	1870054	2153933	2773214	3511921	3726984	3992598	4875242	7584445	8025919	8411116	8522661	8731863	
A	25	4	5	6	8	9	11	12	13	15	16	17	18	19	20	21	23	24	25	26	27	28	29	30	31	32	33	34	35	36	37	38	
A	25	14163	54571	111804	204955	281369	297111	349385	479570	523588	603339	755451	787602	857959	900028	1168313	1260331	1605427	1817553	1991063	2379628	2515131	3021177	3133113	3610342	4734213	5213866	6797979	7730073	8218482	8517341	8728856	
A	26	5	6	7	8	9	11	12	13	14	15	16	17	18	19	20	21	22	23	24	25	26	27	28	29	30	31	32	33	34	35	36	37	38	
A	26	39759	84005	120848	194055	304015	321196	379956	497576	519989	570592	632155	661752	896197	935926	990356	1033804	1135181	1396354	1446051	1758508	2116530	2259777	2405491	2939296	3041627	3840597	4482270	5867770	6521012	7645193	8235226	8675517	8734086	
A	27	4	5	6	7	8	9	11	12	14	15	16	17	18	19	20	21	22	23	24	25	27	28	29	30	31	32	33	34	35	36	37	38	
A	27	4456	48040	97352	137412	219037	252452	359099	428871	580984	610873	640309	711402	879772	1055678	1070873	1116878	1463538	1638824	1767393	2125629	2548052	2885864	3162859	3937622	4659234	4935974	6242920	6688697	7834555	8312620	8663677	8726509	
A	28	4	5	6	7	8	9	10	12	13	14	15	16	18	19	20	21	22	23	24	25	26	27	28	29	30	31	32	33	34	35	36	37	
A	28	34236	54358	154461	207971	282968	379583	402364	481307	650412	684502	759324	887961	1140021	1239217	1256757	1451627	1639359	1854437	2006623	2361751	2682269	3007270	3307040	4066171	5016584	5262064	6209976	7842893	8113358	8240539	8405937	8709231	
A	29	4	5	6	8	9	11	12	13	14	15	16	17	18	19	20	21	22	23	24	25	26	27	28	29	30	31	32	33	34	35	36	37	38	
A	29	19222	61868	173866	316797	420752	446598	536716	570572	721430	799078	890563	937628	1045349	1317760	1400653	1676748	1744763	1975300	2045012	2559658	2869405	3521149	3593464	4109169	5108501	5561935	6112857	6812565	7782162	7995096	8432434	8608842	8680198	
A	30	4	6	8	9	10	12	14	15	16	17	18	19	20	21	22	23	24	25	26	27	28	29	30	31	32	33	34	35	36	37	
A	30	70514	195604	261689	473829	503325	607093	813847	903497	957383	1060948	1123633	1420846	1579347	1717423	2040888	2289524	2538638	2886576	3369944	3515031	3913392	4450351	5241696	5649676	6159707	7649374	7987239	8176911	8572031	8676074	
A	31	4	5	6	8	9	10	12	13	14	15	16	17	18	19	20	21	22	23	24	25	26	27	28	29	30	31	32	33	34	35	36	37	38	
A	31	25986	80077	220852	295015	402018	562977	602049	678520	907684	957627	1124304	1183309	1249082	1316875	1753895	1906940	1983924	2330334	2667431	2951728	3446184	3630267	4168837	4718986	5808030	6087295	6757940	7416203	7632428	8175389	8374114	8624417	8674397	
A	32	4	5	6	8	9	10	11	13	14	15	17	19	20	22	23	24	25	26	27	28	29	30	31	32	33	34	35	36	37	
A	32	30918	93568	251996	332972	457305	596110	634132	769818	819924	1137790	1337572	1624759	1972332	2333612	2417731	2902485	2985842	3658400	3915977	4352713	4779404	5475895	6207957	6738129	7552524	8347811	8479758	8623699	8667600	
A	33	4	5	6	7	8	9	10	12	13	15	16	17	18	19	20	21	22	23	24	25	26	27	28	29	30	31	32	33	34	35	36	38	
A	33	35369	105438	231408	280987	371448	438733	663481	705652	857658	1136757	1198618	1342822	1486419	1565954	1686664	2181220	2480355	2877729	3167366	3369002	3675120	4298594	4734554	5505091	5905007	6680222	7264919	7842975	8364837	8399078	8602301	8664987	
A	34	4	5	6	7	8	9	10	11	12	13	15	16	17	18	19	20	21	22	23	24	25	26	27	28	29	30	31	32	33	34	35	36	37	38	
A	34	32937	123115	261429	317998	415487	493467	573453	740054	788666	963184	1268037	1338124	1414054	1574298	1749139	1784775	2418527	2604199	2697149	3138352	3756260	3978201	4684951	4889454	5506109	6064571	6540159	7129236	7768631	7993144	8216431	8536675	8610610	8653202	
A	35	4	5	6	7	8	10	11	13	14	15	16	17	18	19	20	21	22	24	25	26	27	28	29	30	31	32	33	34	35	36	37	
A	35	48942	141132	234819	358226	465269	825936	880723	943411	1013616	1146715	1487071	1571579	1745005	1841197	1973126	2539279	2848004	3590154	3804308	3873681	4523010	5348649	5666315	6157179	7180294	7346512	8107759	8247141	8333435	8592367	8618400	
A	36	4	5	6	7	8	10	11	12	14	15	16	18	19	20	21	22	23	24	25	26	27	28	29	30	31	32	33	34	35	36	37	
A	36	56966	162191	266150	406009	525597	624097	929691	991201	1061106	1579007	1664338	1946610	2153232	2313672	2808640	3031972	3230727	3583066	4124467	4569613	4830835	5926236	6254082	6522845	7328754	7731220	7918884	8321959	8492078	8589501	8612434	
A	37	4	5	6	7	8	10	12	14	16	17	18	19	20	21	22	23	24	25	26	27	28	29	30	31	32	33	34	35	36	37	
A	37	50830	187467	302509	460732	593985	1047373	1114701	1363144	1765076	1961711	2077652	2276108	2552985	2787258	3206296	3572387	4111779	4479427	5020835	5534251	6219569	6373972	7367764	7594413	7720706	7871996	8279902	8509816	8561717	8582430	
A	38	4	5	6	7	8	10	11	12	13	15	16	18	19	20	21	22	23	24	25	26	27	28	29	30	31	32	33	34	35	36	37	
A	38	76974	214400	335838	514988	657595	782254	1153078	1229723	1314828	1597525	2037570	2366041	2491406	2543623	3337028	3580248	3932629	4337510	4653650	5450379	5797538	6482830	6969696	7365956	7549499	8031265	8071960	8252463	8291246	8506653	8557263	
A	39	4	5	6	7	8	10	11	12	14	15	16	17	18	19	20	21	22	23	24	25	26	27	28	29	30	31	32	33	34	35	36	
A	39	89255	246364	381585	583555	742484	879985	1293786	1376942	1468445	1778796	2146244	2376160	2597578	2731545	2900759	3580083	3863342	4056289	4783511	4913725	5283401	5966017	6543989	6828195	7662459	7802281	7963201	8321760	8384147	8461121	8524693	
A	40	4	5	6	7	8	10	11	13	14	15	16	18	19	20	21	23	24	25	26	27	28	29	30	31	32	33	34	35	36	37	
A	40	103319	280494	424185	537818	821053	974075	1423189	1515250	1615920	1948187	2455916	2819698	2958864	3247197	4131931	4513030	5037996	5624878	6208904	6487509	7227239	7463029	7723978	7805535	7975957	8072777	8336437	8420407	8467256	8511486	
A	41	4	5	6	7	8	10	11	12	14	15	16	17	18	19	20	21	22	23	24	25	26	27	28	29	30	31	32	33	34	35	36	
A	41	120287	322992	480484	605813	926086	1094238	1594523	1693548	1801135	2160893	2279237	2704242	3082507	3228157	3412703	4323637	4706759	4897529	5234378	5659869	6219175	7049960	7367461	7672138	8006704	8195192	8263251	8313189	8380033	8428595	8459994	
A	42	4	5	6	8	10	11	12	14	15	16	17	18	19	20	21	22	24	25	26	27	28	29	30	31	32	33	34	35	36	
A	42	135818	262653	531367	1019888	1203245	1744012	1850707	1965441	2347287	2470619	2923376	3313365	3464215	3914879	4581537	5057505	5601718	5918187	6808228	7339486	7555837	7837634	7962840	8097221	8137690	8325992	8385329	8416281	8425934	
A	43	4	5	6	8	11	13	15	17	18	19	20	21	22	24	25	26	27	28	29	30	31	32	33	34	35	36	
A	43	59323	298427	584114	1119285	1906484	2020656	2544747	3559342	3714131	3714534	4213517	4479358	5225327	5648617	6086373	6776007	7293576	7474324	7790548	7959541	8031784	8179855	8274645	8278080	8313654	8407368	
T	0	2	3	4	5	6	7	8	9	10	11	12	13	14	15	16	17	18	19	20	21	22	23	24	26	27	28	29	30	31	32	34	35	
T	0	12219	15560	31580	44450	82536	95680	129581	131044	155966	173810	180872	210770	266313	271713	282108	288086	310162	329486	374266	383613	420962	450585	472208	537976	562078	633407	723387	3667130	6422952	8963394	8996537	9026787	
T	1	2	3	4	5	6	7	8	9	10	11	12	13	14	15	16	17	18	19	20	21	22	23	24	26	27	28	29	30	31	32	34	35	
T	1	12113	15168	31105	44667	83036	95576	130551	132095	157472	176076	183070	214399	276553	281714	291671	297567	322970	345837	398964	407878	452794	487109	513504	594523	623802	710989	810026	3476147	6003267	8230770	8264540	8298613	
T	2	3	4	5	6	7	8	9	10	11	12	13	14	15	16	17	18	19	20	21	22	23	24	25	26	27	28	29	30	31	32	34	
T	2	13878	29901	47956	86836	106818	145956	156302	193254	198317	220200	244173	259503	268609	319116	322433	381357	426183	434269	441708	495092	518138	545178	622467	715471	719184	749865	843302	988865	6235440	8526326	8558236	
T	3	2	3	4	5	6	7	8	9	10	11	12	13	14	15	16	17	18	19	20	21	22	23	24	25	26	27	29	30	31	32	33	34	36	
T	3	9584	18087	22848	37011	90745	103553	128353	159768	185241	213787	224333	232422	281101	318224	331933	353688	380017	410020	424768	489268	515941	559096	615765	617860	640143	718256	749455	803168	6210681	8418617	8447989	8549556	8648494	
T	4	2	4	5	6	7	8	9	10	11	12	13	14	15	16	17	19	20	21	22	23	24	25	26	27	28	29	30	31	32	33	34	36	
T	4	7068	13973	57775	99073	104202	152912	166475	175473	203216	246056	261845	293645	342206	402951	414529	472075	477789	488519	534602	560675	620191	624919	794126	835408	932674	993796	1025477	3694488	6640660	6645237	8845075	8880024	
T	5	2	4	5	6	7	8	9	10	11	12	13	14	15	16	17	18	19	20	21	22	23	24	25	26	27	28	29	30	31	32	33	35	37	
T	5	10218	20918	26957	97737	107720	152510	172166	174292	193192	204364	244443	274102	330324	344024	352953	410244	445033	462102	505463	542025	579188	582919	662120	688022	778718	812510	956381	1096590	3638674	6295619	8228878	8338803	8412560	
T	6	2	4	5	6	7	8	9	10	11	12	13	14	15	16	17	18	19	20	21	22	23	24	25	26	28	29	30	31	32	33	34	35	37	
T	6	18782	32141	66025	118087	158573	167275	201448	211333	253439	287840	342083	355013	389300	400701	440801	498245	508117	543916	577285	617564	694334	710313	789484	862224	979142	1057963	1206153	3788883	6664512	6666989	6700398	8684785	8724517	
T	7	2	3	4	5	6	7	8	9	10	11	12	13	14	15	16	17	18	19	20	21	22	23	24	25	26	27	28	30	31	32	33	34	35	37	
T	7	7309	10298	24622	29813	97446	113629	123395	162329	193037	221095	228207	230890	282586	312536	320232	335777	352864	407226	474847	516444	571632	644189	657798	703418	759707	887727	931131	980160	1022290	3609017	6416583	8326986	8590111	8676900	
T	8	2	3	4	5	6	7	8	9	10	11	12	13	14	15	16	17	18	19	20	21	22	23	24	25	26	27	28	29	31	32	33	34	35	37	
T	8	2570	5932	12618	39861	116788	127648	137145	183606	223475	234276	252814	278722	293063	319619	353050	402818	414714	427240	476885	599429	606093	642061	681816	726494	799408	884529	936627	1079872	1308151	6605806	6700297	8513118	8738765	8784152	
T	9	3	4	5	6	7	8	9	10	11	12	13	14	15	16	17	18	19	20	21	22	23	24	25	26	27	28	29	30	31	32	33	34	35	37	
T	9	12866	19639	54533	77313	126198	145330	193579	196636	204489	240418	259689	314632	329658	365960	378642	388518	448029	491466	541562	575946	588315	661819	730458	795801	882620	960726	1028847	1216761	1246001	6386091	6577229	8267841	8517171	8614398	
T	10	2	4	5	6	7	8	9	10	11	12	13	14	15	16	17	18	19	20	21	22	23	24	25	26	28	29	30	31	32	33	34	35	36	37	
T	10	7983	25479	42369	134136	139270	148150	163893	214813	236922	260894	270577	280979	331086	347506	391158	410335	428127	496272	561083	596009	657910	693892	738336	823931	894613	1015929	1100868	1216138	4030621	6502033	8256013	8359988	8492542	8642897	
T	11	3	4	5	6	7	8	9	10	11	12	13	14	16	17	18	19	20	21	22	23	24	25	26	27	28	29	30	31	32	33	34	35	36	37	
T	11	5497	25096	39139	90347	150092	157650	161310	180537	238357	254871	258519	315685	374308	393273	427934	438272	452667	479617	591467	600376	682611	721017	740561	817169	894262	984566	1233539	1405092	4164856	6593637	8267298	8422006	8502701	8609801	
T	12	3	4	5	6	7	8	9	10	11	13	14	15	16	17	18	19	20	22	23	24	25	26	27	28	29	30	31	32	33	34	35	36	37	
T	12	3963	13977	50266	85020	110843	160363	180692	234823	260769	300134	315427	323227	364580	403999	467722	481414	571754	590900	647236	706488	827696	844464	871815	921907	1154761	1221944	1405088	3941389	6610949	7031364	8422623	8631489	8689683	
T	13	3	4	5	6	7	8	9	10	11	13	14	15	16	17	18	19	20	21	22	23	24	25	26	27	28	29	30	31	32	33	34	35	36	37	38	
T	13	4936	14950	53991	91485	115192	171648	183355	202987	258290	273780	289481	355819	364382	386222	433810	480091	498093	588354	594187	633907	756723	808698	882164	903054	977558	1070445	1167535	1248924	1412785	4049110	7816212	8020741	8334070	8447487	8702509	
T	14	3	5	6	7	8	9	11	12	13	14	15	16	17	18	19	20	21	22	23	24	25	26	27	28	29	30	31	32	33	34	35	36	37	38	
T	14	5124	51156	100848	129617	179729	196302	268837	277917	295071	321417	349183	397190	416762	452408	478819	492645	585648	649165	694115	738591	807944	903871	982796	1068703	1231818	1507776	1647096	1836957	4328809	6945892	7248594	8478024	8646316	8711985	
T	15	4	5	6	7	8	9	10	11	12	14	15	16	18	19	20	21	22	23	24	25	26	27	28	29	30	31	32	33	34	35	36	37	38	
T	15	9169	29947	77102	120265	145186	197740	206080	223974	288191	316427	340460	401004	437357	459294	468405	569981	655150	674455	728399	771934	793002	868817	1064486	1294022	1403893	1485629	1620805	4215365	7776083	8259548	8523175	8648608	8718347	
T	16	3	4	5	6	7	8	9	10	12	13	14	15	16	17	18	19	20	21	22	23	24	25	26	27	28	29	30	31	32	33	34	35	36	37	38	
T	16	11920	18992	40989	79924	121095	156944	212576	226276	249932	329519	334711	340324	403882	421261	454810	491827	515387	557833	618147	635407	799547	824019	889129	922624	1043111	1122787	1340856	1727110	1817863	2133058	6761485	7136555	7283092	8600189	8747063	
T	17	2	4	5	6	7	9	10	11	12	13	14	15	16	17	18	19	20	21	22	23	24	25	26	27	28	29	30	31	32	33	34	35	36	37	38	
T	17	4150	13848	44644	74972	142035	230513	239704	245225	260348	335712	351703	368469	374795	438482	487145	514249	538880	594293	651975	816943	853154	868350	964910	1000503	1043229	1246604	1402784	1684824	1817592	6626112	7051915	7159425	7467501	8667999	8743180	
T	18	2	4	5	6	7	9	10	11	12	13	14	15	16	17	18	19	20	21	22	23	24	25	26	27	28	29	30	31	32	33	34	35	36	37	
T	18	1427	9039	50655	66678	161098	251152	257422	263905	291118	373828	385151	403550	447925	454456	487647	541663	597622	675704	701141	738549	768735	990821	998430	1062131	1220115	1646902	1712359	1882898	1931045	2261753	6975696	7273827	7700468	8764145	
T	19	2	4	5	6	7	8	9	10	12	13	14	15	16	17	18	19	20	21	22	23	24	25	26	27	28	29	30	31	32	33	34	35	36	37	38	
T	19	676	22719	52456	88399	109240	170378	196001	270553	277181	303836	391142	419774	426663	498960	549173	556201	607250	630894	657284	712374	780487	948942	989874	1085536	1245236	1272808	1409724	1507360	1919485	2083727	7053110	7339868	7899890	8680058	8766976	
T	20	3	5	6	7	9	10	11	12	13	14	15	16	17	19	20	21	22	23	24	25	26	27	28	29	30	31	32	33	34	35	36	37	
T	20	2436	55941	75312	183188	203197	217419	307220	314411	325458	339637	430987	443715	458076	544934	607101	639486	656164	782396	818732	871532	935553	959908	1087518	1374250	1558294	1825172	2365045	4444608	7128782	8032870	8352071	8763678	
T	21	2	3	4	5	6	7	8	10	11	12	13	15	16	17	18	19	20	21	22	23	24	25	26	27	28	29	30	31	32	33	34	35	36	37	38	
T	21	1953	2801	18499	61472	83573	186796	203012	240321	316870	332094	355808	456951	492048	499899	538169	546523	614845	715160	790389	799752	832243	888571	1040057	1108129	1145634	1568762	1702715	1957945	2107553	2664820	7373519	7783717	8317673	8682453	8777145	
T	22	2	4	5	6	7	8	10	11	12	13	14	16	17	18	19	20	21	23	24	25	26	27	28	29	30	31	32	33	34	35	36	37	38	
T	22	2291	13272	65652	89817	112126	219209	250322	332891	349528	369692	382109	505287	519639	537082	577575	667114	742398	795028	887357	899506	975258	1092333	1180541	1562607	1729581	1951125	2264649	2714961	7378303	7726866	8429014	8718306	8804440	
T	23	3	4	5	6	8	9	11	12	14	15	16	17	18	19	20	22	23	25	26	27	28	29	30	31	32	33	34	35	36	37	
T	23	3621	10771	35722	102768	244606	253933	288402	386843	409963	424349	458557	578586	595578	606123	722153	767602	931222	1069442	1126104	1201628	1434340	1725478	2157304	2278397	2539156	3149678	7182117	7778099	8443894	8809759	
T	24	3	4	5	6	8	9	11	12	13	14	15	16	17	18	19	20	21	22	23	24	26	27	28	29	30	31	32	33	34	35	36	37	38	
T	24	1184	28578	39543	112668	195819	266381	304728	409935	419878	445272	465705	482256	510589	639000	661540	674228	760092	803733	908496	1034904	1158158	1189671	1317872	1660604	2089146	2273414	2475035	3147747	7335249	8026605	8445158	8615798	8812554	
T	25	4	5	6	8	9	11	12	13	15	16	17	18	19	20	21	23	24	25	26	27	28	29	30	31	32	33	34	35	36	37	38	
T	25	15191	65153	124719	215070	291802	302520	343864	457639	485359	525109	644157	655904	689603	723334	867019	894646	1062942	1186306	1252642	1431855	1493113	1787535	1884396	2186106	2990667	3456910	6154695	7799452	8293464	8636179	8810544	
T	26	5	6	7	8	9	11	12	13	14	15	16	17	18	19	20	21	22	23	24	25	26	27	28	29	30	31	32	33	34	35	36	37	38	
T	26	45820	97578	133781	207243	313647	325002	369902	481745	492922	523047	546460	566311	730334	743215	783782	796989	852068	973575	988160	1151900	1335923	1398757	1484260	1778000	1843650	2412310	2781222	4694217	5305332	7683344	8329297	8718403	8815672	
T	27	4	5	6	7	8	9	11	12	14	15	16	17	18	19	20	21	22	23	24	25	27	28	29	30	31	32	33	34	35	36	37	38	
T	27	6477	53028	107710	146824	224374	250560	351045	397764	530020	548362	561324	587607	665800	805825	822982	837261	1005450	1067515	1106584	1281483	1498544	1679793	1791713	2303295	2882416	3099005	5435617	5876066	7829671	8369091	8722951	8825687	
T	28	4	5	6	7	8	9	10	12	13	14	15	16	18	19	20	21	22	23	24	25	26	27	28	29	30	31	32	33	34	35	36	37	
T	28	37314	58757	160693	209564	273358	369289	382947	433877	575975	589937	633070	686156	863473	894165	913795	993505	1098836	1188492	1247876	1406784	1541204	1724477	1918065	2355991	2978681	3162953	4135989	7577873	7886146	8153004	8450012	8845711	
T	29	4	5	6	8	9	11	12	13	14	15	16	17	18	19	20	21	22	23	24	25	26	27	28	29	30	31	32	33	34	35	36	37	38	
T	29	21703	66737	179418	302189	405304	420238	475307	490137	629572	666912	698211	722272	765286	945022	995255	1097552	1117598	1254339	1275164	1535424	1649934	2026459	2123111	2482156	3175829	3552590	3966317	5315960	7517222	7944632	8605507	8771902	8888888	
T	30	4	6	8	9	10	12	14	15	16	17	18	19	20	21	22	23	24	25	26	27	28	29	30	31	32	33	34	35	36	37	
T	30	75658	198465	256125	442328	458727	519243	684658	725580	751937	786928	815670	1007793	1082480	1124472	1301340	1393720	1489590	1675108	1924333	1981786	2217379	2578315	3142797	3568002	4087704	7375558	7834927	8200856	8673339	8914743	
T	31	4	5	6	8	9	10	12	13	14	15	16	17	18	19	20	21	22	23	24	25	26	27	28	29	30	31	32	33	34	35	36	37	38	
T	31	30112	89579	227900	289996	377032	513353	531385	586057	764036	782588	851790	885652	906316	943982	1218193	1264854	1288137	1494439	1628807	1775179	2090845	2216839	2552809	3033778	3825487	4167149	5931648	6522286	6908317	8104280	8522739	8861930	8918518	
T	32	4	5	6	8	9	10	11	13	14	15	17	19	20	22	23	24	25	26	27	28	29	30	31	32	33	34	35	36	37	
T	32	34269	99523	248201	315197	407390	533695	552820	628174	647178	871104	946592	1145422	1300507	1444441	1470757	1729036	1758324	2139094	2268010	2584018	2890082	3423657	4166932	4746845	6180706	8234372	8571715	8860076	8964781	
T	33	4	5	6	7	8	9	10	12	13	15	16	17	18	19	20	21	22	23	24	25	26	27	28	29	30	31	32	33	34	35	36	38	
T	33	39270	112347	226305	273130	345824	387603	582097	602230	686471	893584	914391	990846	1034786	1058512	1135440	1422663	1557879	1777530	1902353	1999873	2167601	2561465	2926204	3487345	3999012	4655786	5356007	6620439	8421375	8542867	8876383	9001441	
T	34	4	5	6	7	8	9	10	11	12	13	15	16	17	18	19	20	21	22	23	24	25	26	27	28	29	30	31	32	33	34	35	36	37	38	
T	34	30855	127511	250879	301956	378459	424196	488286	633470	655584	749516	974056	996952	1038646	1087706	1159211	1193911	1558573	1619883	1650779	1915983	2239565	2397306	2815587	3052305	3538966	4078384	4695732	6495169	7167417	7584335	7947282	8822311	8953893	9013837	
T	35	4	5	6	7	8	10	11	13	14	15	16	17	18	19	20	21	22	24	25	26	27	28	29	30	31	32	33	34	35	36	37	
T	35	52395	145393	218391	335239	418618	698337	722390	746559	771127	852394	1096142	1143492	1197578	1249273	1316940	1649952	1780080	2183355	2299099	2343401	2789168	3392468	3895237	4399552	5450410	5691627	8015226	8257120	8439937	8977513	9062593	
T	36	4	5	6	7	8	10	11	12	14	15	16	18	19	20	21	22	23	24	25	26	27	28	29	30	31	32	33	34	35	36	37	
T	36	61046	164908	243237	371641	460814	515785	764101	790435	816698	1170337	1198161	1309890	1399317	1504969	1804422	1907620	1985459	2176765	2512141	2814475	3022547	3924305	4263906	4635134	5629865	6218741	6641555	8443903	8844351	9060487	9106152	
T	37	4	5	6	7	8	10	12	14	16	17	18	19	20	21	22	23	24	25	26	27	28	29	30	31	32	33	34	35	36	37	
T	37	46156	184088	266487	404402	499035	821646	849606	971625	1252818	1337201	1396281	1459498	1604343	1711167	1989226	2181701	2475830	2701893	3115731	3540476	4182608	4414403	5693412	6082705	6336666	6654805	8173337	8924959	9094411	9140708	
T	38	4	5	6	7	8	10	11	12	13	15	16	18	19	20	21	22	23	24	25	26	27	28	29	30	31	32	33	34	35	36	37	
T	38	81584	212568	298761	451136	552346	615146	903968	934311	964459	1104526	1411947	1546181	1616364	1665208	2119182	2243643	2470283	2741360	2929289	3598980	3857106	4523728	5220794	5744719	6160418	7179361	7306984	8450413	8592453	9054169	9192340	
T	39	4	5	6	7	8	10	11	12	14	15	16	17	18	19	20	21	22	23	24	25	26	27	28	29	30	31	32	33	34	35	36	
T	39	96231	245583	336043	504826	610906	680304	992666	1026119	1059573	1213718	1507312	1614511	1690171	1766774	1860597	2264017	2437547	2534605	3036151	3136291	3477198	4131925	4818442	5186634	6421658	6663163	7089333	8631593	8830809	9081229	9254901	
T	40	4	5	6	7	8	10	11	13	14	15	16	18	19	20	21	23	24	25	26	27	28	29	30	31	32	33	34	35	36	37	
T	40	111184	275971	371971	455870	668951	743475	1080945	1116689	1152867	1323605	1678092	1838338	1921139	2070351	2637822	2885635	3254250	3748732	4334238	4594343	5631526	6020173	6553587	6776000	7860537	8142915	8861268	9047591	9171681	9298821	
T	41	4	5	6	7	8	10	11	12	14	15	16	17	18	19	20	21	22	23	24	25	26	27	28	29	30	31	32	33	34	35	36	
T	41	129616	311770	411550	502097	727516	808827	1170715	1210113	1249870	1429672	1471985	1807680	1979377	2065450	2175113	2765752	3017984	3129831	3409222	3827474	4338401	5500654	5954479	6524563	7271464	8514975	8739190	8909185	9115276	9257169	9364694	
T	42	4	5	6	8	10	11	12	14	15	16	17	18	19	20	21	22	24	25	26	27	28	29	30	31	32	33	34	35	36	
T	42	148586	256600	454473	795754	883512	1276597	1319370	1362526	1562654	1608498	1971679	2160408	2255123	2528559	3006709	3334394	3799916	4140541	5127010	5930729	6335294	6985130	7335486	7851017	7995793	9095987	9296887	9407827	9437911	
T	43	4	5	6	8	11	13	15	17	18	19	20	21	22	24	25	26	27	28	29	30	31	32	33	34	35	36	
T	43	84110	280100	483986	841362	1352954	1397777	1656547	2300797	2400281	2401495	2785606	2951953	3469153	3850798	4264925	5211687	5878741	6253242	6907453	7477583	7707916	8641157	9008449	9026772	9146860	9469989	
G	0	2	3	4	5	6	7	8	9	10	11	12	13	14	15	16	17	18	19	20	21	22	23	24	26	27	28	29	30	31	32	34	35	
G	0	7318	8802	18755	27464	52312	60058	82093	83062	98436	109390	113652	131544	164754	167189	172595	175886	187974	198205	221468	225506	244985	258139	268619	299484	310199	342464	382843	2070922	3534144	5346947	5361750	5375044	
G	1	2	3	4	5	6	7	8	9	10	11	12	13	14	15	16	17	18	19	20	21	22	23	24	26	27	28	29	30	31	32	34	35	
G	1	8186	9861	21088	31285	58211	66969	91047	92241	109487	121673	126738	147663	185858	188678	195381	199314	213799	225913	254957	259799	283477	300605	314023	354236	368731	411921	464641	2446781	4193271	6006364	6025565	6043426	
G	2	3	4	5	6	7	8	9	10	11	12	13	14	15	16	17	18	19	20	21	22	23	24	25	26	27	28	29	30	31	32	34	
G	2	9053	18992	30927	57916	71567	97102	104047	128516	132429	146108	160384	170771	176987	205560	207292	239814	263028	268236	272602	299061	310636	322789	357720	399959	402018	415802	458801	526318	4440201	6337508	6352279	
G	3	2	3	4	5	6	7	8	9	10	11	12	13	14	15	16	17	18	19	20	21	22	23	24	25	26	27	29	30	31	32	33	34	36	
G	3	5523	11337	15059	24334	61279	69816	86703	108474	126582	144588	152136	156833	186127	209999	217761	230101	245308	261578	269485	303617	316902	338337	365979	367492	378650	415840	430784	455983	4447814	6394338	6408223	6458705	6506692	
G	4	2	4	5	6	7	8	9	10	11	12	13	14	15	16	17	19	20	21	22	23	24	25	26	27	28	29	30	31	32	33	34	36	
G	4	4198	8460	36072	62989	66766	97979	106762	111932	128953	154304	164115	182348	208894	240781	246597	274189	276985	282236	303330	314644	339782	343011	413462	431084	471761	497321	510195	2347155	4477531	4479608	6306070	6320475	
G	5	2	4	5	6	7	8	9	10	11	12	13	14	15	16	17	18	19	20	21	22	23	24	25	26	27	28	29	30	31	32	33	35	37	
G	5	6861	13725	17998	66892	73391	105446	119387	121288	134350	141976	168369	187398	222732	230675	236626	268589	288772	300362	325485	346229	365638	367705	407549	420676	464215	480665	554923	629922	2497355	4613330	6329449	6386501	6425675	
G	6	2	4	5	6	7	8	9	10	11	12	13	14	15	16	17	18	19	20	21	22	23	24	25	26	28	29	30	31	32	33	34	35	37	
G	6	11465	20939	43885	79497	108294	114729	137507	143850	172441	195314	230601	239185	260515	267510	293105	326313	331952	352780	370584	393356	434431	444235	487424	524832	584597	626006	700353	2562856	4730328	4732405	4748873	6438121	6459416	
G	7	2	3	4	5	6	7	8	9	10	11	12	13	14	15	16	17	18	19	20	21	22	23	24	25	26	27	28	30	31	32	33	34	35	37	
G	7	4187	6493	16729	19428	66175	76927	84227	110233	132220	151482	156440	158816	193039	213022	218289	228738	238643	272251	315161	338826	368806	408564	418452	442467	474375	543945	568578	594435	615697	2433072	4531848	6148509	6287884	6333769	
G	8	2	3	4	5	6	7	8	9	10	11	12	13	14	15	16	17	18	19	20	21	22	23	24	25	26	27	28	29	31	32	33	34	35	37	
G	8	1808	4279	9595	27387	79037	86624	92403	126033	153008	161261	173227	191478	201000	219626	242102	272935	283895	291810	324586	397142	401511	429466	458912	485320	526149	573573	602930	680314	805911	4545413	4598250	6132017	6256496	6283150	
G	9	3	4	5	6	7	8	9	10	11	12	13	14	15	16	17	18	19	20	21	22	23	24	25	26	27	28	29	30	31	32	33	34	35	37	
G	9	8548	14336	37995	53717	88986	104395	137846	140768	146801	173589	187150	224045	236927	262606	273431	281287	321909	352315	386258	414462	424192	468034	514827	559972	608983	651272	697011	803073	827108	4554851	4670909	6143286	6294895	6352482	
G	10	2	4	5	6	7	8	9	10	11	12	13	14	15	16	17	18	19	20	21	22	23	24	25	26	28	29	30	31	32	33	34	35	36	37	
G	10	4565	18074	28529	95523	99179	106283	120166	157556	173168	192266	200299	211005	247710	260670	295071	313080	327676	376566	426378	447696	493731	527206	558222	611510	660684	740903	803794	877814	2801997	4640279	6078884	6147498	6238983	6339521	
G	11	3	4	5	6	7	8	9	10	11	12	13	14	16	17	18	19	20	21	22	23	24	25	26	27	28	29	30	31	32	33	34	35	36	37	
G	11	2701	17055	26799	64720	108410	115768	119580	135818	181191	194947	198874	243313	293298	312928	340844	351060	364144	389852	476618	484793	543097	583125	603630	666037	716173	789082	968137	1088400	2996679	4757979	6098763	6208349	6271180	6343069	
G	12	3	4	5	6	7	8	9	10	11	13	14	15	16	17	18	19	20	22	23	24	25	26	27	28	29	30	31	32	33	34	35	36	37	
G	12	3409	9532	34819	60418	79472	117289	134750	175792	202043	232483	247863	257062	292887	325940	381486	396189	470318	491089	538692	585884	686866	704637	734541	785869	953429	1005694	1153919	2871911	4730920	5023442	6109210	6265453	6305928	
G	13	3	4	5	6	7	8	9	10	11	13	14	15	16	17	18	19	20	21	22	23	24	25	26	27	28	29	30	31	32	33	34	35	36	37	38	
G	13	4405	9892	37985	66021	82861	127236	137569	157558	200310	214308	231252	283075	293946	316039	357372	396335	414615	487281	494404	537769	638990	698862	761049	784064	844332	923217	1004555	1073308	1202108	2960014	5666910	5818003	6035409	6115679	6291087	
G	14	3	5	6	7	8	9	11	12	13	14	15	16	17	18	19	20	21	22	23	24	25	26	27	28	29	30	31	32	33	34	35	36	37	38	
G	14	4102	37273	69014	95193	131986	148163	207016	218255	237593	266870	288310	330641	354697	385002	418358	434525	512328	590533	628476	660896	724521	818603	907543	976397	1110965	1321565	1426039	1564959	3229214	4955722	5188204	6092960	6222989	6269426	
G	15	4	5	6	7	8	9	10	11	12	14	15	16	18	19	20	21	22	23	24	25	26	27	28	29	30	31	32	33	34	35	36	37	38	
G	15	6992	22340	53488	85851	109352	148815	156584	175904	227868	263412	291820	340642	388292	418073	428049	524307	593850	619475	690417	747950	772913	864220	1046496	1241131	1363913	1430433	1535126	3206501	5564864	5946716	6139342	6227442	6277763	
G	16	3	4	5	6	7	8	9	10	12	13	14	15	16	17	18	19	20	21	22	23	24	25	26	27	28	29	30	31	32	33	34	35	36	37	38	
G	16	6948	12672	29701	61265	92087	121324	163115	177757	203932	275701	283334	291917	358326	382149	409326	459749	488071	525960	587126	609613	781957	814585	874472	914086	1040199	1110280	1302094	1626542	1704649	1963767	4835713	5139403	5247752	6165524	6271927	
G	17	2	4	5	6	7	9	10	11	12	13	14	15	16	17	18	19	20	21	22	23	24	25	26	27	28	29	30	31	32	33	34	35	36	37	38	
G	17	3037	8589	32787	55189	105271	179556	188800	196256	214359	280741	301064	322817	332694	399998	448356	487520	518014	571265	627634	797365	846695	869792	965881	1009209	1064158	1251751	1398198	1664724	1778965	4703032	5042571	5132755	5375927	6201256	6254679	
G	18	2	4	5	6	7	9	10	11	12	13	14	15	16	17	18	19	20	21	22	23	24	25	26	27	28	29	30	31	32	33	34	35	36	37	
G	18	1086	7424	38588	49393	121214	198653	207211	216349	250105	327456	342042	368977	411385	422815	472887	529316	581652	671144	711039	769204	813462	1066931	1080264	1132947	1294037	1680367	1762544	1940370	1987672	2239894	5038192	5254078	5553968	6236226	
G	19	2	4	5	6	7	8	9	10	12	13	14	15	16	17	18	19	20	21	22	23	24	25	26	27	28	29	30	31	32	33	34	35	36	37	38	
G	19	801	16266	40080	66931	79956	128647	156597	217897	228017	262179	345274	387097	399498	483732	534379	547133	618322	661820	704083	760020	834041	1010412	1072629	1200395	1381430	1414044	1559440	1662091	1995603	2120176	5089125	5281799	5717550	6193545	6255991	
G	20	3	5	6	7	9	10	11	12	13	14	15	16	17	19	20	21	22	23	24	25	26	27	28	29	30	31	32	33	34	35	36	37	
G	20	2015	43588	56518	140629	162032	182214	261431	273053	287790	312535	395100	413977	440783	551126	612026	663490	694302	817370	878915	963627	1064339	1098356	1211722	1517032	1700847	1953259	2433200	3584688	5121504	5724594	5964988	6254222	
G	21	2	3	4	5	6	7	8	10	11	12	13	15	16	17	18	19	20	21	22	23	24	25	26	27	28	29	30	31	32	33	34	35	36	37	38	
G	21	1309	2248	14257	47971	62991	135930	156202	203894	263916	290002	322204	422968	480307	495286	562388	578999	648024	784100	866992	885215	938529	1032073	1218576	1312384	1368887	1774288	1920493	2140016	2259510	2711430	5270525	5560620	5902340	6174582	6239082	
G	22	2	4	5	6	7	8	10	11	12	13	14	16	17	18	19	20	21	23	24	25	26	27	28	29	30	31	32	33	34	35	36	37	38	
G	22	1519	10436	51336	67740	88032	170282	209395	273220	301091	332585	351494	483240	506898	542237	615597	717297	807838	898857	1009783	1031387	1155904	1297932	1417466	1815923	1977461	2186751	2456443	2837909	5277391	5532603	5998736	6179524	6232966	
G	23	3	4	5	6	8	9	11	12	14	15	16	17	18	19	20	22	23	25	26	27	28	29	30	31	32	33	34	35	36	37	
G	23	2805	8023	26064	80166	196068	210975	259046	345245	383191	406359	470797	598429	627995	649926	796717	880240	1072381	1246528	1337628	1453617	1704693	1975749	2408383	2517944	2708390	3178329	5140038	5573387	5973063	6214938	
G	24	3	4	5	6	8	9	11	12	13	14	15	16	17	18	19	20	21	22	23	24	26	27	28	29	30	31	32	33	34	35	36	37	38	
G	24	1230	20888	28502	88443	167336	215375	269362	360299	378520	421698	463400	490825	544370	672690	719689	726785	831094	909419	1048750	1208665	1403429	1455373	1616016	1941725	2389956	2536360	2699697	3226763	5275360	5686540	5968570	6071688	6217067	
G	25	4	5	6	8	9	11	12	13	15	16	17	18	19	20	21	23	24	25	26	27	28	29	30	31	32	33	34	35	36	37	38	
G	25	12715	46481	98313	186712	239670	257833	319767	421261	470007	547418	651283	676204	740379	783021	986583	1041437	1268319	1402365	1508496	1721710	1799235	2085717	2152841	2438445	3116913	3434301	4738204	5503524	5844070	6072730	6203416	
G	26	5	6	7	8	9	11	12	13	14	15	16	17	18	19	20	21	22	23	24	25	26	27	28	29	30	31	32	33	34	35	36	37	38	
G	26	32777	79552	105449	167780	256687	275367	344074	428886	450352	503939	552822	588023	764981	791917	844195	871586	968174	1123311	1151705	1363537	1589252	1674067	1770367	2064552	2120039	2590331	2944027	3959717	4396304	5440309	5858398	6148293	6206474	
G	27	4	5	6	7	8	9	11	12	14	15	16	17	18	19	20	21	22	23	24	25	27	28	29	30	31	32	33	34	35	36	37	38	
G	27	4135	38323	88808	117097	182520	221670	303855	376713	491347	521461	548331	605760	751181	871212	880965	912123	1145927	1260466	1325942	1549376	1806073	1994990	2141194	2587895	3035365	3214090	4265763	4570094	5546418	5897923	6141754	6202102	
G	28	4	5	6	7	8	9	10	12	13	14	15	16	18	19	20	21	22	23	24	25	26	27	28	29	30	31	32	33	34	35	36	37	
G	28	28440	42594	129872	163657	245077	310629	334997	415830	542289	571664	645112	751049	931288	997543	1008549	1148183	1265793	1412322	1504556	1701804	1884690	2069485	2245566	2675352	3222320	3369978	4040089	5474111	5670886	5797876	5953733	6198256	
G	29	4	5	6	8	9	11	12	13	14	15	16	17	18	19	20	21	22	23	24	25	26	27	28	29	30	31	32	33	34	35	36	37	38	
G	29	14461	46963	144189	273241	343950	371104	463119	494419	600316	671807	741261	785583	870793	1052155	1117064	1307070	1345573	1495922	1533968	1851588	2024901	2410495	2461711	2761071	3361890	3652197	3982815	4569919	5419809	5630239	6003434	6116264	6181995	
G	30	4	6	8	9	10	12	14	15	16	17	18	19	20	21	22	23	24	25	26	27	28	29	30	31	32	33	34	35	36	37	
G	30	53280	161716	202239	382679	413572	515573	665547	744820	792739	870634	923854	1122794	1233955	1315543	1536893	1682636	1826521	2040466	2328301	2402127	2634731	2949938	3429613	3717014	4061138	5338176	5599531	5770540	6064681	6178868	
G	31	4	5	6	8	9	10	12	13	14	15	16	17	18	19	20	21	22	23	24	25	26	27	28	29	30	31	32	33	34	35	36	37	38	
G	31	18789	64026	193217	237868	364772	482598	519930	612287	778295	819088	960788	1023318	1067188	1134793	1440055	1528169	1571795	1825620	2026220	2208827	2516468	2627931	2925768	3266858	3937969	4127892	4687178	5105372	5278547	5738946	5940381	6132153	6162054	
G	32	4	5	6	8	9	10	11	13	14	15	17	19	20	22	23	24	25	26	27	28	29	30	31	32	33	34	35	36	37	
G	32	20128	67637	203544	252163	386025	476465	513602	647572	690137	927068	1081914	1271382	1519309	1757674	1804178	2110180	2154548	2558495	2699518	2960859	3222422	3655427	4151384	4506183	5159490	5834727	5967529	6104878	6151189	
G	33	4	5	6	7	8	9	10	12	13	15	16	17	18	19	20	21	22	23	24	25	26	27	28	29	30	31	32	33	34	35	36	38	
G	33	22530	75834	169096	228271	283020	354833	529870	570675	721522	916273	963388	1098731	1196605	1246652	1340308	1674079	1881916	2135223	2305066	2425330	2609066	2988077	3252945	3703860	3978785	4469016	4897600	5380095	5867216	5909331	6071129	6130544	
G	34	4	5	6	7	8	9	10	11	12	13	15	16	17	18	19	20	21	22	23	24	25	26	27	28	29	30	31	32	33	34	35	36	37	38	
G	34	19448	86435	193153	257953	316238	395055	485038	590344	634825	806790	1016527	1068136	1141891	1248011	1381003	1400667	1845532	1949287	2001187	2304685	2674212	2812004	3244683	3373992	3749595	4105500	4446126	4961627	5412738	5579995	5744133	6036882	6087976	6114936	
G	35	4	5	6	7	8	10	11	13	14	15	16	17	18	19	20	21	22	24	25	26	27	28	29	30	31	32	33	34	35	36	37	
G	35	28765	98250	160777	288967	354459	658601	707185	758710	812670	952880	1183930	1265774	1379280	1466710	1545494	1935453	2136228	2611688	2744909	2783746	3194920	3700015	3927095	4246134	4928951	5044624	5697316	5792105	5869818	6087202	6116295	
G	36	4	5	6	7	8	10	11	12	14	15	16	18	19	20	21	22	23	24	25	26	27	28	29	30	31	32	33	34	35	36	37	
G	36	32362	110524	179137	322271	394626	489909	728639	781869	837718	1239149	1298783	1506284	1658296	1777110	2096981	2250533	2360355	2593477	2930561	3212854	3370581	4060073	4257309	4450076	5026233	5328092	5488905	5864743	6002226	6075749	6092680	
G	37	4	5	6	7	8	10	12	14	16	17	18	19	20	21	22	23	24	25	26	27	28	29	30	31	32	33	34	35	36	37	
G	37	27181	118976	193558	344751	423914	781218	837525	1053635	1323858	1476337	1570239	1696649	1880274	2036584	2318101	2557681	2887764	3104890	3453933	3796889	4258778	4364037	5094781	5271985	5364526	5477612	5822755	6035148	6088927	6104626	
G	38	4	5	6	7	8	10	11	12	13	15	16	18	19	20	21	22	23	24	25	26	27	28	29	30	31	32	33	34	35	36	37	
G	38	40323	138323	219654	393772	480860	592368	879898	941320	1005473	1249557	1541442	1774500	1877405	1905107	2435886	2597741	2826481	3099465	3284850	3789822	3992528	4459815	4769873	5073528	5219898	5593774	5628765	5806081	5844481	6024998	6071098	
G	39	4	5	6	7	8	10	11	12	14	15	16	17	18	19	20	21	22	23	24	25	26	27	28	29	30	31	32	33	34	35	36	
G	39	45130	154492	242750	437020	532394	652277	967759	1033415	1101768	1366627	1608989	1785985	1923366	2031282	2127666	2571784	2780490	2889948	3341571	3426024	3678862	4118544	4521809	4728715	5359748	5451517	5582154	5878480	5932078	6000790	6047377	
G	40	4	5	6	7	8	10	11	13	14	15	16	18	19	20	21	23	24	25	26	27	28	29	30	31	32	33	34	35	36	37	
G	40	51070	175545	271743	381908	587575	718642	1058608	1130017	1203358	1479063	1816539	2070319	2179638	2344858	2956099	3200403	3536956	3925950	4282261	4480730	5032472	5185476	5390444	5458971	5613286	5688854	5905249	5964471	5999184	6038705	
G	41	4	5	6	7	8	10	11	12	14	15	16	17	18	19	20	21	22	23	24	25	26	27	28	29	30	31	32	33	34	35	36	
G	41	56834	192061	295865	415462	637519	777393	1139396	1214832	1292378	1578362	1655309	1936240	2193605	2303091	2406329	3035646	3282411	3393001	3627068	3899407	4274819	4904259	5137247	5348826	5621018	5810347	5866552	5912187	5967307	6006080	6031973	
G	42	4	5	6	8	10	11	12	14	15	16	17	18	19	20	21	22	24	25	26	27	28	29	30	31	32	33	34	35	36	
G	42	64010	140935	326932	697503	843632	1237290	1315478	1395357	1694687	1773598	2076380	2339902	2453016	2733408	3206132	3507062	3845903	4075255	4701850	5118759	5267820	5485783	5585781	5707766	5740769	5913867	5968991	5995417	6003255	
G	43	4	5	6	8	11	13	15	17	18	19	20	21	22	24	25	26	27	28	29	30	31	32	33	34	35	36	
G	43	26472	150831	352967	747782	1317918	1400897	1787821	2458465	2571729	2572094	2900549	3072259	3582845	3845735	4152073	4675806	5051432	5186286	5436617	5582839	5645245	5785401	5869572	5872893	5903092	5988372	
C	0	2	3	4	5	6	7	8	9	10	11	12	13	14	15	16	17	18	19	20	21	22	23	24	26	27	28	29	30	31	32	34	35	
C	0	17816	21810	45244	67864	116806	134720	177487	180010	212013	233575	243595	282618	349785	354784	367832	375991	401473	422318	473159	481719	522197	551745	575255	646477	672255	748700	852800	2957527	4819127	6508724	6547392	6583434	
C	1	2	3	4	5	6	7	8	9	10	11	12	13	14	15	16	17	18	19	20	21	22	23	24	26	27	28	29	30	31	32	34	35	
C	1	17948	21710	45603	68381	117310	133981	176704	178905	209843	230532	239900	276634	343071	347530	358998	366015	390819	411684	462046	469410	510442	540643	564816	639839	667948	749697	852679	2903751	4670635	6153188	6189219	6226315	
C	2	3	4	5	6	7	8	9	10	11	12	13	14	15	16	17	18	19	20	21	22	23	24	25	26	27	28	29	30	31	32	34	
C	2	18699	37502	60033	103481	127145	166301	177813	215616	222353	243519	264494	281156	291594	333292	335391	386032	423022	431721	436666	478749	497903	519911	581867	661214	663673	689877	771860	894320	4592322	5970573	5999138	
C	3	2	3	4	5	6	7	8	9	10	11	12	13	14	15	16	17	18	19	20	21	22	23	24	25	26	27	29	30	31	32	33	34	36	
C	3	9953	22080	29425	47160	106696	120937	146944	179303	207478	234490	246775	253608	298315	334066	345474	363721	386969	411228	423059	476341	497547	532058	581555	584064	602255	667383	696347	741457	4663935	6047487	6073164	6168313	6261403	
C	4	2	4	5	6	7	8	9	10	11	12	13	14	15	16	17	19	20	21	22	23	24	25	26	27	28	29	30	31	32	33	34	36	
C	4	6433	14757	64636	106134	112264	160608	173425	181168	205817	243548	257418	284573	325593	374348	381263	417828	421896	428531	463628	482922	525077	529987	666736	700307	778966	827035	851639	2551497	4627471	4629666	5973416	6002954	
C	5	2	4	5	6	7	8	9	10	11	12	13	14	15	16	17	18	19	20	21	22	23	24	25	26	27	28	29	30	31	32	33	35	37	
C	5	13268	27000	34550	113518	124154	173599	193823	196455	216509	227022	267291	295266	349585	359513	367414	414534	443876	458419	494939	524369	553824	556154	624209	646010	726281	759301	909937	1050966	2829537	4898640	6125317	6241322	6319760	
C	6	2	4	5	6	7	8	9	10	11	12	13	14	15	16	17	18	19	20	21	22	23	24	25	26	28	29	30	31	32	33	34	35	37	
C	6	20457	37789	76745	129115	171189	180154	212588	221283	262841	294172	343612	353426	382387	389639	424589	472406	477363	506861	532406	562781	620958	628854	692708	753923	859395	933135	1069602	2750946	4843197	4845997	4875536	6036285	6072720	
C	7	2	3	4	5	6	7	8	9	10	11	12	13	14	15	16	17	18	19	20	21	22	23	24	25	26	27	28	30	31	32	33	34	35	37	
C	7	5650	9875	29503	35290	108429	127480	138331	175952	205358	232131	238287	241143	289181	315904	321937	333909	342564	380676	436378	466491	511590	567781	578159	613908	651083	752661	790896	830881	869903	2604197	4736378	5806611	6045270	6125389	
C	8	2	3	4	5	6	7	8	9	10	11	12	13	14	15	16	17	18	19	20	21	22	23	24	25	26	27	28	29	31	32	33	34	35	37	
C	8	2076	6630	16187	48777	128290	138755	146395	192383	229076	238826	252270	277728	287320	312740	341960	385588	398766	405329	444634	538980	542484	567054	589144	623919	681731	751558	795329	926226	1130535	4884783	4974566	5960589	6169685	6209335	
C	9	3	4	5	6	7	8	9	10	11	12	13	14	15	16	17	18	19	20	21	22	23	24	25	26	27	28	29	30	31	32	33	34	35	37	
C	9	15358	25681	66069	92426	142321	165183	211770	215375	222813	257403	272028	319865	333783	365789	376517	384243	439489	477305	517848	543516	552310	611450	667251	714773	788063	856801	913752	1094695	1111392	4848039	5029544	5933306	6169419	6264308	
C	10	2	4	5	6	7	8	9	10	11	12	13	14	15	16	17	18	19	20	21	22	23	24	25	26	28	29	30	31	32	33	34	35	36	37	
C	10	5839	29399	48953	146623	151432	160207	176891	226328	247590	268175	276200	287842	335916	347737	387069	403513	416061	481206	530749	561988	613531	641584	678089	749514	807289	916995	992547	1094465	3087786	4985939	5928215	6017335	6139073	6269682	
C	11	3	4	5	6	7	8	9	10	11	12	13	14	16	17	18	19	20	21	22	23	24	25	26	27	28	29	30	31	32	33	34	35	36	37	
C	11	3701	28644	43842	104413	161840	171104	175643	194010	250489	263620	267749	322487	372435	390319	424067	429427	441830	456479	565507	570293	640171	671145	687009	751131	821815	895523	1138020	1294803	3232153	5108220	5989520	6113286	6183534	6287269	
C	12	3	4	5	6	7	8	9	10	11	13	14	15	16	17	18	19	20	22	23	24	25	26	27	28	29	30	31	32	33	34	35	36	37	
C	12	4178	14211	58290	97098	125041	173344	193404	244328	271235	305273	319118	328017	366911	402786	455081	464950	549610	565441	615457	667236	777803	790719	814348	846769	1066544	1110198	1268757	2981631	5043630	5442451	6008243	6187835	6237955	
C	13	3	4	5	6	7	8	9	10	11	13	14	15	16	17	18	19	20	21	22	23	24	25	26	27	28	29	30	31	32	33	34	35	36	37	38	
C	13	7410	14662	62578	104918	129894	186338	198700	219457	273901	284786	300444	365012	375363	391927	437299	479516	496192	581970	589764	615734	727778	775222	836412	854396	926415	1025209	1117716	1188366	1338140	3116458	5442288	5632753	5913157	5987796	6240590	
C	14	3	5	6	7	8	9	11	12	13	14	15	16	17	18	19	20	21	22	23	24	25	26	27	28	29	30	31	32	33	34	35	36	37	38	
C	14	7222	61104	112066	144340	191253	208510	277333	288180	305264	328239	356130	397718	415300	451844	477486	495171	583874	638555	678417	724131	793073	896221	954436	1029078	1140610	1409942	1555862	1760606	3637762	5353665	5631417	6072826	6194485	6249347	
C	15	4	5	6	7	8	9	10	11	12	14	15	16	18	19	20	21	22	23	24	25	26	27	28	29	30	31	32	33	34	35	36	37	38	
C	15	10642	34929	86231	132587	158017	207213	214669	232454	293018	322421	340994	401939	433702	453355	465180	556992	644548	660551	705928	742223	756466	819964	1013532	1249489	1344746	1426669	1569766	3524591	5485427	5910376	6121948	6201570	6262530	
C	16	3	4	5	6	7	8	9	10	12	13	14	15	16	17	18	19	20	21	22	23	24	25	26	27	28	29	30	31	32	33	34	35	36	37	38	
C	16	9264	18967	44786	90451	133151	171034	222499	235846	256849	333903	340259	347115	405857	420264	454482	484510	506005	550118	615700	626416	781803	802560	874742	906072	1028261	1104874	1327967	1691207	1782071	2013611	5151488	5491644	5600527	6125562	6257177	
C	17	2	4	5	6	7	9	10	11	12	13	14	15	16	17	18	19	20	21	22	23	24	25	26	27	28	29	30	31	32	33	34	35	36	37	38	
C	17	3989	12047	48322	83635	157588	241695	249211	256025	269976	345510	359788	374451	382180	440019	491885	516765	541046	590799	652785	807504	843010	863388	948669	981664	1025030	1218791	1346981	1599748	1733014	4972638	5378998	5486540	5756604	6217246	6269853	
C	18	2	4	5	6	7	9	10	11	12	13	14	15	16	17	18	19	20	21	22	23	24	25	26	27	28	29	30	31	32	33	34	35	36	37	
C	18	2085	11609	53516	74404	172921	256633	264117	271409	294749	378866	387021	403104	449859	458057	483707	535097	598778	678500	699101	735119	759624	976106	986315	1059706	1207409	1608001	1684118	1853149	1905152	2105469	5352567	5592403	5883029	6264109	
C	19	2	4	5	6	7	8	9	10	12	13	14	15	16	17	18	19	20	21	22	23	24	25	26	27	28	29	30	31	32	33	34	35	36	37	38	
C	19	1264	23719	55825	96680	120504	181358	206197	276850	284549	309216	398068	424780	433391	504030	559298	568245	612631	644959	672021	734997	812213	994577	1042461	1146820	1321974	1349835	1517173	1625776	2058838	2202041	5396502	5561240	6017880	6210587	6274653	
C	20	3	5	6	7	9	10	11	12	13	14	15	16	17	19	20	21	22	23	24	25	26	27	28	29	30	31	32	33	34	35	36	37	
C	20	3624	59404	84849	194558	212790	228819	312944	321247	330550	348112	436463	446569	464848	553208	625922	651505	674223	808234	848525	912759	996299	1018152	1164746	1485019	1703868	1998901	2568195	3838821	5396436	5810289	6037106	6249901	
C	21	2	3	4	5	6	7	8	10	11	12	13	15	16	17	18	19	20	21	22	23	24	25	26	27	28	29	30	31	32	33	34	35	36	37	38	
C	21	2733	4337	21861	64360	93182	193395	210900	247752	319494	337711	357644	462573	494950	505179	541489	553063	634959	740884	821207	835366	871964	944433	1121985	1195995	1237882	1724147	1879025	2114739	2246518	2730107	5365922	5652180	5908639	6193722	6252990	
C	22	2	4	5	6	7	8	10	11	12	13	14	16	17	18	19	20	21	23	24	25	26	27	28	29	30	31	32	33	34	35	36	37	38	
C	22	3137	15902	67947	98891	120091	225723	255735	332336	351917	372920	384113	510494	523420	546926	588818	689222	780535	838511	944940	964347	1072932	1212776	1322921	1773363	1975090	2232025	2572244	2963818	5398459	5645455	6040790	6201175	6237690	
C	23	3	4	5	6	8	9	11	12	14	15	16	17	18	19	20	22	23	25	26	27	28	29	30	31	32	33	34	35	36	37	
C	23	5850	13618	39058	113412	249497	260127	293481	388907	412715	425263	464290	596482	611167	627083	756562	815602	1027041	1184204	1261647	1368324	1661233	1958770	2432487	2570493	2756316	3237273	5370476	5781392	6055902	6254753	
C	24	3	4	5	6	8	9	11	12	13	14	15	16	17	18	19	20	21	22	23	24	26	27	28	29	30	31	32	33	34	35	36	37	38	
C	24	2581	31243	44515	125683	210123	273369	309565	412742	425275	451817	480455	494644	526120	659093	694968	713564	824534	864293	1014248	1156486	1302621	1358105	1520755	1946030	2417820	2556128	2726451	3343043	5499823	5772938	6026929	6091130	6233284	
C	25	4	5	6	8	9	11	12	13	15	16	17	18	19	20	21	23	24	25	26	27	28	29	30	31	32	33	34	35	36	37	38	
C	25	17166	67131	137619	227917	295437	308164	348277	461126	491229	539693	666738	684713	723932	762739	934292	982348	1194144	1339637	1433191	1679014	1757760	2091498	2183394	2513151	3249964	3593492	4825597	5571725	5901468	6093091	6239167	
C	26	5	6	7	8	9	11	12	13	14	15	16	17	18	19	20	21	22	23	24	25	26	27	28	29	30	31	32	33	34	35	36	37	38	
C	26	50118	100494	149023	220316	318455	331969	376018	484783	499766	532733	568229	586751	770771	791959	839358	862129	917588	1088810	1114375	1316738	1547293	1628967	1708596	2071952	2142293	2696830	3133569	4155013	4606648	5516028	5918224	6196032	6223980	
C	27	4	5	6	7	8	9	11	12	14	15	16	17	18	19	20	21	22	23	24	25	27	28	29	30	31	32	33	34	35	36	37	38	
C	27	10650	60776	110859	163058	238610	266941	359539	409620	544402	564128	582499	623427	722430	880269	906542	931145	1160517	1256807	1326553	1567560	1856297	2093765	2261373	2826880	3333851	3514863	4542194	4843883	5653368	5960464	6187595	6217630	
C	28	4	5	6	7	8	9	10	12	13	14	15	16	18	19	20	21	22	23	24	25	26	27	28	29	30	31	32	33	34	35	36	37	
C	28	43566	67182	177590	226668	289877	373008	389478	444386	593523	614156	660584	734618	943397	996491	1025827	1134532	1281117	1402903	1489441	1729955	1921284	2161910	2360920	2897393	3587953	3772124	4349552	5695034	5868413	5950685	6049184	6211925	
C	29	4	5	6	8	9	11	12	13	14	15	16	17	18	19	20	21	22	23	24	25	26	27	28	29	30	31	32	33	34	35	36	37	38	
C	29	30320	75011	194073	314954	403768	422334	483801	504900	646544	695095	747372	775907	837582	1061879	1131434	1288054	1324794	1506478	1544998	1902570	2085367	2570105	2632537	3003708	3705094	4008754	4408857	4932229	5681766	5802728	6039564	6179173	6210396	
C	30	4	6	8	9	10	12	14	15	16	17	18	19	20	21	22	23	24	25	26	27	28	29	30	31	32	33	34	35	36	37	
C	30	84859	213486	268686	439101	459635	529099	707442	763232	796482	856220	894211	1138643	1253511	1330084	1568809	1717878	1869009	2122970	2463134	2552835	2833686	3228835	3801683	4048732	4400491	5552339	5781292	5914381	6152678	6194649	
C	31	4	5	6	8	9	10	12	13	14	15	16	17	18	19	20	21	22	23	24	25	26	27	28	29	30	31	32	33	34	35	36	37	38	
C	31	41179	95665	235951	295159	379283	505524	531230	583027	780987	811478	911630	947628	985273	1026368	1386351	1474597	1518541	1777847	1982079	2162805	2533590	2654304	3031683	3406134	4204643	4405443	4968728	5413087	5564226	5938938	6013036	6163468	6206114	
C	32	4	5	6	8	9	10	11	13	14	15	17	19	20	22	23	24	25	26	27	28	29	30	31	32	33	34	35	36	37	
C	32	46952	107285	256964	319611	414430	523935	549525	639055	670131	925363	1044953	1295004	1530018	1750630	1799870	2150637	2201487	2685787	2858055	3162458	3485912	3963119	4461161	4837790	5403621	6016202	6095142	6165576	6181967	
C	33	4	5	6	7	8	9	10	12	13	15	16	17	18	19	20	21	22	23	24	25	26	27	28	29	30	31	32	33	34	35	36	38	
C	33	52655	117952	236289	278555	343655	392682	563425	591799	691996	926738	964792	1055898	1140755	1187627	1289419	1670130	1858529	2156724	2340958	2473780	2702323	3155034	3484465	4040194	4323498	4857655	5197507	5595060	6008660	6020601	6143794	6166229	
C	34	4	5	6	7	8	9	10	11	12	13	15	16	17	18	19	20	21	22	23	24	25	26	27	28	29	30	31	32	33	34	35	36	37	38	
C	34	43012	133268	259703	305859	374517	429238	488776	613312	645200	758363	1011320	1053434	1101524	1195895	1302669	1353228	1828090	1940988	1997797	2331743	2768540	2930339	3431560	3586700	4043865	4429839	4735161	5176013	5568433	5733983	5895393	6090953	6152963	6188834	
C	35	4	5	6	7	8	10	11	13	14	15	16	17	18	19	20	21	22	24	25	26	27	28	29	30	31	32	33	34	35	36	37	
C	35	70189	149906	238537	336874	410324	675033	710615	750255	794285	882907	1166639	1222213	1326614	1388663	1500133	1939410	2136612	2672754	2819478	2868820	3354819	3953866	4181009	4544252	5222293	5341528	5867538	5980163	6018640	6165168	6173554	
C	36	4	5	6	7	8	10	11	12	14	15	16	18	19	20	21	22	23	24	25	26	27	28	29	30	31	32	33	34	35	36	37	
C	36	79617	169161	262691	371467	448091	517145	738231	778878	823397	1225067	1277472	1455584	1586591	1722560	2113751	2260186	2387028	2626842	3034537	3365126	3557906	4362082	4613597	4784395	5291481	5531403	5638073	5946443	6067033	6140141	6158947	
C	37	4	5	6	7	8	10	12	14	16	17	18	19	20	21	22	23	24	25	26	27	28	29	30	31	32	33	34	35	36	37	
C	37	62630	188569	287057	407700	488703	806963	850778	1015051	1341498	1469717	1547584	1672437	1886827	2044615	2388998	2641939	3039728	3298989	3701831	4073346	4550393	4670151	5283011	5417197	5517464	5636580	5951968	6104078	6124596	6141187	
C	38	4	5	6	7	8	10	11	12	13	15	16	18	19	20	21	22	23	24	25	26	27	28	29	30	31	32	33	34	35	36	37	
C	38	101103	209197	311351	442525	527431	610975	870995	919933	974358	1157209	1507442	1717912	1801954	1869272	2458505	2624573	2901869	3194041	3416863	4021650	4271899	4762490	5156397	5380966	5502618	5812787	5839962	5985040	6005224	6120225	6147213	
C	39	4	5	6	7	8	10	11	12	14	15	16	17	18	19	20	21	22	23	24	25	26	27	28	29	30	31	32	33	34	35	36	
C	39	115169	234895	340936	487276	574989	669539	953347	1008355	1068310	1274489	1585977	1740612	1884119	1976251	2120266	2637974	2840540	2972168	3501262	3600439	3899915	4424192	4832741	5033996	5528983	5641412	5743302	6010887	6047805	6091018	6141038	
C	40	4	5	6	7	8	10	11	13	14	15	16	18	19	20	21	23	24	25	26	27	28	29	30	31	32	33	34	35	36	37	
C	40	130047	262282	372059	454518	624337	727912	1032749	1092660	1157987	1381463	1779599	2022998	2120892	2346494	3014424	3290681	3693209	4135791	4579960	4776268	5252664	5438285	5593789	5640800	5767492	5836135	6001677	6066768	6102962	6124234	
C	41	4	5	6	7	8	10	11	12	14	15	16	17	18	19	20	21	22	23	24	25	26	27	28	29	30	31	32	33	34	35	36	
C	41	148039	294703	405789	498066	678241	793013	1125200	1191590	1262487	1508471	1586852	1938160	2195709	2299960	2454814	3148892	3431754	3564247	3839623	4168348	4590110	5133499	5361799	5605236	5804062	5924392	5976274	6003830	6046100	6084212	6108477	
C	42	4	5	6	8	10	11	12	14	15	16	17	18	19	20	21	22	24	25	26	27	28	29	30	31	32	33	34	35	36	
C	42	165962	250909	442475	734626	859173	1214357	1285566	1361281	1625297	1707064	2076864	2347466	2457151	2805672	3328170	3680128	4088074	4352268	5028799	5367618	5536694	5730377	5811855	5894037	5925305	6044953	6074066	6096314	6103591	
C	43	4	5	6	8	11	13	15	17	18	19	20	21	22	24	25	26	27	28	29	30	31	32	33	34	35	36	
C	43	100766	276667	467223	771750	1280905	1357197	1723184	2474354	2589110	2589257	2992299	3187295	3758115	4072094	4437015	4929396	5323252	5449661	5680182	5808037	5863213	5954818	6009404	6010570	6038206	6095238	
N	0	2	20	22	
N	0	26765	97654	208474	
N	1	2	20	22	
N	1	23252	96440	209660	
N	2	5	20	
N	2	94624	208894	
N	3	2	6	20	
N	3	29024	142539	217595	
N	4	2	8	20	
N	4	111978	137003	214253	
N	5	4	20	
N	5	25191	213643	
N	6	2	6	22	
N	6	28961	101845	216314	
N	7	2	7	20	
N	7	115350	147638	219779	
N	8	6	20	
N	8	150508	224729	
N	9	3	5	
N	9	197689	233305	
N	10	4	6	22	
N	10	31598	147099	224878	
N	11	6	7	
N	11	108095	226864	
N	12	3	5	
N	12	189365	215268	
N	13	3	5	9	
N	13	77049	103985	220971	
N	14	5	7	24	
N	14	27805	145451	226027	
N	15	6	10	
N	15	141925	222835	
N	16	4	6	12	
N	16	112369	141740	219450	
N	17	4	6	7	
N	17	112338	142004	221865	
N	18	2	5	6	
N	18	112362	192976	226144	
N	19	2	5	6	
N	19	78981	196016	221589	
N	20	3	6	
N	20	202317	231560	
N	21	2	3	6	
N	21	124981	201999	230330	
N	22	2	6	8	
N	22	128592	156808	235206	
N	23	3	6	
N	23	198687	224152	
N	24	3	5	6	
N	24	81140	205488	231845	
N	25	5	6	
N	25	122752	244630	
N	26	5	6	7	
N	26	122860	204407	246401	
N	27	4	7	
N	27	205692	254685	
N	28	4	5	6	
N	28	126913	211717	261490	
N	29	4	6	
N	29	213810	265136	
N	30	4	6	
N	30	205829	262279	
N	31	4	6	
N	31	210157	265530	
N	32	4	6	
N	32	208917	261076	
N	33	4	6	
N	33	210593	263412	
N	34	4	5	6	
N	34	84687	204269	255804	
N	35	4	6	
N	35	206308	255771	
N	36	4	6	
N	36	205383	256400	
N	37	4	5	6	
N	37	87050	207722	257662	
N	38	4	6	
N	38	207487	258699	
N	39	4	6	
N	39	207545	258604	
N	40	4	6	
N	40	202500	253367	
N	41	4	6	
N	41	211758	261475	
N	42	4	6	
N	42	209020	255922	
N	43	4	6	
N	43	217393	265646	
