.	0	3	7	16	23	28	34
.	0	1	22324	397741	502579	1478543	12126410
.	1	3	7	16	23	28	34
.	1	1	22921	375634	490549	1390988	12127058
.	2	3	7	16	23	28	34
.	2	1	22966	349255	466654	1304891	12126729
.	3	3	7	16	23	28	34	38
.	3	1	20393	328033	383405	725463	1666382	12126729
.	4	3	7	16	23	28	34	38
.	4	1	18223	310624	364615	697378	1609979	12118655
.	5	3	7	16	23	28	34	38
.	5	1	46569	309532	378568	706671	1648674	12109924
.	6	3	7	16	23	28	34	38
.	6	1	45110	337014	406727	749223	1704742	12100186
.	7	3	7	16	23	28	34	38
.	7	1	39268	313386	377679	712153	1654800	12092367
.	8	3	7	16	23	28	34	38
.	8	1	44110	337757	408052	755840	1713088	12079741
.	9	3	7	16	23	28	34	38
.	9	1	35839	314926	377878	711157	1647664	12073135
.	10	3	7	16	23	28	34	38
.	10	1	32739	295713	357499	680193	1589051	12066654
.	11	3	7	16	23	28	34	38
.	11	1	33719	300665	364329	682301	1589399	12060505
.	12	3	7	16	23	28	34	38
.	12	1	49074	361198	442813	813720	1820415	12054220
.	13	3	7	16	23	28	34	38	41
.	13	1	49330	365745	446012	821434	1802396	4760449	12047824
.	14	3	7	16	23	28	34	38	41
.	14	1	41624	333760	409022	765406	1722906	4715795	12042456
.	15	3	7	16	23	28	34	38	41
.	15	1	48113	354702	435970	803075	1772007	4789149	12035729
.	16	3	7	16	23	28	34	38	41
.	16	1	45110	326789	404163	752680	1705915	4730208	12028970
.	17	3	7	16	23	28	34	38	41
.	17	1	40294	308949	388211	731581	1675401	4661117	12022254
.	18	3	7	16	23	28	34	38	41
.	18	1	43748	307495	389504	724207	1653387	4505851	12014901
.	19	3	7	16	23	28	34	38	41
.	19	1	50332	319329	407320	744743	1679389	4545195	12007976
.	20	3	7	16	23	28	34	38	41
.	20	1	48816	312192	404905	742747	1695482	4593827	12000817
.	21	3	7	16	23	28	34	38	41
.	21	1	49257	300615	397243	731843	1691099	4630415	11993449
.	22	3	7	16	23	28	34	38	41
.	22	1	51318	291114	391789	717688	1675052	4653385	11985382
.	23	3	7	16	23	28	34	38	41
.	23	1	60589	304070	414023	741802	1702560	4695811	11975324
.	24	3	7	16	23	28	34	38	41
.	24	1	57597	284861	395993	715480	1673330	4681441	11966823
.	25	3	7	16	23	28	34	38	41
.	25	1	70974	306605	429535	756499	1734082	4748282	11957812
.	26	3	7	16	23	28	34	38	41
.	26	1	69953	292484	418919	739541	1720137	4754321	11944255
.	27	3	7	16	23	28	34	38	41
.	27	1	81809	305848	444286	768999	1773850	4843302	11934938
.	28	3	7	16	23	28	34	38	41
.	28	1	82321	293162	435462	749811	1753599	4891114	11925048
.	29	3	7	16	23	28	34	38	41
.	29	1	81037	274414	417419	725381	1719784	4852510	11914586
.	30	3	7	16	23	28	34	38	41
.	30	1	85908	270432	417327	725666	1725687	4862054	11904378
.	31	3	7	16	23	28	34	38	41
.	31	1	93618	273512	427416	741376	1755785	4918452	11894082
.	32	3	7	16	23	28	34	38	41
.	32	1	102209	286302	448337	771571	1805054	4994323	11884043
.	33	3	7	16	23	28	34	38	41
.	33	1	99631	274879	438794	764076	1812567	5044220	11872001
.	34	3	7	16	23	28	34	38	41
.	34	1	103358	268474	434494	758446	1813833	5068808	11861564
.	35	3	7	16	23	28	34	38	41
.	35	1	110836	277042	452241	782910	1852099	5151422	11852059
.	36	3	7	16	23	28	34	38	41
.	36	1	103431	263231	439706	768909	1846463	5172070	11843925
.	37	3	7	16	23	28	34	38	41
.	37	1	102065	260912	444149	777805	1874921	5235681	11834573
.	38	3	7	16	23	28	34	38	41
.	38	1	102821	261783	455108	802568	1921174	5423908	11824831
.	39	3	7	16	23	28	34	38	41
.	39	1	98557	255148	452628	796387	1922686	5475349	11816264
.	40	3	7	16	23	28	34	38	41
.	40	1	105361	267728	475903	837150	2021244	5708783	11807052
.	41	3	7	16	23	28	34	38	41
.	41	1	103138	268252	485833	856896	2084472	5912103	11797632
.	42	3	7	16	23	28	34	38	41
.	42	1	103942	271143	496387	874325	2126182	6017559	11788239
.	43	3	7	16	23	28	34	38	41
.	43	1	104543	274455	509473	896736	2180973	6120361	11779511
.	44	3	7	16	23	28	34	38	41
.	44	1	101842	261682	507197	907211	2227306	6228226	11770260
.	45	3	7	16	23	28	34	38	41
.	45	1	99942	258152	506830	910434	2246824	6328535	11761869
.	46	3	7	16	23	28	34	38	41
.	46	1	103924	265861	526234	944925	2324368	6526896	11753266
.	47	3	7	16	23	28	34	38	41
.	47	1	101047	264117	533164	958584	2365743	6642744	11744212
.	48	3	7	16	23	28	34	38	41
.	48	1	102334	267831	540243	986346	2458112	6775436	11735792
.	49	3	7	16	23	28	34	38	41
.	49	1	102909	269601	551087	1006032	2511116	6871156	11727493
.	50	3	7	16	23	28	34	38	41
.	50	1	103353	271743	564531	1027219	2581941	7009856	11718988
.	51	3	7	16	23	28	34	38	41
.	51	1	101668	269732	565091	1038606	2628655	7145346	11710937
.	52	3	7	16	23	28	34	38	41
.	52	1	103276	276437	585491	1076732	2723766	7340100	11702690
.	53	3	7	16	23	28	34	38	41
.	53	1	111304	291470	615382	1122279	2830107	7546629	11694831
.	54	3	7	16	23	28	34	38	41
.	54	1	104154	283876	581140	1139044	2888777	7723274	11686999
.	55	3	7	16	23	28	34	38	41
.	55	1	109085	291274	597337	1184313	3003693	7874504	11679190
.	56	3	7	16	23	28	34	38	41
.	56	1	106300	289548	597278	1195786	3085273	8059873	11671409
.	57	3	7	16	23	28	34	38	41
.	57	1	103679	284515	589900	1187744	3107697	8247712	11663756
.	58	3	7	16	23	28	34	38	41
.	58	1	102760	285691	565447	1206554	3158419	8391675	11656064
.	59	3	7	16	23	28	34	38	41
.	59	1	108146	295006	585285	1257180	3298951	8561006	11648273
.	60	3	7	16	23	28	34	38	41
.	60	1	95995	269196	546253	1184172	3178679	8639633	11640822
.	61	3	7	16	23	28	34	38	41
.	61	1	97548	276621	559582	1206437	3215003	8786870	11633772
.	62	3	7	16	23	28	34	38	41
.	62	1	95301	277530	561367	1216374	3270205	8919251	11627009
.	63	3	7	16	23	28	34	38	41
.	63	1	96322	283189	577321	1257861	3376572	9083225	11619941
.	64	3	7	16	23	28	34	38	41
.	64	1	99695	286586	584401	1269579	3441642	9227296	11613207
.	65	3	7	16	23	28	34	38	41
.	65	1	96838	289063	587719	1282760	3524412	9389989	11606388
.	66	3	7	16	23	28	34	38	41
.	66	1	99209	293613	593863	1302508	3598947	9561405	11599446
.	67	3	7	16	23	28	34	38	41
.	67	1	96990	289926	586039	1303078	3650468	9756004	11592270
.	68	3	7	16	23	28	34	38	41
.	68	1	98051	296829	600393	1327528	3724753	9924933	11585964
.	69	3	7	16	23	28	34	38	41
.	69	1	97118	295945	598435	1330658	3794436	10095524	11579717
.	70	3	7	16	23	28	34	38	41
.	70	1	96380	294585	601576	1336354	3844768	10247503	11573318
.	71	3	7	16	23	28	34	38	41
.	71	1	96781	297384	607312	1353173	3909785	10362855	11567164
.	72	3	7	16	23	28	34	38	41
.	72	1	100202	309475	635865	1413869	4068086	10489461	11560826
.	73	3	7	16	23	28	34	38	41
.	73	1	100740	312858	639726	1421986	4134217	10611065	11554695
.	74	3	7	16	23	28	34	38	41
.	74	1	103749	320336	654335	1448154	4197730	10689434	11548696
.	75	3	7	16	23	28	34	38	41
.	75	1	106056	330226	681216	1491462	4312036	10781598	11542926
.	76	3	7	16	23	28	34	38	41
.	76	1	103310	327426	673855	1497484	4414922	10890054	11537373
.	77	3	7	16	23	28	34	38	41
.	77	1	101781	324975	663087	1481818	4458595	11113634	11531922
.	78	3	7	16	23	28	34	38	41
.	78	1	106061	337573	677255	1503620	4499393	11229515	11526472
.	79	3	7	16	23	28	34	38	41
.	79	1	105753	339370	684703	1516727	4555656	11354594	11521392
.	80	3	7	16	23	28	34	38	41
.	80	1	110338	352631	708703	1554131	4654836	11397556	11516283
.	81	3	7	16	23	28	34	38	41
.	81	1	111760	359328	716954	1566090	4716548	11425736	11511240
.	82	3	7	16	23	28	34	38	41
.	82	1	115696	370929	738508	1600103	4787883	11445661	11506308
.	83	3	7	16	23	28	34	38	41
.	83	1	113147	369609	746483	1629550	4867243	11459729	11501573
.	84	3	7	16	23	28	34	38	41
.	84	1	111355	369069	736261	1610044	4897404	11468899	11497134
.	85	3	7	16	23	28	34	38	41
.	85	1	88598	312498	641268	1448632	4631945	11473505	11492696
.	86	3	7	16	23	28	34	38	41
.	86	1	91446	314342	628460	1401103	4496381	11475708	11488547
.	87	3	7	16	23	28	34	38	41
.	87	1	90641	317062	624589	1395525	4429795	11475808	11484156
.	88	3	7	16	23	28	34	38	41
.	88	1	93959	321738	630447	1391557	4401024	11474418	11479763
.	89	3	7	16	23	28	34	38	41
.	89	1	97261	339200	659953	1440176	4467168	11471574	11475059
.	90	3	7	16	23	28	34	38	41
.	90	1	90672	330375	639729	1425687	4493311	11468392	11470512
.	91	3	7	16	23	28	34	38	41
.	91	1	96709	339639	652056	1438054	4505564	11464514	11465889
.	92	3	7	16	23	28	34	38	41
.	92	1	90707	332968	640702	1425350	4507184	11460383	11461225
.	93	3	7	16	23	28	34	38	41
.	93	1	89810	330661	635200	1410611	4510945	11456146	11456633
.	94	3	7	16	23	28	34	38	41
.	94	1	91041	336994	641197	1429899	4558512	11451663	11451962
.	95	3	7	16	23	28	34	38	41
.	95	1	86363	332073	629879	1407215	4528066	11446912	11447094
.	96	3	7	16	23	28	34	38	41
.	96	1	88303	334824	634221	1411904	4536638	11442042	11442157
.	97	3	7	16	23	28	34	38	41
.	97	1	86266	332298	634540	1411900	4573265	11437451	11437530
.	98	3	7	16	23	28	34	38	41
.	98	1	88311	336349	638368	1414909	4574670	11432611	11432651
.	99	3	7	16	23	28	34	38	41
.	99	1	84944	332306	628909	1399739	4522970	11427703	11427729
.	100	3	7	16	23	28	34	38	41
.	100	1	85601	335573	637293	1413541	4558969	11422201	11422216
.	101	3	7	16	23	28	34	38	41
.	101	1	87853	421177	867610	2103322	7501349	11416862	11416863
.	102	3	7	16	23	28	34	38	41
.	102	1	87915	373038	734388	1690769	6217734	11413875	11413878
.	103	3	7	16	23	28	34	38	41
.	103	1	83406	351500	678098	1519567	5167034	11410395	11410396
.	104	3	7	16	23	28	34	38	41
.	104	1	79180	334500	642569	1419374	4730395	11406014	11406015
.	105	3	7	16	23	28	34	38	41
.	105	1	78108	327297	626491	1382327	4584559	11401926	11401927
.	106	3	7	16	23	28	34	38	41
.	106	1	74291	319508	607322	1347495	4497397	11397391	11397392
.	107	3	7	16	23	28	34	38
.	107	1	75543	322674	606193	1342109	4391953	11392156
.	108	3	7	16	23	28	34	38
.	108	1	78372	327828	613470	1347025	4389347	11386938
.	109	3	7	16	23	28	34	38
.	109	1	76108	326907	614515	1349651	4406380	11382077
.	110	3	7	16	23	28	34	38
.	110	1	74061	318536	605107	1341150	4395517	11376645
.	111	3	7	16	23	28	34	38
.	111	1	75755	323980	618296	1357568	4431143	11370924
.	112	3	7	16	23	28	34	38
.	112	1	82124	338302	637828	1382191	4464104	11365032
.	113	3	7	16	23	28	34	38
.	113	1	78880	338854	634630	1390426	4516008	11359091
.	114	3	7	16	23	28	34	38
.	114	1	76272	331771	625308	1372874	4465201	11353819
.	115	3	7	16	23	28	34	38
.	115	1	75122	329180	615816	1359911	4468962	11347869
.	116	3	7	16	23	28	34	38
.	116	1	73048	326002	612983	1358724	4455636	11341628
.	117	3	7	16	23	28	34	38
.	117	1	77699	338067	628350	1380780	4462359	11334789
.	118	3	7	16	23	28	34	38
.	118	1	86347	376583	682023	1435318	4512483	11327374
.	119	3	7	16	23	28	34	38
.	119	1	76906	341123	654429	1414783	4526051	11320720
.	120	3	7	16	23	28	34	38
.	120	1	83750	356115	661790	1419330	4532498	11313802
.	121	3	7	16	23	28	34	38
.	121	1	82518	350059	662714	1424874	4555095	11306463
.	122	3	7	16	23	28	34	38
.	122	1	79860	342524	645826	1402588	4552050	11299479
.	123	3	7	16	23	28	34	38
.	123	1	75495	336410	631227	1384431	4551835	11291713
.	124	3	7	16	23	28	34	38
.	124	1	82796	357337	645104	1419994	4593249	11283415
.	125	3	7	16	23	28	34	38
.	125	1	78053	340213	631637	1383696	4563925	11275817
.	126	3	7	16	23	28	34	38
.	126	1	77744	342555	634228	1397063	4559686	11267304
.	127	3	7	16	23	28	34	38
.	127	1	74036	334771	635650	1395125	4594086	11258615
.	128	3	7	16	23	28	34	38
.	128	1	75403	332687	628073	1390823	4591656	11249333
.	129	3	7	16	23	28	34	38
.	129	1	73568	331811	628451	1397010	4593410	11239436
.	130	3	7	16	23	28	34	38
.	130	1	72926	334601	633076	1402828	4664818	11228984
.	131	3	7	16	23	28	34	38
.	131	1	72890	329617	623753	1394806	4633048	11217891
.	132	3	7	16	23	28	34	38
.	132	1	70954	330107	615220	1382789	4606496	11206695
.	133	3	7	16	23	28	34	38
.	133	1	68141	319347	602432	1367643	4597576	11194852
.	134	3	7	16	23	28	34	38
.	134	1	67166	316360	594389	1356649	4632825	11182077
.	135	3	7	16	23	28	34	38
.	135	1	64575	311403	589082	1352924	4638298	11167531
.	136	3	7	16	23	28	34	38
.	136	1	65265	310772	588679	1353355	4668427	11151893
.	137	3	7	16	23	28	34	38
.	137	1	63131	306231	582014	1348182	4659258	11134245
.	138	3	7	16	23	28	34	38
.	138	1	61228	302774	576080	1351127	4674431	11115208
.	139	3	7	16	23	28	34	38
.	139	1	62208	303246	580131	1349636	4667703	11093531
.	140	3	7	16	23	28	34	38
.	140	1	55362	285508	565470	1319341	4637937	11070906
.	141	3	7	16	23	28	34	38
.	141	1	57034	286122	566811	1322058	4635964	11044254
.	142	3	7	16	23	28	34	38
.	142	1	50192	273869	554855	1304203	4627420	11015206
.	143	3	7	16	23	28	34	38
.	143	1	49767	272434	566486	1323180	4668762	10981351
.	144	3	7	16	23	28	34	38
.	144	1	40710	256190	540308	1283622	4639428	10945540
.	145	3	7	16	23	28	34	38
.	145	1	35779	247142	525439	1265655	4639099	10904724
.	146	3	7	16	23	28	34	38
.	146	1	20808	215419	485371	1218778	4603842	10861978
.	147	3	7	16	23	28	34	38
.	147	1	9499	204109	471768	1216964	4615093	10807605
.	148	3	7	16	23	28	34	38
.	148	1	90	187769	458583	1191852	4607976	10760451
.	149	3	16	23	28	34	38
.	149	1	404426	856446	2068750	6750407	10703437
A	0	3	7	16	23	28	34
A	0	1	4511	64120	78231	197502	1700113
A	1	3	7	16	23	28	34
A	1	1	6017	86028	109040	278609	2604687
A	2	3	7	16	23	28	34
A	2	1	6145	83199	111350	307801	2983415
A	3	3	7	16	23	28	34	38
A	3	1	6036	94007	111019	213410	499598	3721784
A	4	3	7	16	23	28	34	38
A	4	1	5313	82648	97492	187698	439217	3369579
A	5	3	7	16	23	28	34	38
A	5	1	11904	89509	108612	203211	482266	4006061
A	6	3	7	16	23	28	34	38
A	6	1	8378	73820	88829	156623	331211	2298402
A	7	3	7	16	23	28	34	38
A	7	1	8525	75053	89393	165953	373715	2692873
A	8	3	7	16	23	28	34	38
A	8	1	8910	75198	90785	165332	364304	2591218
A	9	3	7	16	23	28	34	38
A	9	1	9462	99088	117742	221855	512636	3839539
A	10	3	7	16	23	28	34	38
A	10	1	6977	73110	87117	165113	385111	3026901
A	11	3	7	16	23	28	34	38
A	11	1	6964	68331	81993	152160	349254	2676059
A	12	3	7	16	23	28	34	38
A	12	1	9898	88869	109195	201919	449697	3135207
A	13	3	7	16	23	28	34	38	41
A	13	1	9646	88880	108092	201672	441721	1174486	3082666
A	14	3	7	16	23	28	34	38	41
A	14	1	10203	84318	102679	191164	424111	1149682	3018774
A	15	3	7	16	23	28	34	38	41
A	15	1	10033	85634	104888	193334	423189	1129364	2943785
A	16	3	7	16	23	28	34	38	41
A	16	1	9493	82758	101636	191136	433493	1208456	3162441
A	17	3	7	16	23	28	34	38	41
A	17	1	9522	80328	100218	189074	430507	1196534	3177072
A	18	3	7	16	23	28	34	38	41
A	18	1	9387	78148	97762	183782	420252	1145016	3148193
A	19	3	7	16	23	28	34	38	41
A	19	1	14530	87248	109212	196191	431383	1145164	3087314
A	20	3	7	16	23	28	34	38	41
A	20	1	11383	82184	105346	196121	448302	1223293	3301084
A	21	3	7	16	23	28	34	38	41
A	21	1	11829	77382	100822	184471	418329	1136796	3013128
A	22	3	7	16	23	28	34	38	41
A	22	1	11943	72177	95838	174931	406371	1130809	3047940
A	23	3	7	16	23	28	34	38	41
A	23	1	14536	78772	105787	190631	433777	1187795	3151424
A	24	3	7	16	23	28	34	38	41
A	24	1	14057	75589	103523	189437	440155	1225168	3231851
A	25	3	7	16	23	28	34	38	41
A	25	1	16868	75764	105497	187466	431894	1170045	3000617
A	26	3	7	16	23	28	34	38	41
A	26	1	17904	75039	106271	188865	437699	1204244	3109460
A	27	3	7	16	23	28	34	38	41
A	27	1	20951	78408	113209	196800	452715	1239918	3125633
A	28	3	7	16	23	28	34	38	41
A	28	1	21317	76399	112867	196221	459393	1290913	3255984
A	29	3	7	16	23	28	34	38	41
A	29	1	21090	69541	105787	183377	434287	1243154	3049852
A	30	3	7	16	23	28	34	38	41
A	30	1	22488	70033	106627	187037	445602	1270019	3240655
A	31	3	7	16	23	28	34	38	41
A	31	1	24534	70063	108425	190113	451931	1269007	3173187
A	32	3	7	16	23	28	34	38	41
A	32	1	26806	73899	112631	193130	446675	1226506	2978826
A	33	3	7	16	23	28	34	38	41
A	33	1	25254	66525	104899	182436	431768	1205314	2909773
A	34	3	7	16	23	28	34	38	41
A	34	1	27816	69816	111930	197095	468877	1321810	3180466
A	35	3	7	16	23	28	34	38	41
A	35	1	28477	68260	109691	193080	458902	1270696	2992250
A	36	3	7	16	23	28	34	38	41
A	36	1	27778	67136	110340	193378	458477	1278562	2976015
A	37	3	7	16	23	28	34	38	41
A	37	1	26353	63275	105335	184206	443759	1233418	2876813
A	38	3	7	16	23	28	34	38	41
A	38	1	26550	65055	110696	198470	477044	1416143	3056664
A	39	3	7	16	23	28	34	38	41
A	39	1	26956	65505	111879	198378	484659	1367206	3087138
A	40	3	7	16	23	28	34	38	41
A	40	1	27154	65298	113177	201361	484279	1395442	2905653
A	41	3	7	16	23	28	34	38	41
A	41	1	26840	65136	114395	202162	484419	1357172	2915907
A	42	3	7	16	23	28	34	38	41
A	42	1	28772	70337	122862	215710	518939	1484816	3026998
A	43	3	7	16	23	28	34	38	41
A	43	1	27522	68078	122265	217256	527011	1521915	3010900
A	44	3	7	16	23	28	34	38	41
A	44	1	26597	65641	125002	230634	575510	1633276	3061427
A	45	3	7	16	23	28	34	38	41
A	45	1	26787	66869	125982	229103	570178	1611403	3094994
A	46	3	7	16	23	28	34	38	41
A	46	1	28889	70375	134363	240949	592824	1664161	3176519
A	47	3	7	16	23	28	34	38	41
A	47	1	26854	66418	128679	234157	577763	1610634	2992871
A	48	3	7	16	23	28	34	38	41
A	48	1	27889	70447	137197	249720	628304	1754717	3152916
A	49	3	7	16	23	28	34	38	41
A	49	1	27547	69160	135130	247396	629309	1744298	3126699
A	50	3	7	16	23	28	34	38	41
A	50	1	26746	66472	132132	245788	618983	1711560	3005667
A	51	3	7	16	23	28	34	38	41
A	51	1	26729	66846	132689	247110	625196	1775425	2960468
A	52	3	7	16	23	28	34	38	41
A	52	1	26945	68298	138764	257737	645994	1801941	2953412
A	53	3	7	16	23	28	34	38	41
A	53	1	28633	71082	143117	267199	684875	1886045	2974802
A	54	3	7	16	23	28	34	38	41
A	54	1	27805	72535	141750	280484	726957	1945896	3069473
A	55	3	7	16	23	28	34	38	41
A	55	1	26628	68030	130539	264867	683713	1845996	2910621
A	56	3	7	16	23	28	34	38	41
A	56	1	27883	72009	139842	283306	737876	1983404	3080529
A	57	3	7	16	23	28	34	38	41
A	57	1	26555	68264	134106	275983	731183	1933623	2905703
A	58	3	7	16	23	28	34	38	41
A	58	1	25484	67185	127118	276225	730506	1943491	2814857
A	59	3	7	16	23	28	34	38	41
A	59	1	27091	70372	131936	290407	775652	2031903	2856897
A	60	3	7	16	23	28	34	38	41
A	60	1	23819	62436	118453	262236	716341	1952766	2760440
A	61	3	7	16	23	28	34	38	41
A	61	1	25128	66864	127915	283239	778971	2181493	2978281
A	62	3	7	16	23	28	34	38	41
A	62	1	24614	67770	131876	287572	781529	2183565	2993337
A	63	3	7	16	23	28	34	38	41
A	63	1	26014	74555	148088	321857	861558	2307858	3117993
A	64	3	7	16	23	28	34	38	41
A	64	1	24391	66383	128219	288440	818060	2286543	2975745
A	65	3	7	16	23	28	34	38	41
A	65	1	23869	67668	131605	297711	842631	2318425	2924154
A	66	3	7	16	23	28	34	38	41
A	66	1	24229	68045	131405	297282	843135	2338610	2900405
A	67	3	7	16	23	28	34	38	41
A	67	1	24927	69588	132918	301652	866519	2391673	2929974
A	68	3	7	16	23	28	34	38	41
A	68	1	25191	72625	139211	315132	890920	2434299	2924075
A	69	3	7	16	23	28	34	38	41
A	69	1	25166	71958	141479	321258	931005	2536701	2991731
A	70	3	7	16	23	28	34	38	41
A	70	1	25344	73461	141006	320727	943204	2582598	3075754
A	71	3	7	16	23	28	34	38	41
A	71	1	25676	75544	146482	331088	981322	2668773	3095087
A	72	3	7	16	23	28	34	38	41
A	72	1	23693	70252	133588	302818	913118	2480040	2733088
A	73	3	7	16	23	28	34	38	41
A	73	1	25344	74770	143233	327183	985324	2658288	2945243
A	74	3	7	16	23	28	34	38	41
A	74	1	25953	77767	150345	344000	1060363	2821553	3061422
A	75	3	7	16	23	28	34	38	41
A	75	1	26657	79258	154232	344878	1031534	2710017	2942175
A	76	3	7	16	23	28	34	38	41
A	76	1	25922	78987	157824	351719	1041660	2671272	2823043
A	77	3	7	16	23	28	34	38	41
A	77	1	25739	79427	154501	348960	1091554	2843206	2993960
A	78	3	7	16	23	28	34	38	41
A	78	1	27367	84256	161280	365950	1139171	3007647	3116561
A	79	3	7	16	23	28	34	38	41
A	79	1	26312	79973	152481	345026	1085325	2773820	2829282
A	80	3	7	16	23	28	34	38	41
A	80	1	27951	85213	164292	363361	1134086	2813551	2850778
A	81	3	7	16	23	28	34	38	41
A	81	1	29439	89500	170808	381410	1187003	3007459	3033902
A	82	3	7	16	23	28	34	38	41
A	82	1	30271	92471	178186	391444	1230023	3015907	3034745
A	83	3	7	16	23	28	34	38	41
A	83	1	28153	87605	167628	376777	1195478	2955336	2968491
A	84	3	7	16	23	28	34	38	41
A	84	1	27897	89586	170560	385269	1228928	3047327	3056368
A	85	3	7	16	23	28	34	38	41
A	85	1	22486	75681	142976	340652	1141404	3012337	3018715
A	86	3	7	16	23	28	34	38	41
A	86	1	25498	83800	162946	370016	1234983	3219340	3223529
A	87	3	7	16	23	28	34	38	41
A	87	1	23367	78096	148817	338587	1093780	2909941	2912757
A	88	3	7	16	23	28	34	38	41
A	88	1	25157	80828	153079	345817	1110002	2945511	2947261
A	89	3	7	16	23	28	34	38	41
A	89	1	24477	83786	153032	342138	1111796	2963094	2964304
A	90	3	7	16	23	28	34	38	41
A	90	1	23647	82927	154274	350501	1141163	3019091	3019827
A	91	3	7	16	23	28	34	38	41
A	91	1	25174	84397	152172	341358	1110991	2903073	2903578
A	92	3	7	16	23	28	34	38	41
A	92	1	23447	81533	150704	342390	1109074	2947427	2947754
A	93	3	7	16	23	28	34	38	41
A	93	1	24030	84907	162059	361271	1165845	2984923	2985122
A	94	3	7	16	23	28	34	38	41
A	94	1	23313	82434	149048	342169	1130554	2950807	2950928
A	95	3	7	16	23	28	34	38	41
A	95	1	21801	80264	146572	333222	1101720	2860812	2860882
A	96	3	7	16	23	28	34	38	41
A	96	1	21967	79947	144313	328177	1092410	2800822	2800869
A	97	3	7	16	23	28	34	38	41
A	97	1	23143	86002	161141	359645	1202332	3074059	3074086
A	98	3	7	16	23	28	34	38	41
A	98	1	21680	78199	140853	318862	1065428	2782574	2782590
A	99	3	7	16	23	28	34	38	41
A	99	1	22248	82991	148472	341010	1135756	2945858	2945868
A	100	3	7	16	23	28	34	38	41
A	100	1	21419	80036	142283	324262	1102703	2864939	2864946
A	101	3	7	16	23	28	34	38
A	101	1	21067	98568	186357	460162	1773677	2879491
A	102	3	7	16	23	28	34	38
A	102	1	21977	90482	164094	396047	1531033	2913658
A	103	3	7	16	23	28	34	38	41
A	103	1	22106	90353	172299	385443	1318622	2891428	2891429
A	104	3	7	16	23	28	34	38
A	104	1	19461	79835	143931	327937	1144805	2833658
A	105	3	7	16	23	28	34	38	41
A	105	1	19919	80170	146703	330137	1126917	2885183	2885184
A	106	3	7	16	23	28	34	38	41
A	106	1	18253	74457	133611	305588	1053940	2796472	2796473
A	107	3	7	16	23	28	34	38
A	107	1	18931	78970	142548	329634	1127641	3060875
A	108	3	7	16	23	28	34	38
A	108	1	18869	77408	136246	315384	1085600	2939089
A	109	3	7	16	23	28	34	38
A	109	1	18056	74707	133685	308085	1066706	2905445
A	110	3	7	16	23	28	34	38
A	110	1	17906	74850	130654	303068	1052909	2863795
A	111	3	7	16	23	28	34	38
A	111	1	20013	82488	144512	328807	1143460	3019241
A	112	3	7	16	23	28	34	38
A	112	1	22451	85656	150927	326272	1095042	2891645
A	113	3	7	16	23	28	34	38
A	113	1	20974	87248	154836	347330	1174809	3008790
A	114	3	7	16	23	28	34	38
A	114	1	19210	79856	141477	325266	1106202	2956307
A	115	3	7	16	23	28	34	38
A	115	1	19175	80417	143136	323562	1112049	2966557
A	116	3	7	16	23	28	34	38
A	116	1	17373	75567	134035	310115	1066614	2852608
A	117	3	7	16	23	28	34	38
A	117	1	18805	78064	137329	312940	1058616	2825118
A	118	3	7	16	23	28	34	38
A	118	1	18892	78512	137726	315938	1075103	2820260
A	119	3	7	16	23	28	34	38
A	119	1	18392	77952	137798	314563	1072398	2843255
A	120	3	7	16	23	28	34	38
A	120	1	19871	83396	152650	340928	1143716	2981453
A	121	3	7	16	23	28	34	38
A	121	1	19711	80825	142859	322455	1104255	2886987
A	122	3	7	16	23	28	34	38
A	122	1	21187	86724	161367	350340	1174014	2996046
A	123	3	7	16	23	28	34	38
A	123	1	18978	81376	143377	326490	1115371	2931659
A	124	3	7	16	23	28	34	38
A	124	1	22894	87896	151896	332788	1098473	2805152
A	125	3	7	16	23	28	34	38
A	125	1	20758	85301	152950	335851	1102364	2803688
A	126	3	7	16	23	28	34	38
A	126	1	20376	83785	149541	334701	1131412	2913037
A	127	3	7	16	23	28	34	38
A	127	1	18272	79837	145659	327174	1111294	2851434
A	128	3	7	16	23	28	34	38
A	128	1	20376	87248	163077	364431	1228221	3064349
A	129	3	7	16	23	28	34	38
A	129	1	17861	78838	140710	327276	1137318	2961062
A	130	3	7	16	23	28	34	38
A	130	1	18011	79570	141663	331517	1155578	2921159
A	131	3	7	16	23	28	34	38
A	131	1	19369	85242	156597	362479	1232557	3052164
A	132	3	7	16	23	28	34	38
A	132	1	16989	77245	137787	323864	1127698	2926164
A	133	3	7	16	23	28	34	38
A	133	1	16615	74927	138110	318876	1117135	2785542
A	134	3	7	16	23	28	34	38
A	134	1	16910	76842	136672	321414	1149263	2870377
A	135	3	7	16	23	28	34	38
A	135	1	15809	75717	133327	319862	1164005	2931116
A	136	3	7	16	23	28	34	38
A	136	1	16205	74016	132508	315414	1134301	2841826
A	137	3	7	16	23	28	34	38
A	137	1	16918	78319	138590	336820	1201400	3010448
A	138	3	7	16	23	28	34	38
A	138	1	15734	74723	135974	328254	1168252	2898661
A	139	3	7	16	23	28	34	38
A	139	1	16553	76918	142922	333390	1172481	2887650
A	140	3	7	16	23	28	34	38
A	140	1	13766	69569	132291	315045	1158517	2862552
A	141	3	7	16	23	28	34	38
A	141	1	14624	69442	133130	312054	1145730	2794924
A	142	3	7	16	23	28	34	38
A	142	1	12369	65954	126981	306736	1172220	2891799
A	143	3	7	16	23	28	34	38
A	143	1	13711	71078	143537	337399	1225806	2960311
A	144	3	7	16	23	28	34	38
A	144	1	10366	62524	120861	300600	1174374	2920302
A	145	3	7	16	23	28	34	38
A	145	1	9465	61494	122957	303336	1152758	2788675
A	146	3	7	16	23	28	34	38
A	146	1	5466	53459	112600	289551	1168127	2884532
A	147	3	7	16	23	28	34	38
A	147	1	2451	49899	108306	291350	1200237	2939062
A	148	3	7	16	23	28	34	38
A	148	1	22	48928	120153	310380	1222634	2924083
A	149	3	16	23	28	34	38
A	149	1	101882	210687	532548	1836910	2902958
T	0	3	7	16	23	28	34
T	0	1	4140	60004	77557	212204	1600559
T	1	3	7	16	23	28	34
T	1	1	6176	130166	166717	527107	4621448
T	2	3	7	16	23	28	34
T	2	1	5318	94630	123368	340063	2860352
T	3	3	7	16	23	28	34	38
T	3	1	4063	72267	82072	157461	369114	2453321
T	4	3	7	16	23	28	34	38
T	4	1	3855	76199	86740	169507	404019	2986479
T	5	3	7	16	23	28	34	38
T	5	1	7528	75144	87304	168214	403732	2738840
T	6	3	7	16	23	28	34	38
T	6	1	8376	106949	123585	243195	601076	4290086
T	7	3	7	16	23	28	34	38
T	7	1	6808	85000	97925	190088	457311	3168290
T	8	3	7	16	23	28	34	38
T	8	1	6449	91415	105340	208319	508535	3559111
T	9	3	7	16	23	28	34	38
T	9	1	5380	75525	87082	169938	406110	2841002
T	10	3	7	16	23	28	34	38
T	10	1	4728	66658	76828	150710	361498	2594527
T	11	3	7	16	23	28	34	38
T	11	1	5280	76509	87815	172796	421396	3070712
T	12	3	7	16	23	28	34	38
T	12	1	8251	96619	113555	220825	534481	3364849
T	13	3	7	16	23	28	34	38	41
T	13	1	9025	98548	115363	219334	505207	1369635	3165416
T	14	3	7	16	23	28	34	38	41
T	14	1	6687	87515	102489	199607	474244	1371949	3166846
T	15	3	7	16	23	28	34	38	41
T	15	1	7515	89106	104522	201935	471526	1346432	3106184
T	16	3	7	16	23	28	34	38	41
T	16	1	9637	92219	108557	204889	474903	1348697	3104193
T	17	3	7	16	23	28	34	38	41
T	17	1	7367	82290	98684	190275	452610	1315625	3093144
T	18	3	7	16	23	28	34	38	41
T	18	1	9128	84809	102417	193030	453498	1259318	3105095
T	19	3	7	16	23	28	34	38	41
T	19	1	9064	81101	99977	188528	445325	1239800	3040469
T	20	3	7	16	23	28	34	38	41
T	20	1	9357	78802	98459	185434	444898	1221461	2947777
T	21	3	7	16	23	28	34	38	41
T	21	1	9909	80949	102595	193316	463396	1291840	3135074
T	22	3	7	16	23	28	34	38	41
T	22	1	9885	78012	100329	188878	456244	1305696	3097587
T	23	3	7	16	23	28	34	38	41
T	23	1	11632	76354	100732	183890	441552	1252681	2943134
T	24	3	7	16	23	28	34	38	41
T	24	1	12520	76417	102049	185941	446148	1273142	3001491
T	25	3	7	16	23	28	34	38	41
T	25	1	15109	80054	109684	196420	468521	1320764	3139871
T	26	3	7	16	23	28	34	38	41
T	26	1	15253	78339	108665	193441	464349	1299550	3031228
T	27	3	7	16	23	28	34	38	41
T	27	1	17465	79587	112341	197937	475928	1317906	3041009
T	28	3	7	16	23	28	34	38	41
T	28	1	17987	76892	112583	193719	468635	1331761	3017301
T	29	3	7	16	23	28	34	38	41
T	29	1	19565	77250	113859	197758	476067	1329140	3151931
T	30	3	7	16	23	28	34	38	41
T	30	1	20510	71697	108201	187891	459182	1285785	2957399
T	31	3	7	16	23	28	34	38	41
T	31	1	23420	74616	113847	193365	464047	1268656	2898167
T	32	3	7	16	23	28	34	38	41
T	32	1	25698	77309	117794	201021	475974	1324041	3035919
T	33	3	7	16	23	28	34	38	41
T	33	1	25045	76799	119123	207541	504510	1408731	3175024
T	34	3	7	16	23	28	34	38	41
T	34	1	25062	70307	111226	192316	471047	1318109	2943242
T	35	3	7	16	23	28	34	38	41
T	35	1	28364	78534	126439	217577	524883	1472294	3281330
T	36	3	7	16	23	28	34	38	41
T	36	1	25727	70623	115959	201760	492622	1371652	3111621
T	37	3	7	16	23	28	34	38	41
T	37	1	28055	77351	128525	222618	541432	1509593	3329672
T	38	3	7	16	23	28	34	38	41
T	38	1	27057	73712	128399	226357	541027	1471458	3153911
T	39	3	7	16	23	28	34	38	41
T	39	1	25962	72047	125512	219619	525774	1473464	3116214
T	40	3	7	16	23	28	34	38	41
T	40	1	27391	73986	129936	226832	545320	1544649	3168508
T	41	3	7	16	23	28	34	38	41
T	41	1	27741	77845	136711	238135	580161	1613112	3195108
T	42	3	7	16	23	28	34	38	41
T	42	1	27372	77106	141264	247397	593076	1655541	3239603
T	43	3	7	16	23	28	34	38	41
T	43	1	28630	79907	146505	256405	617318	1712321	3301341
T	44	3	7	16	23	28	34	38	41
T	44	1	27653	76808	143223	247569	600923	1637796	3150786
T	45	3	7	16	23	28	34	38	41
T	45	1	25892	72146	138394	243599	593705	1637176	2988322
T	46	3	7	16	23	28	34	38	41
T	46	1	27287	74487	145445	260630	633201	1763321	3097184
T	47	3	7	16	23	28	34	38	41
T	47	1	26517	74798	149815	261892	629170	1719703	3018759
T	48	3	7	16	23	28	34	38	41
T	48	1	28158	77950	152747	276404	678042	1783428	3162192
T	49	3	7	16	23	28	34	38	41
T	49	1	27323	75802	152591	276985	663088	1780435	3020404
T	50	3	7	16	23	28	34	38	41
T	50	1	29144	81758	166540	292316	711265	1828915	3094772
T	51	3	7	16	23	28	34	38	41
T	51	1	27508	76966	156950	282922	689595	1791292	3039860
T	52	3	7	16	23	28	34	38	41
T	52	1	29023	83767	174230	315266	791593	2049708	3231569
T	53	3	7	16	23	28	34	38	41
T	53	1	31398	86375	182182	323393	786060	1956573	3074047
T	54	3	7	16	23	28	34	38	41
T	54	1	27953	80637	160154	314140	754353	1881808	2921740
T	55	3	7	16	23	28	34	38	41
T	55	1	30492	87584	176709	354487	851849	2073137	3080395
T	56	3	7	16	23	28	34	38	41
T	56	1	31050	89158	178359	362957	891988	2211178	3162105
T	57	3	7	16	23	28	34	38	41
T	57	1	27737	79952	157421	319323	788868	2020001	2939196
T	58	3	7	16	23	28	34	38	41
T	58	1	29619	87414	167562	347064	857346	2189344	3196168
T	59	3	7	16	23	28	34	38	41
T	59	1	30105	86448	167884	356705	869775	2115452	2928509
T	60	3	7	16	23	28	34	38	41
T	60	1	25465	75780	147897	313702	808350	2149348	2982478
T	61	3	7	16	23	28	34	38	41
T	61	1	25400	76907	151397	324108	807779	2048781	2801896
T	62	3	7	16	23	28	34	38	41
T	62	1	25638	80927	155976	340215	881792	2306146	2996659
T	63	3	7	16	23	28	34	38	41
T	63	1	25628	79267	154643	342217	888805	2267301	2936836
T	64	3	7	16	23	28	34	38	41
T	64	1	28735	88134	175708	377404	959010	2372929	3021972
T	65	3	7	16	23	28	34	38	41
T	65	1	25702	81929	159185	346660	896644	2276531	2878632
T	66	3	7	16	23	28	34	38	41
T	66	1	27163	86680	167627	370691	962172	2418235	3026536
T	67	3	7	16	23	28	34	38	41
T	67	1	25509	81866	156946	354126	955141	2464884	2943189
T	68	3	7	16	23	28	34	38	41
T	68	1	26270	85144	164403	366346	976682	2478695	2912352
T	69	3	7	16	23	28	34	38	41
T	69	1	25928	86854	164396	367583	983778	2480491	2895121
T	70	3	7	16	23	28	34	38	41
T	70	1	24703	82662	156674	356107	990990	2513182	2836357
T	71	3	7	16	23	28	34	38	41
T	71	1	25838	84942	159748	366195	1015256	2539828	2875299
T	72	3	7	16	23	28	34	38	41
T	72	1	28148	92830	179308	407430	1124828	2746684	3115804
T	73	3	7	16	23	28	34	38	41
T	73	1	27319	92465	175797	398972	1122389	2741727	3028912
T	74	3	7	16	23	28	34	38	41
T	74	1	27371	90642	173237	388433	1074884	2631508	2860777
T	75	3	7	16	23	28	34	38	41
T	75	1	28602	96990	189718	423689	1186799	2837747	3035471
T	76	3	7	16	23	28	34	38	41
T	76	1	27776	94814	177222	411372	1167073	2760716	3025292
T	77	3	7	16	23	28	34	38	41
T	77	1	27759	95493	176449	412774	1195579	2821701	2931727
T	78	3	7	16	23	28	34	38	41
T	78	1	28171	96291	174997	400374	1145491	2741363	2834595
T	79	3	7	16	23	28	34	38	41
T	79	1	29142	101307	188444	435499	1260093	3040714	3095655
T	80	3	7	16	23	28	34	38	41
T	80	1	28578	100240	183611	428905	1255884	2981674	3022862
T	81	3	7	16	23	28	34	38	41
T	81	1	30834	109578	198378	443609	1279779	2993061	3023985
T	82	3	7	16	23	28	34	38	41
T	82	1	30954	106780	192141	431984	1236493	2931639	2954227
T	83	3	7	16	23	28	34	38	41
T	83	1	33240	116871	225201	500998	1383568	3113164	3129058
T	84	3	7	16	23	28	34	38	41
T	84	1	29164	105704	188609	428940	1250318	2885722	2896432
T	85	3	7	16	23	28	34	38	41
T	85	1	23636	90140	168382	396229	1234347	2999728	3007114
T	86	3	7	16	23	28	34	38	41
T	86	1	24423	92603	164367	384814	1214371	3034508	3039747
T	87	3	7	16	23	28	34	38	41
T	87	1	24688	95973	172023	403636	1264052	3193478	3196868
T	88	3	7	16	23	28	34	38	41
T	88	1	24598	94930	168857	393549	1231909	3163741	3166099
T	89	3	7	16	23	28	34	38	41
T	89	1	25222	97890	172333	400098	1220536	3081009	3082505
T	90	3	7	16	23	28	34	38	41
T	90	1	22995	93093	161279	382788	1176792	2890037	2891027
T	91	3	7	16	23	28	34	38	41
T	91	1	25967	103102	179973	431819	1339007	3346945	3347560
T	92	3	7	16	23	28	34	38	41
T	92	1	24017	98314	169615	401562	1244775	3057931	3058296
T	93	3	7	16	23	28	34	38	41
T	93	1	23477	97068	162916	388293	1225190	2965244	2965460
T	94	3	7	16	23	28	34	38	41
T	94	1	24406	101728	171726	415710	1307207	3109801	3109945
T	95	3	7	16	23	28	34	38	41
T	95	1	24399	105145	175173	421686	1337930	3218845	3218934
T	96	3	7	16	23	28	34	38	41
T	96	1	24437	103038	168578	406561	1268407	3104877	3104932
T	97	3	7	16	23	28	34	38	41
T	97	1	22987	101020	165045	399753	1283755	3028322	3028368
T	98	3	7	16	23	28	34	38	41
T	98	1	24584	107095	177352	427563	1392100	3315977	3315998
T	99	3	7	16	23	28	34	38	41
T	99	1	22924	99337	163306	392177	1251732	3031209	3031222
T	100	3	7	16	23	28	34	38	41
T	100	1	24327	105926	180889	425592	1331878	3099336	3099341
T	101	3	7	16	23	28	34	38	41
T	101	1	21049	111737	183668	520043	1915466	3008076	3008077
T	102	3	7	16	23	28	34	38	41
T	102	1	22242	105065	174428	438471	1605478	2970796	2970798
T	103	3	7	16	23	28	34	38
T	103	1	22319	105548	172128	416050	1434852	3087407
T	104	3	7	16	23	28	34	38	41
T	104	1	21463	101853	168819	392473	1294516	2959796	2959797
T	105	3	7	16	23	28	34	38
T	105	1	20758	98375	161934	381749	1292360	3082639
T	106	3	7	16	23	28	34	38
T	106	1	21015	102685	170099	399735	1362561	3273197
T	107	3	7	16	23	28	34	38
T	107	1	21024	101138	158918	370034	1193990	2921219
T	108	3	7	16	23	28	34	38
T	108	1	22821	104435	170240	375413	1180908	2904757
T	109	3	7	16	23	28	34	38
T	109	1	21594	106702	168686	379417	1207584	2903676
T	110	3	7	16	23	28	34	38
T	110	1	20294	96811	158665	369285	1182789	2895657
T	111	3	7	16	23	28	34	38
T	111	1	18820	92052	147255	342804	1099623	2672161
T	112	3	7	16	23	28	34	38
T	112	1	20246	96400	155013	356347	1138082	2764853
T	113	3	7	16	23	28	34	38
T	113	1	21627	103901	163874	384010	1242986	2998890
T	114	3	7	16	23	28	34	38
T	114	1	20601	101964	162312	373721	1191343	2855480
T	115	3	7	16	23	28	34	38
T	115	1	20244	100858	157744	367952	1185550	2836943
T	116	3	7	16	23	28	34	38
T	116	1	19708	99213	155013	363062	1171807	2887056
T	117	3	7	16	23	28	34	38
T	117	1	20564	103518	157853	367464	1165138	2783029
T	118	3	7	16	23	28	34	38
T	118	1	27837	140619	212007	427028	1240140	2928973
T	119	3	7	16	23	28	34	38
T	119	1	21520	109530	184583	407072	1250697	2955128
T	120	3	7	16	23	28	34	38
T	120	1	26464	119088	181534	389048	1160521	2794712
T	121	3	7	16	23	28	34	38
T	121	1	24410	111617	178304	397844	1235766	2954744
T	122	3	7	16	23	28	34	38
T	122	1	22278	103214	160157	368400	1171262	2781393
T	123	3	7	16	23	28	34	38
T	123	1	20203	100753	155552	367942	1195927	2837576
T	124	3	7	16	23	28	34	38
T	124	1	23487	118066	176334	414159	1276186	2910224
T	125	3	7	16	23	28	34	38
T	125	1	20068	97705	153158	357351	1158691	2776302
T	126	3	7	16	23	28	34	38
T	126	1	21479	105819	165740	377221	1166235	2750987
T	127	3	7	16	23	28	34	38
T	127	1	21065	107226	171881	391446	1270714	2983489
T	128	3	7	16	23	28	34	38
T	128	1	19977	98306	155943	360961	1154600	2735459
T	129	3	7	16	23	28	34	38
T	129	1	20709	102821	160356	375667	1192463	2773941
T	130	3	7	16	23	28	34	38
T	130	1	20884	108168	174004	396410	1304732	3005203
T	131	3	7	16	23	28	34	38
T	131	1	20218	99999	158266	369204	1209424	2834172
T	132	3	7	16	23	28	34	38
T	132	1	21492	110591	172442	397923	1280612	2875199
T	133	3	7	16	23	28	34	38
T	133	1	20058	102297	161959	378981	1231275	2899827
T	134	3	7	16	23	28	34	38
T	134	1	19855	103082	162769	386426	1269808	2936380
T	135	3	7	16	23	28	34	38
T	135	1	18560	96466	157439	367861	1205340	2741770
T	136	3	7	16	23	28	34	38
T	136	1	19335	101401	162270	392247	1304204	2999002
T	137	3	7	16	23	28	34	38
T	137	1	17970	96170	156622	374399	1260189	2913866
T	138	3	7	16	23	28	34	38
T	138	1	17784	95701	150532	373898	1250014	2846598
T	139	3	7	16	23	28	34	38
T	139	1	18050	96522	155205	374587	1241620	2865333
T	140	3	7	16	23	28	34	38
T	140	1	16120	87679	144483	348509	1173739	2720623
T	141	3	7	16	23	28	34	38
T	141	1	16718	89598	146437	358478	1206886	2821655
T	142	3	7	16	23	28	34	38
T	142	1	14984	87348	147040	358332	1201183	2783031
T	143	3	7	16	23	28	34	38
T	143	1	14210	82784	139897	339915	1139344	2583946
T	144	3	7	16	23	28	34	38
T	144	1	12666	84300	145153	346529	1154504	2578759
T	145	3	7	16	23	28	34	38
T	145	1	11813	86322	151567	369618	1254607	2821147
T	146	3	7	16	23	28	34	38
T	146	1	6945	71217	130490	331166	1156598	2637235
T	147	3	7	16	23	28	34	38
T	147	1	3562	72552	138017	350259	1187739	2601598
T	148	3	7	16	23	28	34	38
T	148	1	23	60902	121606	322918	1148233	2601087
T	149	3	16	23	28	34	38
T	149	1	140591	245685	597635	1703538	2658849
G	0	3	7	16	23	28	34
G	0	1	6503	121969	154737	469754	3494580
G	1	3	7	16	23	28	34
G	1	1	5494	82066	109811	298438	2422903
G	2	3	7	16	23	28	34
G	2	1	5788	83705	112456	317156	3061467
G	3	3	7	16	23	28	34	38
G	3	1	5514	85033	100709	193324	450423	3297080
G	4	3	7	16	23	28	34	38
G	4	1	5012	89307	106408	199501	445462	3214806
G	5	3	7	16	23	28	34	38
G	5	1	16484	77607	98924	180225	409166	2726564
G	6	3	7	16	23	28	34	38
G	6	1	17900	82702	103013	178865	385885	2594873
G	7	3	7	16	23	28	34	38
G	7	1	13909	74816	94273	172948	396363	2896387
G	8	3	7	16	23	28	34	38
G	8	1	19227	91836	114105	197938	422034	2855194
G	9	3	7	16	23	28	34	38
G	9	1	13779	77250	96508	175578	398620	2856964
G	10	3	7	16	23	28	34	38
G	10	1	12732	84232	105495	196047	447579	3295817
G	11	3	7	16	23	28	34	38
G	11	1	13240	78644	99834	181709	417247	3135110
G	12	3	7	16	23	28	34	38
G	12	1	20648	96834	121487	208607	432607	2734805
G	13	3	7	16	23	28	34	38	41
G	13	1	20381	97644	122207	213306	448553	1165614	2925235
G	14	3	7	16	23	28	34	38	41
G	14	1	15317	83545	107181	196212	434243	1166486	3031298
G	15	3	7	16	23	28	34	38	41
G	15	1	20569	99458	125483	219352	460047	1211101	2985420
G	16	3	7	16	23	28	34	38	41
G	16	1	16868	81869	105833	192511	428562	1176995	2988509
G	17	3	7	16	23	28	34	38	41
G	17	1	14445	77746	101587	187599	417028	1125915	2917480
G	18	3	7	16	23	28	34	38	41
G	18	1	15887	76775	101742	184099	413509	1129057	2988834
G	19	3	7	16	23	28	34	38	41
G	19	1	16203	81411	107471	193194	427363	1147233	3007017
G	20	3	7	16	23	28	34	38	41
G	20	1	17814	82925	110914	194971	422996	1121871	2865322
G	21	3	7	16	23	28	34	38	41
G	21	1	16767	76694	105600	191309	436844	1181966	2979099
G	22	3	7	16	23	28	34	38	41
G	22	1	17218	73496	103427	185922	428973	1168539	2944460
G	23	3	7	16	23	28	34	38	41
G	23	1	21320	82371	115277	200477	447016	1220651	3047998
G	24	3	7	16	23	28	34	38	41
G	24	1	17099	68322	98235	173851	401034	1116110	2813949
G	25	3	7	16	23	28	34	38	41
G	25	1	23875	85355	120829	207461	457992	1236763	3070115
G	26	3	7	16	23	28	34	38	41
G	26	1	20620	71641	106191	183531	417125	1143507	2825605
G	27	3	7	16	23	28	34	38	41
G	27	1	25607	81845	121003	203704	454254	1226233	2997337
G	28	3	7	16	23	28	34	38	41
G	28	1	23675	74915	112642	192161	440890	1217419	2900458
G	29	3	7	16	23	28	34	38	41
G	29	1	22112	67375	104847	181152	423947	1201608	2880869
G	30	3	7	16	23	28	34	38	41
G	30	1	22208	66169	105006	181216	424192	1191902	2817104
G	31	3	7	16	23	28	34	38	41
G	31	1	24639	68106	109100	189796	443736	1263782	2930907
G	32	3	7	16	23	28	34	38	41
G	32	1	26011	70727	112978	194087	448987	1232200	2827656
G	33	3	7	16	23	28	34	38	41
G	33	1	26534	69491	114246	198930	464616	1285550	2939820
G	34	3	7	16	23	28	34	38	41
G	34	1	26269	65539	107672	185951	437601	1222816	2755569
G	35	3	7	16	23	28	34	38	41
G	35	1	30449	72913	121051	205646	473440	1304049	2874179
G	36	3	7	16	23	28	34	38	41
G	36	1	26663	66480	112843	197217	472618	1333702	2902898
G	37	3	7	16	23	28	34	38	41
G	37	1	25246	64527	113984	199793	477739	1328445	2896743
G	38	3	7	16	23	28	34	38	41
G	38	1	25233	63630	113174	197377	474279	1340557	2786565
G	39	3	7	16	23	28	34	38	41
G	39	1	24104	63003	117346	204739	489452	1417527	2900375
G	40	3	7	16	23	28	34	38	41
G	40	1	28699	72595	131791	230824	560508	1550544	3070527
G	41	3	7	16	23	28	34	38	41
G	41	1	26271	67394	126894	222757	537628	1531960	2885574
G	42	3	7	16	23	28	34	38	41
G	42	1	26142	68870	130686	229597	562364	1590325	2872877
G	43	3	7	16	23	28	34	38	41
G	43	1	26066	67994	128125	221133	531033	1473103	2674302
G	44	3	7	16	23	28	34	38	41
G	44	1	26325	65911	133263	236043	569844	1576365	2904416
G	45	3	7	16	23	28	34	38	41
G	45	1	24639	62601	130863	232889	569854	1581866	2827317
G	46	3	7	16	23	28	34	38	41
G	46	1	26481	67051	138024	245421	601851	1683533	2846138
G	47	3	7	16	23	28	34	38	41
G	47	1	25541	66002	139527	250852	629299	1756262	2916486
G	48	3	7	16	23	28	34	38	41
G	48	1	25403	65373	139488	253161	626685	1701525	2770003
G	49	3	7	16	23	28	34	38	41
G	49	1	25501	65965	141968	254567	633711	1706365	2757553
G	50	3	7	16	23	28	34	38	41
G	50	1	25832	66821	146126	263997	663627	1775855	2756333
G	51	3	7	16	23	28	34	38	41
G	51	1	25933	68777	151772	273928	688801	1848104	2880363
G	52	3	7	16	23	28	34	38	41
G	52	1	26351	69303	155550	282902	709395	1887599	2915879
G	53	3	7	16	23	28	34	38	41
G	53	1	27456	71985	157532	284245	713421	1901429	2820372
G	54	3	7	16	23	28	34	38	41
G	54	1	27032	73255	160827	305738	778252	2114038	3003497
G	55	3	7	16	23	28	34	38	41
G	55	1	28895	74982	163602	306778	769343	2013213	2884955
G	56	3	7	16	23	28	34	38	41
G	56	1	25504	69217	153730	294627	759597	1942304	2678150
G	57	3	7	16	23	28	34	38	41
G	57	1	26772	74337	169448	329595	861766	2311520	2995142
G	58	3	7	16	23	28	34	38	41
G	58	1	25980	71517	148624	315486	843738	2279048	2955242
G	59	3	7	16	23	28	34	38	41
G	59	1	27683	74820	157304	330036	855072	2207941	2959175
G	60	3	7	16	23	28	34	38	41
G	60	1	25409	71466	157622	336844	900282	2383332	2992175
G	61	3	7	16	23	28	34	38	41
G	61	1	26550	74192	160354	332232	876614	2346905	3047553
G	62	3	7	16	23	28	34	38	41
G	62	1	24432	69803	151906	316650	835286	2201960	2783619
G	63	3	7	16	23	28	34	38	41
G	63	1	24308	69686	151420	319690	852603	2257804	2780417
G	64	3	7	16	23	28	34	38	41
G	64	1	25194	70721	153786	322694	865363	2317302	2808339
G	65	3	7	16	23	28	34	38	41
G	65	1	25575	75670	166086	344534	939237	2342173	2827472
G	66	3	7	16	23	28	34	38	41
G	66	1	24835	70202	151868	320090	865299	2262400	2698075
G	67	3	7	16	23	28	34	38	41
G	67	1	25734	75111	168149	355030	955876	2457654	2890547
G	68	3	7	16	23	28	34	38	41
G	68	1	24862	72600	159245	339806	943018	2470204	2813021
G	69	3	7	16	23	28	34	38	41
G	69	1	24560	71503	156513	333609	934042	2405818	2724077
G	70	3	7	16	23	28	34	38	41
G	70	1	24295	71314	158298	337562	963863	2471204	2703205
G	71	3	7	16	23	28	34	38	41
G	71	1	23871	71447	159362	335830	939032	2428041	2627064
G	72	3	7	16	23	28	34	38	41
G	72	1	26589	79757	184617	387680	1055911	2581564	2812633
G	73	3	7	16	23	28	34	38	41
G	73	1	26230	76888	170600	359115	1005687	2535874	2746954
G	74	3	7	16	23	28	34	38	41
G	74	1	28665	84693	193289	405256	1110338	2659132	2908202
G	75	3	7	16	23	28	34	38	41
G	75	1	26621	79426	177411	371796	1062684	2617452	2737073
G	76	3	7	16	23	28	34	38	41
G	76	1	27302	82310	192177	404392	1131590	2644479	2796885
G	77	3	7	16	23	28	34	38	41
G	77	1	25733	78442	182809	382168	1106699	2584548	2672443
G	78	3	7	16	23	28	34	38	41
G	78	1	28155	85338	195589	410228	1188872	2791332	2844644
G	79	3	7	16	23	28	34	38	41
G	79	1	28504	86824	196417	408721	1179336	2837238	2863875
G	80	3	7	16	23	28	34	38	41
G	80	1	29758	88804	200679	412628	1184861	2837559	2856193
G	81	3	7	16	23	28	34	38	41
G	81	1	28276	84513	188654	392366	1167671	2724533	2737556
G	82	3	7	16	23	28	34	38	41
G	82	1	28816	85872	187464	385968	1131218	2641364	2650327
G	83	3	7	16	23	28	34	38	41
G	83	1	28139	86802	193293	403023	1195002	2706613	2712532
G	84	3	7	16	23	28	34	38	41
G	84	1	29794	92466	211513	434971	1278067	2772121	2776102
G	85	3	7	16	23	28	34	38	41
G	85	1	22439	76708	179794	382328	1175336	2773270	2775778
G	86	3	7	16	23	28	34	38	41
G	86	1	23186	74311	170704	353736	1082898	2635285	2636845
G	87	3	7	16	23	28	34	38	41
G	87	1	23122	74999	167831	347793	1062171	2695423	2696468
G	88	3	7	16	23	28	34	38	41
G	88	1	24344	77005	167446	342429	1033809	2578587	2579153
G	89	3	7	16	23	28	34	38	41
G	89	1	27562	88481	196164	395977	1158814	2815129	2815497
G	90	3	7	16	23	28	34	38	41
G	90	1	22910	78141	169265	354131	1089279	2736690	2736876
G	91	3	7	16	23	28	34	38	41
G	91	1	25739	81774	177254	356025	1059300	2587355	2587491
G	92	3	7	16	23	28	34	38	41
G	92	1	23762	81179	179150	370110	1139405	2794928	2794995
G	93	3	7	16	23	28	34	38	41
G	93	1	23398	79297	172656	358074	1120107	2861680	2861709
G	94	3	7	16	23	28	34	38	41
G	94	1	22778	78350	169392	348409	1079296	2684463	2684482
G	95	3	7	16	23	28	34	38	41
G	95	1	21951	77116	168260	345774	1081411	2694724	2694736
G	96	3	7	16	23	28	34	38	41
G	96	1	22982	80602	181070	368397	1140473	2798388	2798396
G	97	3	7	16	23	28	34	38	41
G	97	1	21956	76397	170481	350117	1089282	2699710	2699716
G	98	3	7	16	23	28	34	38	41
G	98	1	22500	77634	171483	346261	1062730	2590560	2590563
G	99	3	7	16	23	28	34	38	41
G	99	1	21028	76071	168222	343119	1068144	2653393	2653395
G	100	3	7	16	23	28	34	38
G	100	1	21273	76458	169082	348053	1087392	2677365
G	101	3	7	16	23	28	34	38
G	101	1	25759	109609	270634	585125	1875590	2773320
G	102	3	7	16	23	28	34	38	41
G	102	1	25194	98121	228243	467871	1603800	2779936	2779937
G	103	3	7	16	23	28	34	38
G	103	1	21876	81776	185134	380994	1215684	2630577
G	104	3	7	16	23	28	34	38
G	104	1	21617	82450	186978	383678	1198129	2831433
G	105	3	7	16	23	28	34	38
G	105	1	21144	78423	172825	355144	1101693	2678897
G	106	3	7	16	23	28	34	38
G	106	1	19673	76199	173448	349159	1076360	2647311
G	107	3	7	16	23	28	34	38
G	107	1	19909	74718	170808	341293	1030651	2552217
G	108	3	7	16	23	28	34	38
G	108	1	20829	78851	176320	360592	1119676	2802579
G	109	3	7	16	23	28	34	38
G	109	1	19526	74026	167700	337882	1023708	2539325
G	110	3	7	16	23	28	34	38
G	110	1	20157	78385	177911	364857	1130719	2813435
G	111	3	7	16	23	28	34	38
G	111	1	21280	81738	188149	379648	1151585	2881975
G	112	3	7	16	23	28	34	38
G	112	1	22773	85944	191148	391028	1203578	2922828
G	113	3	7	16	23	28	34	38
G	113	1	20443	79226	176310	355489	1090519	2668762
G	114	3	7	16	23	28	34	38
G	114	1	20335	79530	179436	360646	1111397	2718737
G	115	3	7	16	23	28	34	38
G	115	1	20340	80209	177191	360386	1122352	2719290
G	116	3	7	16	23	28	34	38
G	116	1	20581	83571	190493	384739	1189793	2857148
G	117	3	7	16	23	28	34	38
G	117	1	21795	83439	188712	378527	1144209	2796200
G	118	3	7	16	23	28	34	38
G	118	1	23660	87109	193107	383196	1151856	2797294
G	119	3	7	16	23	28	34	38
G	119	1	21413	84104	192131	384720	1161795	2781748
G	120	3	7	16	23	28	34	38
G	120	1	22026	83464	187095	377076	1154188	2785394
G	121	3	7	16	23	28	34	38
G	121	1	21807	84720	192941	383273	1165540	2753529
G	122	3	7	16	23	28	34	38
G	122	1	20057	79423	174870	355287	1108601	2657025
G	123	3	7	16	23	28	34	38
G	123	1	21142	86179	195729	392622	1228160	2886242
G	124	3	7	16	23	28	34	38
G	124	1	21073	82682	182596	369513	1158149	2781107
G	125	3	7	16	23	28	34	38
G	125	1	21690	87423	193896	386292	1215302	2818143
G	126	3	7	16	23	28	34	38
G	126	1	19999	80308	179350	364610	1140531	2730782
G	127	3	7	16	23	28	34	38
G	127	1	20478	82916	191846	390672	1220409	2855430
G	128	3	7	16	23	28	34	38
G	128	1	20071	79222	177100	363885	1143527	2695685
G	129	3	7	16	23	28	34	38
G	129	1	20496	83642	195703	397040	1215921	2798221
G	130	3	7	16	23	28	34	38
G	130	1	18850	77451	177119	362382	1125328	2614027
G	131	3	7	16	23	28	34	38
G	131	1	19362	78168	177250	366255	1147350	2681693
G	132	3	7	16	23	28	34	38
G	132	1	18563	77004	173109	361770	1145669	2700052
G	133	3	7	16	23	28	34	38
G	133	1	18025	76355	171540	366564	1178688	2802027
G	134	3	7	16	23	28	34	38
G	134	1	17258	73275	169276	352291	1138466	2696145
G	135	3	7	16	23	28	34	38
G	135	1	16959	74380	169682	360558	1168193	2713864
G	136	3	7	16	23	28	34	38
G	136	1	17047	73319	168778	355582	1148053	2632511
G	137	3	7	16	23	28	34	38
G	137	1	15943	71155	162127	349825	1152263	2596337
G	138	3	7	16	23	28	34	38
G	138	1	16317	74448	171516	372976	1246730	2856115
G	139	3	7	16	23	28	34	38
G	139	1	16037	70347	163853	350838	1149879	2607778
G	140	3	7	16	23	28	34	38
G	140	1	14989	72110	173385	380179	1273348	2925609
G	141	3	7	16	23	28	34	38
G	141	1	15226	71354	173015	372574	1221832	2766235
G	142	3	7	16	23	28	34	38
G	142	1	13499	67563	166810	366409	1232691	2788558
G	143	3	7	16	23	28	34	38
G	143	1	13212	66826	168010	368640	1241282	2819903
G	144	3	7	16	23	28	34	38
G	144	1	9982	59204	156283	351134	1224592	2809442
G	145	3	7	16	23	28	34	38
G	145	1	8670	54400	144392	330413	1174926	2687794
G	146	3	7	16	23	28	34	38
G	146	1	4677	49742	137386	331441	1217390	2733523
G	147	3	7	16	23	28	34	38
G	147	1	1895	46314	137841	334431	1218122	2743386
G	148	3	7	16	23	28	34	38
G	148	1	22	44804	131895	320054	1216163	2736613
G	149	3	16	23	28	34	38
G	149	1	89258	242629	539348	1687394	2596374
C	0	3	7	16	23	28	34
C	0	1	7173	151651	192057	599086	5331161
C	1	3	7	16	23	28	34
C	1	1	5237	77377	104984	286837	2478023
C	2	3	7	16	23	28	34
C	2	1	5718	87724	119483	339874	3221498
C	3	3	7	16	23	28	34	38
C	3	1	4783	76729	89608	161271	347250	2654547
C	4	3	7	16	23	28	34	38
C	4	1	4046	62473	73978	140675	321284	2547794
C	5	3	7	16	23	28	34	38
C	5	1	10656	67275	83731	155024	353513	2638462
C	6	3	7	16	23	28	34	38
C	6	1	10459	73546	91303	170543	386573	2916828
C	7	3	7	16	23	28	34	38
C	7	1	10029	78520	96091	183167	427414	3334820
C	8	3	7	16	23	28	34	38
C	8	1	9527	79311	97825	184254	418218	3074221
C	9	3	7	16	23	28	34	38
C	9	1	7221	63066	76549	143789	330301	2535633
C	10	3	7	16	23	28	34	38
C	10	1	8305	71716	88062	168326	394866	3149412
C	11	3	7	16	23	28	34	38
C	11	1	8238	77184	94690	175639	401505	3178627
C	12	3	7	16	23	28	34	38
C	12	1	10280	78879	98579	182372	403633	2819362
C	13	3	7	16	23	28	34	38	41
C	13	1	10281	80676	100353	187125	406918	1050717	2874510
C	14	3	7	16	23	28	34	38	41
C	14	1	9420	78385	96676	178426	390311	1027681	2825541
C	15	3	7	16	23	28	34	38	41
C	15	1	9999	80507	101080	188457	417248	1102255	3000343
C	16	3	7	16	23	28	34	38	41
C	16	1	9115	69946	88140	164147	368960	996063	2773830
C	17	3	7	16	23	28	34	38	41
C	17	1	8963	68588	87725	164636	375259	1023046	2834561
C	18	3	7	16	23	28	34	38	41
C	18	1	9349	67766	87586	163299	366131	972463	2772782
C	19	3	7	16	23	28	34	38	41
C	19	1	10538	69572	90663	166833	375321	1013001	2873179
C	20	3	7	16	23	28	34	38	41
C	20	1	10265	68284	90189	166224	379289	1027205	2886637
C	21	3	7	16	23	28	34	38	41
C	21	1	10755	65593	88229	162750	372533	1019816	2866151
C	22	3	7	16	23	28	34	38	41
C	22	1	12275	67432	92198	167960	383467	1048344	2895398
C	23	3	7	16	23	28	34	38	41
C	23	1	13104	66576	92230	166807	380218	1034687	2832771
C	24	3	7	16	23	28	34	38	41
C	24	1	13924	64536	92189	166254	385996	1067024	2919535
C	25	3	7	16	23	28	34	38	41
C	25	1	15125	65435	93528	165155	375678	1020713	2747212
C	26	3	7	16	23	28	34	38	41
C	26	1	16179	67468	97795	173707	400967	1107023	2977965
C	27	3	7	16	23	28	34	38	41
C	27	1	17789	66011	97736	170561	390956	1059248	2770962
C	28	3	7	16	23	28	34	38	41
C	28	1	19345	64959	97373	167713	384684	1051024	2751308
C	29	3	7	16	23	28	34	38	41
C	29	1	18273	60251	92929	163097	385486	1078611	2831937
C	30	3	7	16	23	28	34	38	41
C	30	1	20705	62536	97496	169525	396714	1114351	2889223
C	31	3	7	16	23	28	34	38	41
C	31	1	21028	60730	96047	168105	396074	1117010	2891824
C	32	3	7	16	23	28	34	38	41
C	32	1	23697	64370	104937	183336	433421	1211579	3041645
C	33	3	7	16	23	28	34	38	41
C	33	1	22801	62067	100529	175172	411676	1144628	2847387
C	34	3	7	16	23	28	34	38	41
C	34	1	24214	62815	103669	183087	436311	1206076	2982290
C	35	3	7	16	23	28	34	38	41
C	35	1	23549	57338	95063	166610	394877	1104386	2704303
C	36	3	7	16	23	28	34	38	41
C	36	1	23266	58995	100567	176557	422749	1188157	2853394
C	37	3	7	16	23	28	34	38	41
C	37	1	22414	55762	96308	171191	411994	1164228	2731348
C	38	3	7	16	23	28	34	38	41
C	38	1	23984	59389	102842	180367	428827	1195753	2827694
C	39	3	7	16	23	28	34	38	41
C	39	1	21538	54596	97894	173654	422804	1217155	2712540
C	40	3	7	16	23	28	34	38	41
C	40	1	22120	55852	101002	178136	431140	1218151	2662367
C	41	3	7	16	23	28	34	38	41
C	41	1	22289	57880	107836	193845	482267	1409862	2801046
C	42	3	7	16	23	28	34	38	41
C	42	1	21659	54833	101578	181624	451806	1286880	2648764
C	43	3	7	16	23	28	34	38	41
C	43	1	22328	58479	112581	201945	505614	1413025	2792971
C	44	3	7	16	23	28	34	38	41
C	44	1	21270	53325	105712	192968	481032	1380792	2653634
C	45	3	7	16	23	28	34	38	41
C	45	1	22627	56539	111594	204846	513090	1498093	2851239
C	46	3	7	16	23	28	34	38	41
C	46	1	21270	53951	108405	197928	496495	1415884	2633428
C	47	3	7	16	23	28	34	38	41
C	47	1	22138	56902	115146	211686	529514	1556148	2816099
C	48	3	7	16	23	28	34	38	41
C	48	1	20887	54064	110814	207064	525084	1535769	2650684
C	49	3	7	16	23	28	34	38	41
C	49	1	22541	58677	121401	227087	585011	1640061	2822840
C	50	3	7	16	23	28	34	38	41
C	50	1	21634	56695	119736	225121	588069	1693529	2862219
C	51	3	7	16	23	28	34	38	41
C	51	1	21501	57146	123683	234649	625066	1730528	2830249
C	52	3	7	16	23	28	34	38	41
C	52	1	20960	55072	116950	220830	576787	1600855	2601833
C	53	3	7	16	23	28	34	38	41
C	53	1	23820	62031	132554	247445	645754	1802585	2825613
C	54	3	7	16	23	28	34	38	41
C	54	1	21367	57452	118412	238685	629218	1781535	2692292
C	55	3	7	16	23	28	34	38	41
C	55	1	23073	60681	126490	258184	698791	1942161	2803222
C	56	3	7	16	23	28	34	38	41
C	56	1	21866	59167	125350	254899	695815	1922990	2750628
C	57	3	7	16	23	28	34	38	41
C	57	1	22618	61965	128928	262846	725883	1982571	2823718
C	58	3	7	16	23	28	34	38	41
C	58	1	21680	59578	122146	267782	726832	1979795	2689800
C	59	3	7	16	23	28	34	38	41
C	59	1	23270	63369	128164	280035	798455	2205713	2903695
C	60	3	7	16	23	28	34	38	41
C	60	1	21305	59517	122284	271393	753709	2154190	2905732
C	61	3	7	16	23	28	34	38	41
C	61	1	20473	58661	119919	266861	751642	2209694	2806045
C	62	3	7	16	23	28	34	38	41
C	62	1	20620	59033	121612	271940	771601	2227583	2853397
C	63	3	7	16	23	28	34	38	41
C	63	1	20375	59684	123173	274100	773609	2250265	2784698
C	64	3	7	16	23	28	34	38	41
C	64	1	21378	61351	126691	281044	799212	2250525	2807154
C	65	3	7	16	23	28	34	38	41
C	65	1	21695	63799	130846	293858	845903	2452863	2976133
C	66	3	7	16	23	28	34	38	41
C	66	1	22985	68689	142966	314448	928344	2542163	2974433
C	67	3	7	16	23	28	34	38	41
C	67	1	20823	63364	128029	292273	872935	2441796	2828563
C	68	3	7	16	23	28	34	38	41
C	68	1	21731	66463	137537	306247	914136	2541738	2936519
C	69	3	7	16	23	28	34	38	41
C	69	1	21467	65633	136050	308211	945614	2672517	2968791
C	70	3	7	16	23	28	34	38	41
C	70	1	22041	67151	145601	321961	946714	2680522	2958005
C	71	3	7	16	23	28	34	38	41
C	71	1	21399	65454	141723	320063	974178	2726216	2969717
C	72	3	7	16	23	28	34	38	41
C	72	1	21775	66639	138355	315944	974232	2681176	2899304
C	73	3	7	16	23	28	34	38	41
C	73	1	21850	68738	150099	336719	1020820	2675179	2833589
C	74	3	7	16	23	28	34	38	41
C	74	1	21763	67237	137467	310468	952148	2577244	2718298
C	75	3	7	16	23	28	34	38	41
C	75	1	24179	74555	159858	351102	1031022	2616385	2828210
C	76	3	7	16	23	28	34	38	41
C	76	1	22313	71318	146635	330004	1074602	2813590	2892156
C	77	3	7	16	23	28	34	38	41
C	77	1	22553	71616	149331	337919	1064766	2864182	2933795
C	78	3	7	16	23	28	34	38	41
C	78	1	22371	71691	145392	327071	1025862	2689176	2730675
C	79	3	7	16	23	28	34	38	41
C	79	1	21798	71269	147364	327484	1030905	2702825	2732583
C	80	3	7	16	23	28	34	38	41
C	80	1	24054	78377	160124	349240	1080008	2764775	2786453
C	81	3	7	16	23	28	34	38	41
C	81	1	23214	75740	159117	348708	1082098	2700686	2715800
C	82	3	7	16	23	28	34	38	41
C	82	1	25658	85809	180720	390710	1190152	2856754	2867012
C	83	3	7	16	23	28	34	38	41
C	83	1	23618	78334	160364	348755	1093198	2684619	2691495
C	84	3	7	16	23	28	34	38	41
C	84	1	24503	81316	165582	360867	1140094	2763732	2768235
C	85	3	7	16	23	28	34	38	41
C	85	1	20040	69972	150119	329426	1080861	2688173	2691092
C	86	3	7	16	23	28	34	38	41
C	86	1	18342	63631	130446	292540	964132	2586578	2588429
C	87	3	7	16	23	28	34	38	41
C	87	1	19467	67997	135921	305512	1009795	2676969	2678066
C	88	3	7	16	23	28	34	38	41
C	88	1	19863	68978	141068	309765	1025307	2786582	2787253
C	89	3	7	16	23	28	34	38	41
C	89	1	20003	69046	138427	301966	976025	2612345	2612756
C	90	3	7	16	23	28	34	38	41
C	90	1	21123	76217	154914	338270	1086080	2822577	2822785
C	91	3	7	16	23	28	34	38	41
C	91	1	19832	70369	142660	308855	996269	2627144	2627263
C	92	3	7	16	23	28	34	38	41
C	92	1	19484	71945	141236	311291	1013933	2660100	2660183
C	93	3	7	16	23	28	34	38	41
C	93	1	18908	69392	137572	302976	999806	2644302	2644345
C	94	3	7	16	23	28	34	38	41
C	94	1	20547	74485	151034	323614	1041458	2706595	2706610
C	95	3	7	16	23	28	34	38	41
C	95	1	18215	69551	139877	306536	1007008	2672534	2672545
C	96	3	7	16	23	28	34	38	41
C	96	1	18920	71240	140263	308772	1035351	2737958	2737963
C	97	3	7	16	23	28	34	38
C	97	1	18183	68882	137876	302388	997899	2635363
C	98	3	7	16	23	28	34	38
C	98	1	19550	73424	148683	322226	1054415	2743503
C	99	3	7	16	23	28	34	38	41
C	99	1	18747	73910	148912	323436	1067341	2797246	2797247
C	100	3	7	16	23	28	34	38	41
C	100	1	18585	73156	145042	315637	1036999	2780564	2780567
C	101	3	7	16	23	28	34	38
C	101	1	19981	101266	226954	537995	1936619	2755978
C	102	3	7	16	23	28	34	38
C	102	1	18505	79373	167626	388383	1477426	2749488
C	103	3	7	16	23	28	34	38
C	103	1	17108	73826	148540	337083	1197879	2800986
C	104	3	7	16	23	28	34	38
C	104	1	16642	70365	142844	315289	1092948	2781130
C	105	3	7	16	23	28	34	38
C	105	1	16290	70332	145032	315300	1063592	2755210
C	106	3	7	16	23	28	34	38
C	106	1	15353	66170	130167	293016	1004539	2680414
C	107	3	7	16	23	28	34	38
C	107	1	15682	67851	133922	301151	1039674	2857848
C	108	3	7	16	23	28	34	38
C	108	1	15856	67137	130667	295639	1003166	2740516
C	109	3	7	16	23	28	34	38
C	109	1	16935	71475	144447	324270	1108385	3033634
C	110	3	7	16	23	28	34	38
C	110	1	15707	68493	137880	303943	1029103	2803761
C	111	3	7	16	23	28	34	38
C	111	1	15645	67705	138383	306312	1036478	2797550
C	112	3	7	16	23	28	34	38
C	112	1	16657	70305	140743	308547	1027405	2785709
C	113	3	7	16	23	28	34	38
C	113	1	15839	68482	139613	303600	1007697	2682652
C	114	3	7	16	23	28	34	38
C	114	1	16129	70424	142086	313244	1056262	2823298
C	115	3	7	16	23	28	34	38
C	115	1	15366	67699	137748	308014	1049014	2825082
C	116	3	7	16	23	28	34	38
C	116	1	15389	67654	133445	300811	1027425	2744819
C	117	3	7	16	23	28	34	38
C	117	1	16538	73049	144459	321852	1094399	2930445
C	118	3	7	16	23	28	34	38
C	118	1	15961	70346	139186	309159	1045387	2780850
C	119	3	7	16	23	28	34	38
C	119	1	15584	69540	139920	308431	1041164	2740592
C	120	3	7	16	23	28	34	38
C	120	1	15392	70170	140514	312281	1074076	2752246
C	121	3	7	16	23	28	34	38
C	121	1	16593	72900	148613	321305	1049537	2711206
C	122	3	7	16	23	28	34	38
C	122	1	16341	73166	149435	328564	1098176	2865018
C	123	3	7	16	23	28	34	38
C	123	1	15175	68105	136572	297380	1012380	2636239
C	124	3	7	16	23	28	34	38
C	124	1	15345	68696	134281	303537	1060444	2786935
C	125	3	7	16	23	28	34	38
C	125	1	15540	69787	131636	304205	1087571	2877687
C	126	3	7	16	23	28	34	38
C	126	1	15893	72646	139600	320534	1121511	2872501
C	127	3	7	16	23	28	34	38
C	127	1	14224	64795	126267	285836	991672	2568265
C	128	3	7	16	23	28	34	38
C	128	1	14982	67914	131956	301549	1065311	2753843
C	129	3	7	16	23	28	34	38
C	129	1	14505	66513	131685	297030	1047711	2706215
C	130	3	7	16	23	28	34	38
C	130	1	15184	69415	140293	312522	1079183	2688598
C	131	3	7	16	23	28	34	38
C	131	1	13944	66211	131643	296871	1043720	2649865
C	132	3	7	16	23	28	34	38
C	132	1	13913	65270	131885	299235	1052520	2705283
C	133	3	7	16	23	28	34	38
C	133	1	13446	65771	130826	303225	1070481	2707459
C	134	3	7	16	23	28	34	38
C	134	1	13146	63164	125675	296521	1075291	2679178
C	135	3	7	16	23	28	34	38
C	135	1	13250	64843	128637	304646	1100763	2780784
C	136	3	7	16	23	28	34	38
C	136	1	12681	62039	125126	290115	1081872	2678557
C	137	3	7	16	23	28	34	38
C	137	1	12303	60590	124678	287141	1045409	2613597
C	138	3	7	16	23	28	34	38
C	138	1	11396	57905	118061	276002	1009438	2513837
C	139	3	7	16	23	28	34	38
C	139	1	11571	59462	118154	290824	1103726	2732773
C	140	3	7	16	23	28	34	38
C	140	1	10490	56153	115314	275611	1032336	2562125
C	141	3	7	16	23	28	34	38
C	141	1	10469	55731	114232	278955	1061519	2661443
C	142	3	7	16	23	28	34	38
C	142	1	9343	53007	114027	272729	1021329	2551821
C	143	3	7	16	23	28	34	38
C	143	1	8637	51749	115045	277229	1062333	2617194
C	144	3	7	16	23	28	34	38
C	144	1	7699	50165	118014	285362	1085961	2637040
C	145	3	7	16	23	28	34	38
C	145	1	5834	44929	106526	262291	1056811	2607111
C	146	3	7	16	23	28	34	38
C	146	1	3723	41004	104898	266623	1061730	2606691
C	147	3	7	16	23	28	34	38
C	147	1	1594	35347	87607	240927	1008998	2523562
C	148	3	7	16	23	28	34	38
C	148	1	26	33138	84932	238503	1020949	2498671
C	149	3	16	23	28	34	38
C	149	1	72698	157448	399222	1522568	2545259
N	0	3
N	0	1983
N	1	3
N	1	1835
N	2	3
N	2	2454
N	3	3
N	3	2417
N	4	3
N	4	2599
N	5	3
N	5	4403
N	6	3
N	6	4700
N	7	3
N	7	5323
N	8	3
N	8	8008
N	9	3
N	9	7993
N	10	3
N	10	7742
N	11	3
N	11	6704
N	12	3
N	12	5799
N	13	3
N	13	5263
N	14	3
N	14	3389
N	15	3
N	15	3783
N	16	3
N	16	3283
N	17	3
N	17	3834
N	18	3
N	18	3090
N	19	3
N	19	3243
N	20	3
N	20	2914
N	21	3
N	21	2759
N	22	3
N	22	3065
N	23	3
N	23	2682
N	24	3
N	24	2455
N	25	3
N	25	2493
N	26	3
N	26	2113
N	27	3
N	27	2322
N	28	3
N	28	2815
N	29	3
N	29	3400
N	30	3
N	30	4269
N	31	3
N	31	4119
N	32	3
N	32	4447
N	33	3
N	33	6789
N	34	3
N	34	7427
N	35	3
N	35	7329
N	36	3
N	36	5697
N	37	3
N	37	5170
N	38	3
N	38	5310
N	39	3
N	39	3953
N	40	3
N	40	3332
N	41	3
N	41	2816
N	42	3
N	42	3574
N	43	3
N	43	2930
N	44	3
N	44	3135
N	45	3
N	45	2742
N	46	3
N	46	2390
N	47	3
N	47	3010
N	48	3
N	48	2670
N	49	3
N	49	2353
N	50	3
N	50	2426
N	51	3
N	51	2050
N	52	3
N	52	1622
N	53	3
N	53	1418
N	54	3
N	54	1463
N	55	3
N	55	1538
N	56	3
N	56	1582
N	57	3
N	57	1344
N	58	3
N	58	1899
N	59	3
N	59	2683
N	60	3
N	60	2524
N	61	3
N	61	2113
N	62	3
N	62	1425
N	63	3
N	63	1444
N	64	3
N	64	1760
N	65	3
N	65	1508
N	66	3
N	66	1997
N	67	3
N	67	2782
N	68	3
N	68	2013
N	69	3
N	69	1758
N	70	3
N	70	2116
N	71	3
N	71	1679
N	72	3
N	72	2438
N	73	3
N	73	1387
N	74	3
N	74	1295
N	75	3
N	75	1027
N	76	3
N	76	1472
N	77	3
N	77	906
N	78	3
N	78	1306
N	79	3
N	79	1433
N	80	3
N	80	1024
N	81	3
N	81	973
N	82	3
N	82	897
N	83	3
N	83	1674
N	84	3
N	84	1821
N	85	3
N	85	1952
N	86	3
N	86	1201
N	87	3
N	87	959
N	88	3
N	88	1320
N	89	3
N	89	1314
N	90	3
N	90	1310
N	91	3
N	91	1052
N	92	3
N	92	1051
N	93	3
N	93	1206
N	94	3
N	94	1488
N	95	3
N	95	2513
N	96	3
N	96	3449
N	97	3
N	97	3356
N	98	3
N	98	3198
N	99	3
N	99	3409
N	100	3
N	100	5687
N	101	3
N	101	5257
N	102	3
N	102	4775
N	103	3
N	103	3702
N	104	3
N	104	5000
N	105	3
N	105	4683
N	106	3
N	106	3522
N	107	3
N	107	4631
N	108	3
N	108	4636
N	109	3
N	109	3598
N	110	3
N	110	4656
N	111	3
N	111	5635
N	112	3
N	112	6343
N	113	3
N	113	7101
N	114	3
N	114	6552
N	115	3
N	115	7060
N	116	3
N	116	5766
N	117	3
N	117	7332
N	118	3
N	118	6330
N	119	3
N	119	6411
N	120	3
N	120	6489
N	121	3
N	121	7836
N	122	3
N	122	7097
N	123	3
N	123	7271
N	124	3
N	124	8511
N	125	3
N	125	7033
N	126	3
N	126	4959
N	127	3
N	127	5933
N	128	3
N	128	7488
N	129	3
N	129	7041
N	130	3
N	130	6782
N	131	3
N	131	7065
N	132	3
N	132	6690
N	133	3
N	133	6589
N	134	3
N	134	7164
N	135	3
N	135	7568
N	136	3
N	136	8424
N	137	3
N	137	7379
N	138	3
N	138	8420
N	139	3
N	139	8978
N	140	3
N	140	9271
N	141	3
N	141	9049
N	142	3
N	142	9380
N	143	3
N	143	9028
N	144	3
N	144	10488
N	145	3
N	145	10481
N	146	3
N	146	9319
N	147	3
N	147	10276
N	148	3
N	148	9487
N	149	3
N	149	9448
