.	0	3	7	16	23	28	34
.	0	1	6134	269306	321383	1482181	12236037
.	1	3	7	16	23	28	34
.	1	1	5720	171168	233466	1013616	12245252
.	2	3	7	16	23	28	34
.	2	1	11926	1023419	1295584	2581947	12244323
.	3	3	7	16	23	28	34	38
.	3	1	10386	880178	955899	1678983	3203412	12242027
.	4	3	7	16	23	28	34	38
.	4	1	3999	257500	286315	710487	2109736	12239444
.	5	3	7	16	23	28	34	38
.	5	1	22204	195631	246300	531635	1572896	12221073
.	6	3	7	16	23	28	34	38
.	6	1	22342	197429	241129	503334	1402786	12219192
.	7	3	7	16	23	28	34	38
.	7	1	22800	189447	233405	484319	1315912	12212216
.	8	3	7	16	23	28	34	38
.	8	1	21182	178964	221804	456380	1228904	12210884
.	9	3	7	16	23	28	34	38
.	9	1	20682	171957	215181	448409	1200271	12207921
.	10	3	7	16	23	28	34	38
.	10	1	20063	167522	211056	442323	1184657	12203972
.	11	3	7	16	23	28	34	38
.	11	1	20809	169927	215139	450483	1200628	12200773
.	12	3	7	16	23	28	34	38
.	12	1	25165	185244	236961	490246	1286618	12196582
.	13	3	7	16	23	28	34	38	41
.	13	1	24706	187529	240012	495217	1255946	3988508	12193604
.	14	3	7	16	23	28	34	38	41
.	14	1	23704	184177	236901	489584	1249230	3990998	12190020
.	15	3	7	16	23	28	34	38	41
.	15	1	23147	182013	235085	484912	1244690	3999595	12186527
.	16	3	7	16	23	28	34	38	41
.	16	1	25042	184181	239505	490291	1259565	4036635	12182912
.	17	3	7	16	23	28	34	38	41
.	17	1	24821	185065	243243	496227	1270095	4074369	12179170
.	18	3	7	16	23	28	34	38	41
.	18	1	25785	183641	244065	494998	1268974	3970241	12175302
.	19	3	7	16	23	28	34	38	41
.	19	1	26885	185420	248258	498721	1275911	3997026	12171656
.	20	3	7	16	23	28	34	38	41
.	20	1	28379	185997	252261	503409	1291543	4044735	12167831
.	21	3	7	16	23	28	34	38	41
.	21	1	29919	181630	251816	499566	1287488	4074393	12163974
.	22	3	7	16	23	28	34	38	41
.	22	1	31741	180320	254962	500054	1290982	4119978	12160100
.	23	3	7	16	23	28	34	38	41
.	23	1	33459	179265	258222	501989	1298213	4126987	12156065
.	24	3	7	16	23	28	34	38	41
.	24	1	36767	181939	266558	510978	1317552	4178815	12151843
.	25	3	7	16	23	28	34	38	41
.	25	1	39418	183313	270778	511694	1318790	4194246	12147631
.	26	3	7	16	23	28	34	38	41
.	26	1	42825	186288	281444	524274	1345986	4240088	12143199
.	27	3	7	16	23	28	34	38	41
.	27	1	44549	182548	281992	523670	1357538	4288709	12138673
.	28	3	7	16	23	28	34	38	41
.	28	1	48779	182512	289911	526192	1366669	4365625	12133818
.	29	3	7	16	23	28	34	38	41
.	29	1	52359	182455	293188	530491	1377030	4398090	12128719
.	30	3	7	16	23	28	34	38	41
.	30	1	55676	181996	297073	538680	1398591	4438837	12123635
.	31	3	7	16	23	28	34	38	41
.	31	1	58457	180885	298474	542346	1412414	4494135	12118594
.	32	3	7	16	23	28	34	38	41
.	32	1	62712	182294	304549	552025	1434443	4541710	12113292
.	33	3	7	16	23	28	34	38	41
.	33	1	63725	181039	306332	559397	1462303	4606077	12107892
.	34	3	7	16	23	28	34	38	41
.	34	1	68355	183438	312869	569320	1480431	4648513	12102541
.	35	3	7	16	23	28	34	38	41
.	35	1	69048	182610	316319	576652	1502609	4725142	12097055
.	36	3	7	16	23	28	34	38	41
.	36	1	69889	182318	321106	583172	1525232	4782922	12091872
.	37	3	7	16	23	28	34	38	41
.	37	1	69269	182651	325293	591962	1552107	4874336	12086644
.	38	3	7	16	23	28	34	38	41
.	38	1	72983	190156	341565	619001	1601986	5083426	12081315
.	39	3	7	16	23	28	34	38	41
.	39	1	68778	183574	338773	617166	1610051	5152099	12075938
.	40	3	7	16	23	28	34	38	41
.	40	1	70739	186917	346306	634171	1662621	5309417	12070772
.	41	3	7	16	23	28	34	38	41
.	41	1	71968	192353	361338	659354	1725575	5495998	12065514
.	42	3	7	16	23	28	34	38	41
.	42	1	72175	196622	372990	676654	1770766	5610814	12060276
.	43	3	7	16	23	28	34	38	41
.	43	1	68145	189186	369061	676654	1784141	5687488	12055322
.	44	3	7	16	23	28	34	38	41
.	44	1	69186	184960	372129	689380	1827450	5801447	12050463
.	45	3	7	16	23	28	34	38	41
.	45	1	68351	182724	374790	696765	1852800	5928868	12045515
.	46	3	7	16	23	28	34	38	41
.	46	1	69509	185919	384386	720804	1915255	6133134	12040614
.	47	3	7	16	23	28	34	38	41
.	47	1	67913	183986	390402	729891	1953814	6263183	12035582
.	48	3	7	16	23	28	34	38	41
.	48	1	70119	188899	396870	754763	2037558	6408183	12030642
.	49	3	7	16	23	28	34	38	41
.	49	1	68040	187489	399073	761154	2067327	6518926	12025483
.	50	3	7	16	23	28	34	38	41
.	50	1	69371	191321	413365	784199	2139277	6677241	12020475
.	51	3	7	16	23	28	34	38	41
.	51	1	68567	188472	413359	794845	2177506	6837365	12015506
.	52	3	7	16	23	28	34	38	41
.	52	1	68658	193224	427797	822981	2266508	7063038	12010582
.	53	3	7	16	23	28	34	38	41
.	53	1	71884	198343	441048	848472	2343405	7272775	12005694
.	54	3	7	16	23	28	34	38	41
.	54	1	72416	200962	425548	875001	2410613	7490768	12000728
.	55	3	7	16	23	28	34	38	41
.	55	1	73805	205658	436658	905817	2513551	7666339	11995795
.	56	3	7	16	23	28	34	38	41
.	56	1	73487	207256	440587	920627	2586384	7895881	11991074
.	57	3	7	16	23	28	34	38	41
.	57	1	72132	204665	437399	925691	2618291	8086602	11986216
.	58	3	7	16	23	28	34	38	41
.	58	1	73029	207378	422588	945499	2684652	8263841	11981576
.	59	3	7	16	23	28	34	38	41
.	59	1	74600	210883	431784	973406	2785970	8459405	11976820
.	60	3	7	16	23	28	34	38	41
.	60	1	74046	212120	438690	989921	2836093	8681124	11972086
.	61	3	7	16	23	28	34	38	41
.	61	1	78673	220502	452686	1017307	2913338	8871143	11967571
.	62	3	7	16	23	28	34	38	41
.	62	1	77576	223294	460926	1039999	3008619	9052667	11963129
.	63	3	7	16	23	28	34	38	41
.	63	1	76534	225839	470197	1068308	3114089	9266272	11958689
.	64	3	7	16	23	28	34	38	41
.	64	1	76201	225007	474220	1084244	3194120	9424788	11954451
.	65	3	7	16	23	28	34	38	41
.	65	1	76119	227869	477913	1093439	3263393	9598940	11950123
.	66	3	7	16	23	28	34	38	41
.	66	1	75733	227580	477750	1109113	3359953	9802562	11945835
.	67	3	7	16	23	28	34	38	41
.	67	1	76682	229548	478263	1116106	3422183	10015659	11941377
.	68	3	7	16	23	28	34	38	41
.	68	1	77836	234340	489558	1141927	3519839	10207021	11936559
.	69	3	7	16	23	28	34	38	41
.	69	1	79137	239676	496717	1159338	3613930	10385540	11931602
.	70	3	7	16	23	28	34	38	41
.	70	1	79124	241043	501842	1175021	3695210	10551706	11926351
.	71	3	7	16	23	28	34	38	41
.	71	1	78765	242571	506118	1186184	3759362	10682195	11919942
.	72	3	7	16	23	28	34	38	41
.	72	1	82750	254712	534502	1244839	3940708	10805769	11908230
.	73	3	7	16	23	28	34	38	41
.	73	1	86810	262402	543618	1259436	4002711	10909134	11893739
.	74	3	7	16	23	28	34	38	41
.	74	1	88860	271533	562460	1298213	4109055	11008547	11889259
.	75	3	7	16	23	28	34	38	41
.	75	1	91732	282975	597929	1356929	4241890	11111540	11885518
.	76	3	7	16	23	28	34	38	41
.	76	1	88219	276468	578513	1342350	4339764	11231261	11882064
.	77	3	7	16	23	28	34	38	41
.	77	1	88804	279253	577010	1344944	4395197	11459721	11878782
.	78	3	7	16	23	28	34	38	41
.	78	1	76204	248809	522976	1233637	4139452	11561718	11875604
.	79	3	7	16	23	28	34	38	41
.	79	1	74364	248623	519363	1217899	4074479	11695135	11872582
.	80	3	7	16	23	28	34	38	41
.	80	1	75991	254088	528669	1232810	4112583	11741305	11869483
.	81	3	7	16	23	28	34	38	41
.	81	1	77419	258714	535708	1232937	4120753	11773975	11866465
.	82	3	7	16	23	28	34	38	41
.	82	1	78897	266377	547091	1251937	4157325	11797872	11863472
.	83	3	7	16	23	28	34	38	41
.	83	1	78412	269241	551836	1272666	4242018	11815315	11860491
.	84	3	7	16	23	28	34	38	41
.	84	1	81314	275749	561722	1285172	4293029	11827178	11857649
.	85	3	7	16	23	28	34	38	41
.	85	1	67526	241421	502606	1182480	4125274	11834460	11854757
.	86	3	7	16	23	28	34	38	41
.	86	1	66813	238696	490805	1149007	4007350	11838539	11852135
.	87	3	7	16	23	28	34	38	41
.	87	1	63400	233788	479599	1130098	3956220	11840516	11849355
.	88	3	7	16	23	28	34	38	41
.	88	1	65282	238467	484576	1130133	3948218	11840826	11846462
.	89	3	7	16	23	28	34	38	41
.	89	1	65095	241412	492647	1150819	3997956	11839875	11843458
.	90	3	7	16	23	28	34	38	41
.	90	1	65306	241572	487765	1154106	4035942	11838294	11840498
.	91	3	7	16	23	28	34	38	41
.	91	1	66270	247116	496937	1166124	4054264	11836164	11837540
.	92	3	7	16	23	28	34	38	41
.	92	1	66229	248751	495224	1164745	4069131	11833695	11834537
.	93	3	7	16	23	28	34	38	41
.	93	1	66419	251999	499203	1165012	4096116	11831145	11831626
.	94	3	7	16	23	28	34	38	41
.	94	1	68123	257952	505799	1181936	4117618	11828378	11828689
.	95	3	7	16	23	28	34	38	41
.	95	1	66734	258337	502803	1173696	4107321	11825335	11825538
.	96	3	7	16	23	28	34	38	41
.	96	1	66162	258552	504417	1174627	4112835	11822474	11822606
.	97	3	7	16	23	28	34	38	41
.	97	1	65751	258678	509522	1179597	4156297	11819512	11819592
.	98	3	7	16	23	28	34	38	41
.	98	1	69003	268739	520698	1196715	4195290	11816491	11816531
.	99	3	7	16	23	28	34	38	41
.	99	1	64500	260537	506856	1176350	4150566	11813400	11813420
.	100	3	7	16	23	28	34	38	41
.	100	1	67090	267418	516077	1185849	4174509	11810131	11810139
.	101	3	7	16	23	28	34	38
.	101	1	76932	375313	791450	1996083	7648857	11806563
.	102	3	7	16	23	28	34	38
.	102	1	71904	313265	633793	1515500	6042503	11804623
.	103	3	7	16	23	28	34	38
.	103	1	72424	294860	577666	1330972	4847203	11802484
.	104	3	7	16	23	28	34	38
.	104	1	69884	282424	549058	1244631	4403868	11800030
.	105	3	7	16	23	28	34	38
.	105	1	68204	279232	534841	1205816	4261359	11797329
.	106	3	7	16	23	28	34	38
.	106	1	63697	270501	519283	1180821	4187595	11794434
.	107	3	7	16	23	28	34	38
.	107	1	62105	265026	509429	1167489	4102172	11791423
.	108	3	7	16	23	28	34	38
.	108	1	62730	266357	512554	1172578	4104165	11788328
.	109	3	7	16	23	28	34	38
.	109	1	62549	268060	512756	1177716	4132174	11785140
.	110	3	7	16	23	28	34	38
.	110	1	59937	261417	501777	1157603	4103261	11781808
.	111	3	7	16	23	28	34	38
.	111	1	60647	264489	511303	1168768	4131141	11778463
.	112	3	7	16	23	28	34	38
.	112	1	61976	267408	516988	1179828	4156501	11775047
.	113	3	7	16	23	28	34	38
.	113	1	62674	271527	518907	1185675	4190424	11771566
.	114	3	7	16	23	28	34	38
.	114	1	66051	283896	531908	1200112	4174813	11767896
.	115	3	7	16	23	28	34	38
.	115	1	63371	283496	528190	1193311	4188612	11764302
.	116	3	7	16	23	28	34	38
.	116	1	61322	277983	521179	1185925	4169058	11760468
.	117	3	7	16	23	28	34	38
.	117	1	60055	275747	520070	1186491	4169308	11756667
.	118	3	7	16	23	28	34	38
.	118	1	62309	283649	541413	1219483	4219263	11752554
.	119	3	7	16	23	28	34	38
.	119	1	63447	282797	538559	1213957	4252957	11748357
.	120	3	7	16	23	28	34	38
.	120	1	62670	281460	543302	1224138	4240642	11744273
.	121	3	7	16	23	28	34	38
.	121	1	59628	270637	528740	1201770	4226538	11740002
.	122	3	7	16	23	28	34	38
.	122	1	59128	267497	522880	1189172	4222484	11735459
.	123	3	7	16	23	28	34	38
.	123	1	56789	262802	506505	1166898	4209685	11730841
.	124	3	7	16	23	28	34	38
.	124	1	59260	273194	515356	1195941	4271086	11725968
.	125	3	7	16	23	28	34	38
.	125	1	55575	262402	507643	1173571	4257239	11720780
.	126	3	7	16	23	28	34	38
.	126	1	57046	264212	509630	1181844	4247357	11715520
.	127	3	7	16	23	28	34	38
.	127	1	55633	262033	511100	1176211	4251621	11710017
.	128	3	7	16	23	28	34	38
.	128	1	53210	252689	499612	1161121	4232583	11704202
.	129	3	7	16	23	28	34	38
.	129	1	53631	253548	499930	1164500	4230180	11698104
.	130	3	7	16	23	28	34	38
.	130	1	53155	256641	503313	1168713	4285467	11691310
.	131	3	7	16	23	28	34	38
.	131	1	51724	251886	492036	1161213	4250135	11684262
.	132	3	7	16	23	28	34	38
.	132	1	51406	251252	487617	1156077	4251818	11677022
.	133	3	7	16	23	28	34	38
.	133	1	50128	246112	480420	1142701	4242858	11669101
.	134	3	7	16	23	28	34	38
.	134	1	50374	245506	477312	1138081	4262641	11660462
.	135	3	7	16	23	28	34	38
.	135	1	47739	241721	471350	1130120	4259473	11651392
.	136	3	7	16	23	28	34	38
.	136	1	52508	250785	483102	1144579	4286242	11641406
.	137	3	7	16	23	28	34	38
.	137	1	47305	244149	474648	1135208	4279126	11630269
.	138	3	7	16	23	28	34	38
.	138	1	45540	237430	465086	1133391	4283294	11618181
.	139	3	7	16	23	28	34	38
.	139	1	44468	233241	460345	1128057	4275500	11604347
.	140	3	7	16	23	28	34	38
.	140	1	41965	224052	454539	1111334	4258574	11589796
.	141	3	7	16	23	28	34	38
.	141	1	38917	215777	444844	1100121	4248518	11573018
.	142	3	7	16	23	28	34	38
.	142	1	37642	212463	442619	1094714	4257120	11554025
.	143	3	7	16	23	28	34	38
.	143	1	35218	207024	442609	1096533	4286976	11532457
.	144	3	7	16	23	28	34	38
.	144	1	29192	195810	429092	1077827	4278189	11508560
.	145	3	7	16	23	28	34	38
.	145	1	23835	186172	415681	1061924	4283889	11481204
.	146	3	7	16	23	28	34	38
.	146	1	15493	168605	393209	1033662	4258884	11450768
.	147	3	7	16	23	28	34	38
.	147	1	6984	155171	373490	1013724	4259157	11417901
.	148	3	7	16	23	28	34	38
.	148	1	91	144756	368778	1004096	4277831	11385648
.	149	3	16	23	28	34	38
.	149	1	296085	646849	1660375	6264253	11348660
A	0	3	7	16	23	28	34
A	0	1	1001	37428	45375	206720	1709970
A	1	3	7	16	23	28	34
A	1	1	1168	31853	45788	196336	2524753
A	2	3	7	16	23	28	34
A	2	1	2339	167939	232556	508709	2898004
A	3	3	7	16	23	28	34	38
A	3	1	2696	194471	220636	416110	859776	3756003
A	4	3	7	16	23	28	34	38
A	4	1	1123	64193	71999	181900	552432	3387155
A	5	3	7	16	23	28	34	38
A	5	1	6213	61035	75883	165963	498651	4059892
A	6	3	7	16	23	28	34	38
A	6	1	4381	39764	48669	100366	269088	2334377
A	7	3	7	16	23	28	34	38
A	7	1	4735	42564	52350	107652	286783	2709339
A	8	3	7	16	23	28	34	38
A	8	1	4143	38939	48016	97972	257972	2604166
A	9	3	7	16	23	28	34	38
A	9	1	5407	50694	62754	132015	362149	3902115
A	10	3	7	16	23	28	34	38
A	10	1	4163	41159	51059	107151	286277	3028168
A	11	3	7	16	23	28	34	38
A	11	1	4006	37714	47191	98596	259465	2687042
A	12	3	7	16	23	28	34	38
A	12	1	5497	46765	59397	123932	324618	3200406
A	13	3	7	16	23	28	34	38	41
A	13	1	5226	46256	58191	121394	306000	977160	3095450
A	14	3	7	16	23	28	34	38	41
A	14	1	5739	46079	58716	121567	308121	978326	3086812
A	15	3	7	16	23	28	34	38	41
A	15	1	5263	44514	56568	116927	295947	942713	2979438
A	16	3	7	16	23	28	34	38	41
A	16	1	5650	46984	60134	124014	316285	1019183	3189489
A	17	3	7	16	23	28	34	38	41
A	17	1	5950	48083	62308	127695	323427	1036580	3211734
A	18	3	7	16	23	28	34	38	41
A	18	1	5554	47086	61240	125231	319599	997106	3188279
A	19	3	7	16	23	28	34	38	41
A	19	1	6560	47423	62371	125387	317680	992728	3116687
A	20	3	7	16	23	28	34	38	41
A	20	1	6861	49325	65723	132554	339412	1066980	3329875
A	21	3	7	16	23	28	34	38	41
A	21	1	6850	45065	61700	122587	314572	995379	3075932
A	22	3	7	16	23	28	34	38	41
A	22	1	7224	44343	62143	121780	314643	1005980	3114013
A	23	3	7	16	23	28	34	38	41
A	23	1	7913	45755	64750	126768	325992	1033169	3195381
A	24	3	7	16	23	28	34	38	41
A	24	1	9023	47687	68629	132580	339153	1077409	3264502
A	25	3	7	16	23	28	34	38	41
A	25	1	9807	45618	66600	126207	322520	1020950	3027522
A	26	3	7	16	23	28	34	38	41
A	26	1	11129	47705	70951	132222	337537	1063569	3151318
A	27	3	7	16	23	28	34	38	41
A	27	1	11642	45943	70176	131580	341704	1089402	3186445
A	28	3	7	16	23	28	34	38	41
A	28	1	13414	49453	77860	141513	362453	1149583	3296631
A	29	3	7	16	23	28	34	38	41
A	29	1	13636	46289	73907	132701	343731	1120325	3102601
A	30	3	7	16	23	28	34	38	41
A	30	1	15047	47667	76794	139564	360344	1149532	3299208
A	31	3	7	16	23	28	34	38	41
A	31	1	15887	47143	76076	138272	360969	1158103	3264936
A	32	3	7	16	23	28	34	38	41
A	32	1	16087	44817	73297	133755	346591	1097859	3018313
A	33	3	7	16	23	28	34	38	41
A	33	1	16356	43077	71788	131425	343162	1080210	2945974
A	34	3	7	16	23	28	34	38	41
A	34	1	18949	48014	80318	147516	382001	1212715	3266806
A	35	3	7	16	23	28	34	38	41
A	35	1	17942	44363	75468	139008	364726	1152212	3031994
A	36	3	7	16	23	28	34	38	41
A	36	1	18010	44344	76952	141887	371655	1175174	3025305
A	37	3	7	16	23	28	34	38	41
A	37	1	17799	43766	76122	138826	363259	1137034	2923302
A	38	3	7	16	23	28	34	38	41
A	38	1	19483	47659	83548	154480	398435	1330133	3131660
A	39	3	7	16	23	28	34	38	41
A	39	1	18713	46412	82747	152018	404999	1281027	3178723
A	40	3	7	16	23	28	34	38	41
A	40	1	18878	45530	81591	151139	393261	1281766	2956544
A	41	3	7	16	23	28	34	38	41
A	41	1	18716	46097	83399	152353	391643	1238683	2974545
A	42	3	7	16	23	28	34	38	41
A	42	1	19448	49359	90123	164980	428557	1368497	3089163
A	43	3	7	16	23	28	34	38	41
A	43	1	18332	47085	88745	164034	427432	1399399	3062406
A	44	3	7	16	23	28	34	38	41
A	44	1	17930	45374	89046	170447	463555	1521454	3116664
A	45	3	7	16	23	28	34	38	41
A	45	1	18813	47527	92573	174548	470116	1516827	3174869
A	46	3	7	16	23	28	34	38	41
A	46	1	20233	50182	99175	185278	493476	1569387	3280175
A	47	3	7	16	23	28	34	38	41
A	47	1	18055	45834	92477	175384	469952	1499658	3054158
A	48	3	7	16	23	28	34	38	41
A	48	1	19004	49009	99092	188720	515630	1652100	3222354
A	49	3	7	16	23	28	34	38	41
A	49	1	18261	47874	96562	184872	512524	1646162	3207298
A	50	3	7	16	23	28	34	38	41
A	50	1	18182	46559	95447	185438	504697	1611697	3071994
A	51	3	7	16	23	28	34	38	41
A	51	1	17883	45957	95028	186559	512426	1684893	3023779
A	52	3	7	16	23	28	34	38	41
A	52	1	17735	46817	98563	191709	524116	1712545	3016659
A	53	3	7	16	23	28	34	38	41
A	53	1	18819	48438	102056	201246	561697	1810299	3046101
A	54	3	7	16	23	28	34	38	41
A	54	1	19501	50574	101638	211831	599041	1880566	3145813
A	55	3	7	16	23	28	34	38	41
A	55	1	18363	47363	94691	201972	568801	1779212	2979522
A	56	3	7	16	23	28	34	38	41
A	56	1	19222	50636	101646	216341	610911	1928234	3156780
A	57	3	7	16	23	28	34	38	41
A	57	1	18629	49002	99026	214370	607671	1876458	2974288
A	58	3	7	16	23	28	34	38	41
A	58	1	18263	48137	93459	213523	613026	1899579	2878734
A	59	3	7	16	23	28	34	38	41
A	59	1	19350	50903	97878	225430	644071	1986255	2911280
A	60	3	7	16	23	28	34	38	41
A	60	1	18280	49119	94969	220158	644528	1957437	2830190
A	61	3	7	16	23	28	34	38	41
A	61	1	20346	53401	102937	237688	697178	2187885	3032751
A	62	3	7	16	23	28	34	38	41
A	62	1	20854	55426	108549	245410	717421	2207646	3071687
A	63	3	7	16	23	28	34	38	41
A	63	1	21530	59837	119878	271480	790196	2389875	3240049
A	64	3	7	16	23	28	34	38	41
A	64	1	19501	53603	106320	251642	767589	2358163	3081713
A	65	3	7	16	23	28	34	38	41
A	65	1	19668	54417	107793	255090	782512	2394352	3025939
A	66	3	7	16	23	28	34	38	41
A	66	1	19384	54472	108620	259201	802098	2416864	3008934
A	67	3	7	16	23	28	34	38	41
A	67	1	20195	55797	109204	261473	823787	2467710	3031982
A	68	3	7	16	23	28	34	38	41
A	68	1	19848	56460	111509	268675	850341	2529342	3043070
A	69	3	7	16	23	28	34	38	41
A	69	1	20625	58895	118185	281463	892267	2623497	3100389
A	70	3	7	16	23	28	34	38	41
A	70	1	20948	60853	119192	285372	921761	2661970	3180576
A	71	3	7	16	23	28	34	38	41
A	71	1	21384	62280	123186	294828	964228	2767097	3199305
A	72	3	7	16	23	28	34	38	41
A	72	1	20915	60158	116730	273996	902906	2571108	2822439
A	73	3	7	16	23	28	34	38	41
A	73	1	24088	66155	125329	293588	959408	2724877	3022078
A	74	3	7	16	23	28	34	38	41
A	74	1	23413	67995	131982	312488	1047406	2892308	3138799
A	75	3	7	16	23	28	34	38	41
A	75	1	22430	65563	128436	304359	1020588	2795125	3026050
A	76	3	7	16	23	28	34	38	41
A	76	1	22869	68846	139944	323041	1042742	2759821	2912951
A	77	3	7	16	23	28	34	38	41
A	77	1	23015	69381	135892	319319	1099342	2932327	3087123
A	78	3	7	16	23	28	34	38	41
A	78	1	19731	61296	122109	296994	1032756	3092548	3206521
A	79	3	7	16	23	28	34	38	41
A	79	1	18424	58545	115959	278431	966948	2844845	2903219
A	80	3	7	16	23	28	34	38	41
A	80	1	19040	59722	119555	285320	996403	2882743	2922440
A	81	3	7	16	23	28	34	38	41
A	81	1	19959	62641	124229	297203	1031185	3091531	3120151
A	82	3	7	16	23	28	34	38	41
A	82	1	20658	68460	136349	312115	1068719	3104302	3124608
A	83	3	7	16	23	28	34	38	41
A	83	1	20466	65877	126365	299698	1046672	3035905	3049842
A	84	3	7	16	23	28	34	38	41
A	84	1	21136	68626	132482	311174	1082534	3138656	3148246
A	85	3	7	16	23	28	34	38	41
A	85	1	17789	59901	113258	282124	1021393	3089123	3095993
A	86	3	7	16	23	28	34	38	41
A	86	1	18948	64118	127302	304335	1099250	3323177	3327761
A	87	3	7	16	23	28	34	38	41
A	87	1	16354	56898	111277	270316	973671	2993395	2996342
A	88	3	7	16	23	28	34	38	41
A	88	1	17306	59019	114270	276183	989063	3031250	3033173
A	89	3	7	16	23	28	34	38	41
A	89	1	17111	59940	113654	276178	998360	3053451	3054649
A	90	3	7	16	23	28	34	38	41
A	90	1	17393	60537	116046	283079	1028820	3107464	3108268
A	91	3	7	16	23	28	34	38	41
A	91	1	16991	60702	113969	275555	999605	2991361	2991878
A	92	3	7	16	23	28	34	38	41
A	92	1	17217	61078	116105	283591	1019130	3053420	3053749
A	93	3	7	16	23	28	34	38	41
A	93	1	18191	64976	126109	297565	1060335	3076781	3076963
A	94	3	7	16	23	28	34	38	41
A	94	1	18018	63955	117698	285223	1031526	3042884	3043006
A	95	3	7	16	23	28	34	38	41
A	95	1	17338	62737	116057	277805	1003499	2947061	2947141
A	96	3	7	16	23	28	34	38	41
A	96	1	17024	62226	114557	274333	995404	2892797	2892848
A	97	3	7	16	23	28	34	38	41
A	97	1	17583	66185	126749	298110	1093985	3171799	3171829
A	98	3	7	16	23	28	34	38	41
A	98	1	17026	62668	115102	271966	982924	2864444	2864463
A	99	3	7	16	23	28	34	38	41
A	99	1	16928	64332	118371	285521	1044023	3045135	3045143
A	100	3	7	16	23	28	34	38	41
A	100	1	17075	65171	117077	276952	1020451	2942398	2942401
A	101	3	7	16	23	28	34	38
A	101	1	18465	89013	172149	443544	1802023	2966641
A	102	3	7	16	23	28	34	38
A	102	1	18083	76407	141797	357183	1500557	3015166
A	103	3	7	16	23	28	34	38
A	103	1	18885	73940	141119	326428	1216714	2982763
A	104	3	7	16	23	28	34	38
A	104	1	17089	67103	122169	288059	1062744	2918863
A	105	3	7	16	23	28	34	38
A	105	1	17918	69185	126036	289888	1058315	2988862
A	106	3	7	16	23	28	34	38
A	106	1	15680	63411	114454	268281	987325	2889246
A	107	3	7	16	23	28	34	38
A	107	1	16289	66701	122352	294913	1077634	3171660
A	108	3	7	16	23	28	34	38
A	108	1	15432	63963	114417	274197	1014304	3052449
A	109	3	7	16	23	28	34	38
A	109	1	15633	63756	114123	273370	1010541	3006870
A	110	3	7	16	23	28	34	38
A	110	1	14543	61646	108861	264981	988976	2962473
A	111	3	7	16	23	28	34	38
A	111	1	15669	66591	119307	285093	1063691	3119436
A	112	3	7	16	23	28	34	38
A	112	1	15644	65124	120186	279402	1026445	2984071
A	113	3	7	16	23	28	34	38
A	113	1	16516	68612	124419	293173	1087351	3136177
A	114	3	7	16	23	28	34	38
A	114	1	16775	66463	118903	285666	1046189	3072663
A	115	3	7	16	23	28	34	38
A	115	1	16618	70532	125278	289344	1050712	3070531
A	116	3	7	16	23	28	34	38
A	116	1	14901	65858	115776	274195	1005004	2943028
A	117	3	7	16	23	28	34	38
A	117	1	14937	65618	116613	275321	1004900	2924442
A	118	3	7	16	23	28	34	38
A	118	1	15092	65282	115594	275277	1014306	2920741
A	119	3	7	16	23	28	34	38
A	119	1	15754	66757	117652	278042	1016932	2939323
A	120	3	7	16	23	28	34	38
A	120	1	16536	69712	130856	301236	1084860	3095309
A	121	3	7	16	23	28	34	38
A	121	1	14469	63189	114702	274609	1029847	2970483
A	122	3	7	16	23	28	34	38
A	122	1	15530	66698	129743	301124	1100514	3128532
A	123	3	7	16	23	28	34	38
A	123	1	14475	64275	116252	280559	1054138	3042208
A	124	3	7	16	23	28	34	38
A	124	1	14697	63768	116966	279336	1022585	2911769
A	125	3	7	16	23	28	34	38
A	125	1	14326	63650	119251	281741	1043686	2912097
A	126	3	7	16	23	28	34	38
A	126	1	14847	65393	121293	286180	1062140	3018759
A	127	3	7	16	23	28	34	38
A	127	1	14166	63034	117771	279563	1049746	2958058
A	128	3	7	16	23	28	34	38
A	128	1	14456	65447	127712	302937	1139452	3203284
A	129	3	7	16	23	28	34	38
A	129	1	13706	62103	115667	281898	1065166	3084563
A	130	3	7	16	23	28	34	38
A	130	1	13336	61805	112491	277701	1073895	3044945
A	131	3	7	16	23	28	34	38
A	131	1	13576	64457	120462	297809	1129262	3191068
A	132	3	7	16	23	28	34	38
A	132	1	12932	61195	110918	275751	1053336	3048628
A	133	3	7	16	23	28	34	38
A	133	1	12505	57780	109185	266194	1030697	2908281
A	134	3	7	16	23	28	34	38
A	134	1	12928	59641	108983	270683	1059293	2984108
A	135	3	7	16	23	28	34	38
A	135	1	12102	59273	107005	270326	1078525	3049096
A	136	3	7	16	23	28	34	38
A	136	1	12878	59095	108385	268262	1049023	2961015
A	137	3	7	16	23	28	34	38
A	137	1	12543	62783	112986	284757	1122980	3171183
A	138	3	7	16	23	28	34	38
A	138	1	11936	58751	109036	276308	1083685	3039941
A	139	3	7	16	23	28	34	38
A	139	1	11973	59189	111457	279535	1093579	3037335
A	140	3	7	16	23	28	34	38
A	140	1	10663	55114	106509	268760	1080478	3000940
A	141	3	7	16	23	28	34	38
A	141	1	10114	53302	105821	263960	1065259	2942529
A	142	3	7	16	23	28	34	38
A	142	1	9705	52286	102969	262221	1085073	3025956
A	143	3	7	16	23	28	34	38
A	143	1	9499	53389	110357	279573	1142362	3137901
A	144	3	7	16	23	28	34	38
A	144	1	7722	49936	99710	263585	1113219	3088055
A	145	3	7	16	23	28	34	38
A	145	1	6280	47214	99843	262227	1081652	2956486
A	146	3	7	16	23	28	34	38
A	146	1	4174	42300	92123	251207	1098986	3052914
A	147	3	7	16	23	28	34	38
A	147	1	1854	38789	86493	248185	1119825	3102834
A	148	3	7	16	23	28	34	38
A	148	1	28	36994	90905	255901	1138963	3110886
A	149	3	16	23	28	34	38
A	149	1	74819	159483	424774	1715784	3111091
T	0	3	7	16	23	28	34
T	0	1	985	33549	41424	193730	1479795
T	1	3	7	16	23	28	34
T	1	1	1742	74129	92190	426184	4869693
T	2	3	7	16	23	28	34
T	2	1	3729	490895	558095	961770	3105435
T	3	3	7	16	23	28	34	38
T	3	1	3049	350633	358385	562272	903016	2616690
T	4	3	7	16	23	28	34	38
T	4	1	821	72948	78703	193257	561392	3004628
T	5	3	7	16	23	28	34	38
T	5	1	3850	48773	57721	128810	389058	2805980
T	6	3	7	16	23	28	34	38
T	6	1	4609	68363	78615	172918	518172	4341572
T	7	3	7	16	23	28	34	38
T	7	1	4041	52290	60518	129908	371279	3218627
T	8	3	7	16	23	28	34	38
T	8	1	3866	52317	60845	130695	372971	3616697
T	9	3	7	16	23	28	34	38
T	9	1	3331	43485	50950	109654	302254	2893788
T	10	3	7	16	23	28	34	38
T	10	1	3103	39451	46238	99325	272511	2632630
T	11	3	7	16	23	28	34	38
T	11	1	3309	44704	52512	114315	321265	3132419
T	12	3	7	16	23	28	34	38
T	12	1	4892	52472	62682	134444	376952	3407930
T	13	3	7	16	23	28	34	38	41
T	13	1	4920	50603	61113	129957	350277	1164556	3211263
T	14	3	7	16	23	28	34	38	41
T	14	1	4017	49273	59509	127641	344108	1173657	3199305
T	15	3	7	16	23	28	34	38	41
T	15	1	3933	47371	57267	122681	333370	1137718	3146653
T	16	3	7	16	23	28	34	38	41
T	16	1	4986	49459	60458	126798	341942	1153993	3147683
T	17	3	7	16	23	28	34	38	41
T	17	1	4512	48804	60180	126949	344862	1175348	3173698
T	18	3	7	16	23	28	34	38	41
T	18	1	4690	47755	59888	125591	340156	1100938	3131000
T	19	3	7	16	23	28	34	38	41
T	19	1	4834	48347	61232	126863	342580	1112217	3122130
T	20	3	7	16	23	28	34	38	41
T	20	1	5730	48387	62311	126289	337676	1079960	2989022
T	21	3	7	16	23	28	34	38	41
T	21	1	5659	48155	63148	128873	349288	1135728	3170901
T	22	3	7	16	23	28	34	38	41
T	22	1	5951	47603	63404	128264	348044	1154850	3135630
T	23	3	7	16	23	28	34	38	41
T	23	1	6621	45553	62841	124020	336065	1101249	2977098
T	24	3	7	16	23	28	34	38	41
T	24	1	7586	47479	66283	129812	351930	1150800	3079910
T	25	3	7	16	23	28	34	38	41
T	25	1	8355	48380	69208	132199	357314	1165120	3181540
T	26	3	7	16	23	28	34	38	41
T	26	1	8782	48376	70341	132843	357824	1154320	3072589
T	27	3	7	16	23	28	34	38	41
T	27	1	9792	48587	72090	134749	364764	1173593	3103107
T	28	3	7	16	23	28	34	38	41
T	28	1	10507	47867	74204	133223	361440	1189810	3081597
T	29	3	7	16	23	28	34	38	41
T	29	1	11628	48877	76222	139510	377618	1214598	3245247
T	30	3	7	16	23	28	34	38	41
T	30	1	12714	47209	75101	136013	367729	1170042	3004642
T	31	3	7	16	23	28	34	38	41
T	31	1	13140	45996	74572	134798	365161	1149400	2937501
T	32	3	7	16	23	28	34	38	41
T	32	1	14873	48673	79320	142650	379150	1205748	3087244
T	33	3	7	16	23	28	34	38	41
T	33	1	15359	50572	83243	152002	408509	1297089	3273922
T	34	3	7	16	23	28	34	38	41
T	34	1	15861	47302	78726	141571	378436	1196083	2988411
T	35	3	7	16	23	28	34	38	41
T	35	1	17376	51542	87610	159378	424927	1348978	3351679
T	36	3	7	16	23	28	34	38	41
T	36	1	16811	48458	83945	151222	402684	1257943	3170348
T	37	3	7	16	23	28	34	38	41
T	37	1	17888	52446	91814	166007	446714	1412572	3426515
T	38	3	7	16	23	28	34	38	41
T	38	1	18562	53267	95704	171244	449068	1383647	3245251
T	39	3	7	16	23	28	34	38	41
T	39	1	16913	49548	91170	166739	433569	1377268	3181105
T	40	3	7	16	23	28	34	38	41
T	40	1	18036	51383	94133	171211	450291	1437603	3257102
T	41	3	7	16	23	28	34	38	41
T	41	1	18056	53534	98761	178879	472499	1474605	3249270
T	42	3	7	16	23	28	34	38	41
T	42	1	18827	56116	106473	189796	497291	1551739	3329914
T	43	3	7	16	23	28	34	38	41
T	43	1	17676	53389	103398	189054	496583	1569471	3384017
T	44	3	7	16	23	28	34	38	41
T	44	1	17251	51690	101868	182943	483076	1496763	3204922
T	45	3	7	16	23	28	34	38	41
T	45	1	16464	48896	99390	180906	482018	1530551	3087483
T	46	3	7	16	23	28	34	38	41
T	46	1	17383	50900	104157	194985	513484	1641101	3163323
T	47	3	7	16	23	28	34	38	41
T	47	1	17140	50627	108018	196475	518494	1616963	3118032
T	48	3	7	16	23	28	34	38	41
T	48	1	18471	54115	110686	208079	557021	1663115	3234818
T	49	3	7	16	23	28	34	38	41
T	49	1	17465	52371	109913	208163	541934	1672488	3086820
T	50	3	7	16	23	28	34	38	41
T	50	1	18560	55709	119995	220021	588026	1719150	3157464
T	51	3	7	16	23	28	34	38	41
T	51	1	17395	51432	111386	210841	562618	1689961	3116424
T	52	3	7	16	23	28	34	38	41
T	52	1	18428	57457	127345	241197	667326	1992978	3347897
T	53	3	7	16	23	28	34	38	41
T	53	1	19260	57326	128106	238581	643210	1868052	3150512
T	54	3	7	16	23	28	34	38	41
T	54	1	18166	54732	115690	238885	628411	1819459	3021339
T	55	3	7	16	23	28	34	38	41
T	55	1	19634	59971	126726	263715	707738	2027730	3193879
T	56	3	7	16	23	28	34	38	41
T	56	1	20423	62098	129262	273331	746619	2160189	3245812
T	57	3	7	16	23	28	34	38	41
T	57	1	17984	55099	114723	245985	666830	1981790	3050426
T	58	3	7	16	23	28	34	38	41
T	58	1	19901	61222	123504	269402	727049	2140067	3284490
T	59	3	7	16	23	28	34	38	41
T	59	1	18890	58650	119662	266576	724238	2074052	3006158
T	60	3	7	16	23	28	34	38	41
T	60	1	18994	58722	120425	267162	737695	2171914	3093390
T	61	3	7	16	23	28	34	38	41
T	61	1	19800	59091	119258	266104	715870	2060581	2907350
T	62	3	7	16	23	28	34	38	41
T	62	1	19550	61758	122664	279741	783559	2315770	3064173
T	63	3	7	16	23	28	34	38	41
T	63	1	19511	61278	122821	280587	788521	2288646	3015296
T	64	3	7	16	23	28	34	38	41
T	64	1	20664	65877	135380	304925	851547	2405674	3114259
T	65	3	7	16	23	28	34	38	41
T	65	1	19080	62136	126097	285523	802902	2307066	2949211
T	66	3	7	16	23	28	34	38	41
T	66	1	19615	63575	128263	298935	858943	2465090	3114564
T	67	3	7	16	23	28	34	38	41
T	67	1	19597	63294	125854	297254	867724	2520260	3024897
T	68	3	7	16	23	28	34	38	41
T	68	1	20144	65211	131504	306796	891648	2531739	2987838
T	69	3	7	16	23	28	34	38	41
T	69	1	20304	67054	131463	307471	897812	2536523	2975181
T	70	3	7	16	23	28	34	38	41
T	70	1	19870	65727	127648	304250	911107	2575434	2910391
T	71	3	7	16	23	28	34	38	41
T	71	1	19878	66748	129373	309693	929769	2605182	2955147
T	72	3	7	16	23	28	34	38	41
T	72	1	21562	71734	142175	338442	1026593	2814998	3203518
T	73	3	7	16	23	28	34	38	41
T	73	1	21414	71508	139138	332189	1017890	2799887	3101283
T	74	3	7	16	23	28	34	38	41
T	74	1	22195	73331	140580	329776	1003313	2703197	2938724
T	75	3	7	16	23	28	34	38	41
T	75	1	24941	83570	168471	378331	1118328	2906543	3112677
T	76	3	7	16	23	28	34	38	41
T	76	1	22972	77589	147553	357215	1092930	2851843	3120800
T	77	3	7	16	23	28	34	38	41
T	77	1	23032	78751	149040	365362	1134387	2898685	3008165
T	78	3	7	16	23	28	34	38	41
T	78	1	18631	67113	126640	310431	1011567	2822240	2922588
T	79	3	7	16	23	28	34	38	41
T	79	1	19525	71477	137959	340720	1103402	3127474	3185564
T	80	3	7	16	23	28	34	38	41
T	80	1	19297	71811	136773	336045	1095072	3075188	3119486
T	81	3	7	16	23	28	34	38	41
T	81	1	20427	77379	146477	343916	1113148	3088679	3121289
T	82	3	7	16	23	28	34	38	41
T	82	1	20207	74507	139418	335116	1075857	3026350	3050168
T	83	3	7	16	23	28	34	38	41
T	83	1	21090	79802	156184	372183	1192669	3210520	3227574
T	84	3	7	16	23	28	34	38	41
T	84	1	20068	76324	141334	338770	1093407	2976009	2987589
T	85	3	7	16	23	28	34	38	41
T	85	1	16510	66233	127591	316111	1090371	3100415	3108151
T	86	3	7	16	23	28	34	38	41
T	86	1	16434	65837	122230	305933	1067623	3128926	3134201
T	87	3	7	16	23	28	34	38	41
T	87	1	16268	67745	127437	319762	1114669	3295610	3299271
T	88	3	7	16	23	28	34	38	41
T	88	1	16503	69561	128590	317501	1103641	3275313	3277630
T	89	3	7	16	23	28	34	38	41
T	89	1	16129	67806	126472	315471	1083731	3179915	3181437
T	90	3	7	16	23	28	34	38	41
T	90	1	15589	65678	119138	302704	1043474	2983608	2984535
T	91	3	7	16	23	28	34	38	41
T	91	1	17597	73417	133679	345452	1194501	3450511	3451097
T	92	3	7	16	23	28	34	38	41
T	92	1	16466	70062	125410	317021	1099012	3141990	3142364
T	93	3	7	16	23	28	34	38	41
T	93	1	16239	70349	122838	310937	1091464	3059355	3059581
T	94	3	7	16	23	28	34	38	41
T	94	1	17169	74491	129867	332463	1148497	3212312	3212462
T	95	3	7	16	23	28	34	38	41
T	95	1	17149	76921	132771	337853	1177691	3333662	3333757
T	96	3	7	16	23	28	34	38	41
T	96	1	16412	74681	126511	323869	1119432	3201189	3201246
T	97	3	7	16	23	28	34	38	41
T	97	1	16112	74007	125396	319689	1128277	3122616	3122653
T	98	3	7	16	23	28	34	38	41
T	98	1	18026	81789	140180	354308	1260374	3433433	3433452
T	99	3	7	16	23	28	34	38	41
T	99	1	15897	74245	125325	318086	1121659	3126015	3126023
T	100	3	7	16	23	28	34	38	41
T	100	1	17517	79126	137997	339561	1180720	3218827	3218831
T	101	3	7	16	23	28	34	38
T	101	1	16280	94835	160699	486196	1993710	3103353
T	102	3	7	16	23	28	34	38
T	102	1	16371	82422	139719	376126	1558512	3058196
T	103	3	7	16	23	28	34	38
T	103	1	17607	83608	139808	356115	1332202	3196615
T	104	3	7	16	23	28	34	38
T	104	1	17036	80116	134956	327118	1168787	3058699
T	105	3	7	16	23	28	34	38
T	105	1	16118	79385	131648	321324	1164138	3170825
T	106	3	7	16	23	28	34	38
T	106	1	16742	83042	140243	344962	1255749	3396090
T	107	3	7	16	23	28	34	38
T	107	1	15074	75911	124287	306002	1081703	3024973
T	108	3	7	16	23	28	34	38
T	108	1	15399	76132	130724	313417	1084388	3005615
T	109	3	7	16	23	28	34	38
T	109	1	15198	78054	128953	314516	1099919	2999612
T	110	3	7	16	23	28	34	38
T	110	1	14668	74114	122054	303229	1081964	3001600
T	111	3	7	16	23	28	34	38
T	111	1	13820	71055	115204	283010	998172	2759856
T	112	3	7	16	23	28	34	38
T	112	1	14328	72557	119050	293031	1039195	2861832
T	113	3	7	16	23	28	34	38
T	113	1	15492	78813	127555	318155	1140936	3095679
T	114	3	7	16	23	28	34	38
T	114	1	16433	87567	134818	316168	1090787	2955815
T	115	3	7	16	23	28	34	38
T	115	1	15212	80609	126215	306373	1083455	2927609
T	116	3	7	16	23	28	34	38
T	116	1	14672	78151	122607	303726	1074463	2990445
T	117	3	7	16	23	28	34	38
T	117	1	14124	77219	120565	299092	1059149	2885014
T	118	3	7	16	23	28	34	38
T	118	1	15797	87565	145976	338884	1135079	3044878
T	119	3	7	16	23	28	34	38
T	119	1	15306	81939	134039	319352	1147300	3068662
T	120	3	7	16	23	28	34	38
T	120	1	15336	80468	133039	317972	1072459	2900469
T	121	3	7	16	23	28	34	38
T	121	1	15263	80382	133156	320025	1124041	3068217
T	122	3	7	16	23	28	34	38
T	122	1	14379	76568	124557	299225	1061317	2876603
T	123	3	7	16	23	28	34	38
T	123	1	13833	74299	117944	295914	1070845	2925492
T	124	3	7	16	23	28	34	38
T	124	1	15775	85437	132501	330093	1168493	3019138
T	125	3	7	16	23	28	34	38
T	125	1	13231	71693	115456	289287	1044799	2871889
T	126	3	7	16	23	28	34	38
T	126	1	13870	74100	119794	297149	1060415	2852290
T	127	3	7	16	23	28	34	38
T	127	1	14378	79124	130418	317114	1154424	3102282
T	128	3	7	16	23	28	34	38
T	128	1	12897	70603	114691	286434	1042263	2831817
T	129	3	7	16	23	28	34	38
T	129	1	13275	72270	116242	293445	1070789	2878901
T	130	3	7	16	23	28	34	38
T	130	1	13867	78713	130970	317310	1177850	3105885
T	131	3	7	16	23	28	34	38
T	131	1	13389	73436	117990	297896	1087893	2936615
T	132	3	7	16	23	28	34	38
T	132	1	13444	76350	123372	310555	1143860	2986955
T	133	3	7	16	23	28	34	38
T	133	1	12841	73241	118860	301043	1111982	3017133
T	134	3	7	16	23	28	34	38
T	134	1	12969	74272	119615	306306	1142634	3058572
T	135	3	7	16	23	28	34	38
T	135	1	11961	69119	114483	287168	1070820	2836377
T	136	3	7	16	23	28	34	38
T	136	1	13192	74233	120162	310002	1162457	3134267
T	137	3	7	16	23	28	34	38
T	137	1	12214	71163	117271	296247	1119960	3011659
T	138	3	7	16	23	28	34	38
T	138	1	11556	68992	110825	292075	1103800	2963417
T	139	3	7	16	23	28	34	38
T	139	1	11872	69710	113751	296099	1100409	2978030
T	140	3	7	16	23	28	34	38
T	140	1	10525	62869	104936	273599	1035266	2818993
T	141	3	7	16	23	28	34	38
T	141	1	10235	62965	104294	279653	1066624	2926705
T	142	3	7	16	23	28	34	38
T	142	1	10041	62943	105680	280760	1078284	2911897
T	143	3	7	16	23	28	34	38
T	143	1	9231	58965	99894	262205	1006499	2685028
T	144	3	7	16	23	28	34	38
T	144	1	7953	57096	100820	264581	1021728	2688387
T	145	3	7	16	23	28	34	38
T	145	1	7347	59971	106294	284344	1123185	2938744
T	146	3	7	16	23	28	34	38
T	146	1	4635	51006	95071	260842	1034753	2750496
T	147	3	7	16	23	28	34	38
T	147	1	2289	48859	93161	261891	1056163	2713826
T	148	3	7	16	23	28	34	38
T	148	1	10	42988	86358	248961	1030664	2726138
T	149	3	16	23	28	34	38
T	149	1	93680	159841	440872	1543988	2804028
G	0	3	7	16	23	28	34
G	0	1	1621	71623	86241	423111	3493263
G	1	3	7	16	23	28	34
G	1	1	1136	27926	41167	179104	2311541
G	2	3	7	16	23	28	34
G	2	1	2459	181718	247464	545969	2999421
G	3	3	7	16	23	28	34	38
G	3	1	2140	176550	199681	374593	791615	3254249
G	4	3	7	16	23	28	34	38
G	4	1	844	60958	68590	176124	546328	3252543
G	5	3	7	16	23	28	34	38
G	5	1	7253	44223	59786	124527	359355	2733209
G	6	3	7	16	23	28	34	38
G	6	1	7822	43600	56969	112789	299075	2580652
G	7	3	7	16	23	28	34	38
G	7	1	8022	45782	59782	120546	318984	2914286
G	8	3	7	16	23	28	34	38
G	8	1	7878	42927	56786	112659	294573	2860665
G	9	3	7	16	23	28	34	38
G	9	1	7677	41954	56439	113475	293029	2862679
G	10	3	7	16	23	28	34	38
G	10	1	7669	45056	60145	123466	328099	3337522
G	11	3	7	16	23	28	34	38
G	11	1	8316	44967	61065	123499	318111	3153683
G	12	3	7	16	23	28	34	38
G	12	1	9195	44306	60800	120636	299920	2720637
G	13	3	7	16	23	28	34	38	41
G	13	1	9204	48030	65727	130074	315554	965177	2935174
G	14	3	7	16	23	28	34	38	41
G	14	1	8898	48490	65782	130942	321904	987998	3047531
G	15	3	7	16	23	28	34	38	41
G	15	1	8788	47465	65582	129851	320589	989647	2992616
G	16	3	7	16	23	28	34	38	41
G	16	1	9247	47792	66217	131886	328329	1017730	3031871
G	17	3	7	16	23	28	34	38	41
G	17	1	8871	46574	65037	128775	317907	975103	2922295
G	18	3	7	16	23	28	34	38	41
G	18	1	9997	48014	68012	132900	326850	1004150	2997821
G	19	3	7	16	23	28	34	38	41
G	19	1	9265	48916	68592	134365	331953	1010586	3022541
G	20	3	7	16	23	28	34	38	41
G	20	1	9374	46530	66788	130267	322605	992211	2908990
G	21	3	7	16	23	28	34	38	41
G	21	1	10782	48485	70733	136495	338206	1049110	3018339
G	22	3	7	16	23	28	34	38	41
G	22	1	11162	47393	70631	134673	334146	1033036	2961930
G	23	3	7	16	23	28	34	38	41
G	23	1	11581	48207	72656	138403	346427	1076136	3077530
G	24	3	7	16	23	28	34	38	41
G	24	1	11434	45648	69837	130978	325820	1004802	2842414
G	25	3	7	16	23	28	34	38	41
G	25	1	12998	50620	76347	141872	352190	1096746	3118574
G	26	3	7	16	23	28	34	38	41
G	26	1	12952	46773	73201	133774	331544	1019262	2853978
G	27	3	7	16	23	28	34	38	41
G	27	1	13415	48139	77196	140354	351738	1090040	3033139
G	28	3	7	16	23	28	34	38	41
G	28	1	14089	47079	76235	138270	349612	1101072	2962662
G	29	3	7	16	23	28	34	38	41
G	29	1	15205	47683	78168	140375	351592	1100520	2919315
G	30	3	7	16	23	28	34	38	41
G	30	1	14727	45806	77304	139506	351912	1096617	2852964
G	31	3	7	16	23	28	34	38	41
G	31	1	16441	47175	79993	144789	365632	1165005	2972432
G	32	3	7	16	23	28	34	38	41
G	32	1	16817	46532	78926	142084	361099	1120690	2866284
G	33	3	7	16	23	28	34	38	41
G	33	1	17816	47531	83133	150308	381425	1185887	2977895
G	34	3	7	16	23	28	34	38	41
G	34	1	17984	46386	80745	145209	366584	1129796	2799294
G	35	3	7	16	23	28	34	38	41
G	35	1	18705	48591	86410	155756	393877	1216050	2958489
G	36	3	7	16	23	28	34	38	41
G	36	1	19316	49095	87522	157224	401900	1249243	2956648
G	37	3	7	16	23	28	34	38	41
G	37	1	18551	47967	87662	158342	403330	1244100	2947653
G	38	3	7	16	23	28	34	38	41
G	38	1	19123	48923	89089	158799	403399	1259824	2823390
G	39	3	7	16	23	28	34	38	41
G	39	1	18015	48311	91831	164728	419827	1354434	2952929
G	40	3	7	16	23	28	34	38	41
G	40	1	19247	51854	98268	178991	466516	1458781	3135158
G	41	3	7	16	23	28	34	38	41
G	41	1	18468	49229	95673	173541	446337	1421013	2936006
G	42	3	7	16	23	28	34	38	41
G	42	1	19245	52748	102059	183997	474974	1500161	2936307
G	43	3	7	16	23	28	34	38	41
G	43	1	17098	47464	93716	169079	439023	1371905	2718463
G	44	3	7	16	23	28	34	38	41
G	44	1	19679	50631	104229	189399	485472	1490943	3006581
G	45	3	7	16	23	28	34	38	41
G	45	1	17845	46755	101288	185010	478879	1482443	2867876
G	46	3	7	16	23	28	34	38	41
G	46	1	17680	47667	102885	191112	503152	1596297	2910797
G	47	3	7	16	23	28	34	38	41
G	47	1	18104	48858	107168	198811	530980	1678096	2980090
G	48	3	7	16	23	28	34	38	41
G	48	1	18512	48338	106376	199745	530418	1636243	2864847
G	49	3	7	16	23	28	34	38	41
G	49	1	17554	47292	105990	196898	531962	1631673	2813164
G	50	3	7	16	23	28	34	38	41
G	50	1	17874	48972	110417	205406	556765	1710592	2822232
G	51	3	7	16	23	28	34	38	41
G	51	1	18695	50719	116463	217935	584358	1791905	2979602
G	52	3	7	16	23	28	34	38	41
G	52	1	18820	51535	118672	223816	600985	1826194	2981115
G	53	3	7	16	23	28	34	38	41
G	53	1	18445	50560	116412	220434	597564	1828099	2869423
G	54	3	7	16	23	28	34	38	41
G	54	1	20115	55487	122605	241795	656823	2059032	3071625
G	55	3	7	16	23	28	34	38	41
G	55	1	19888	55052	122792	241957	652049	1959100	2946125
G	56	3	7	16	23	28	34	38	41
G	56	1	18256	51747	116989	231953	639198	1898966	2740414
G	57	3	7	16	23	28	34	38	41
G	57	1	19784	56612	128690	261487	734235	2271185	3053271
G	58	3	7	16	23	28	34	38	41
G	58	1	20027	56094	117274	259317	737264	2271730	3064197
G	59	3	7	16	23	28	34	38	41
G	59	1	20257	55833	119293	261562	733296	2191757	3040786
G	60	3	7	16	23	28	34	38	41
G	60	1	20530	58588	128174	281380	789714	2385205	3058855
G	61	3	7	16	23	28	34	38	41
G	61	1	21943	61864	134550	289255	812288	2382930	3142094
G	62	3	7	16	23	28	34	38	41
G	62	1	20949	59665	132136	285305	799477	2265346	2888974
G	63	3	7	16	23	28	34	38	41
G	63	1	19583	58088	128272	283174	810674	2299262	2842674
G	64	3	7	16	23	28	34	38	41
G	64	1	19898	57927	129368	284954	824243	2358515	2868342
G	65	3	7	16	23	28	34	38	41
G	65	1	20783	62331	139358	302169	885705	2402840	2916095
G	66	3	7	16	23	28	34	38	41
G	66	1	19590	57420	126682	281870	827546	2308184	2758991
G	67	3	7	16	23	28	34	38	41
G	67	1	20904	62123	141502	311961	915100	2522797	2972944
G	68	3	7	16	23	28	34	38	41
G	68	1	20731	61400	137043	304635	912474	2536395	2883383
G	69	3	7	16	23	28	34	38	41
G	69	1	20908	61524	136160	302329	913990	2480711	2804730
G	70	3	7	16	23	28	34	38	41
G	70	1	20906	61521	139214	310473	947710	2541625	2777319
G	71	3	7	16	23	28	34	38	41
G	71	1	20342	61072	138216	305104	926140	2496752	2699951
G	72	3	7	16	23	28	34	38	41
G	72	1	22477	68778	161334	355014	1055246	2669327	2900824
G	73	3	7	16	23	28	34	38	41
G	73	1	23260	68314	151795	330397	999672	2621764	2848766
G	74	3	7	16	23	28	34	38	41
G	74	1	25499	75313	174581	381094	1120260	2762295	3015710
G	75	3	7	16	23	28	34	38	41
G	75	1	23638	70110	157691	341771	1061624	2699721	2819979
G	76	3	7	16	23	28	34	38	41
G	76	1	23616	71060	166942	366834	1139356	2723982	2875964
G	77	3	7	16	23	28	34	38	41
G	77	1	23508	71029	163152	353232	1101835	2672484	2759476
G	78	3	7	16	23	28	34	38	41
G	78	1	21906	68212	161296	355793	1131836	2882877	2938099
G	79	3	7	16	23	28	34	38	41
G	79	1	21078	66746	154111	336359	1076199	2935526	2963813
G	80	3	7	16	23	28	34	38	41
G	80	1	21402	67880	156611	339508	1066133	2932158	2952236
G	81	3	7	16	23	28	34	38	41
G	81	1	20938	64865	148859	323497	1038417	2808460	2822744
G	82	3	7	16	23	28	34	38	41
G	82	1	20644	64691	144726	312917	1003497	2722159	2732081
G	83	3	7	16	23	28	34	38	41
G	83	1	21074	68795	154308	332454	1057875	2791040	2797558
G	84	3	7	16	23	28	34	38	41
G	84	1	22940	72335	164350	351389	1128540	2865090	2869363
G	85	3	7	16	23	28	34	38	41
G	85	1	18559	63008	147811	319771	1055366	2860709	2863385
G	86	3	7	16	23	28	34	38	41
G	86	1	17844	60421	138795	297343	971801	2716119	2717859
G	87	3	7	16	23	28	34	38	41
G	87	1	17013	58994	136552	293887	969489	2782463	2783497
G	88	3	7	16	23	28	34	38	41
G	88	1	17374	58978	133495	284947	938276	2655383	2656012
G	89	3	7	16	23	28	34	38	41
G	89	1	18491	64363	149027	317284	1039445	2903341	2903717
G	90	3	7	16	23	28	34	38	41
G	90	1	17741	61450	137665	299988	1001362	2822662	2822875
G	91	3	7	16	23	28	34	38	41
G	91	1	17841	61877	140157	294963	965615	2666073	2666223
G	92	3	7	16	23	28	34	38	41
G	92	1	18470	65258	146807	314263	1040046	2884710	2884790
G	93	3	7	16	23	28	34	38	41
G	93	1	18140	63925	143093	308540	1043495	2956853	2956881
G	94	3	7	16	23	28	34	38	41
G	94	1	18119	63830	141179	299574	994374	2762240	2762258
G	95	3	7	16	23	28	34	38	41
G	95	1	18109	64741	143172	303377	1009231	2783025	2783040
G	96	3	7	16	23	28	34	38	41
G	96	1	18516	66594	151634	317780	1048322	2889458	2889470
G	97	3	7	16	23	28	34	38	41
G	97	1	18375	65171	147078	309600	1019771	2792367	2792372
G	98	3	7	16	23	28	34	38	41
G	98	1	18919	66139	146493	301222	987776	2670817	2670819
G	99	3	7	16	23	28	34	38	41
G	99	1	17422	64287	144717	302890	999555	2738221	2738224
G	100	3	7	16	23	28	34	38
G	100	1	18083	65914	146131	306575	1018125	2766263
G	101	3	7	16	23	28	34	38
G	101	1	24225	100021	246572	542547	1834841	2868331
G	102	3	7	16	23	28	34	38
G	102	1	22101	85615	202090	424585	1511540	2880074
G	103	3	7	16	23	28	34	38
G	103	1	20583	74288	167407	347621	1157209	2728751
G	104	3	7	16	23	28	34	38
G	104	1	21037	74712	168337	349293	1141095	2941306
G	105	3	7	16	23	28	34	38
G	105	1	20063	71568	156844	323479	1045497	2781423
G	106	3	7	16	23	28	34	38
G	106	1	18331	68933	154914	315923	1017038	2738445
G	107	3	7	16	23	28	34	38
G	107	1	17767	66264	149388	305394	977283	2645005
G	108	3	7	16	23	28	34	38
G	108	1	19065	71096	158020	329650	1073686	2902000
G	109	3	7	16	23	28	34	38
G	109	1	17768	67142	150760	307691	972466	2620739
G	110	3	7	16	23	28	34	38
G	110	1	18265	70689	158174	329881	1074668	2928489
G	111	3	7	16	23	28	34	38
G	111	1	18846	72394	163491	338137	1097273	2985052
G	112	3	7	16	23	28	34	38
G	112	1	19258	74659	165956	347150	1129733	3025785
G	113	3	7	16	23	28	34	38
G	113	1	18097	69445	154594	319458	1034030	2769544
G	114	3	7	16	23	28	34	38
G	114	1	19158	71589	159087	324655	1051888	2817447
G	115	3	7	16	23	28	34	38
G	115	1	18454	73907	159988	328201	1064201	2825280
G	116	3	7	16	23	28	34	38
G	116	1	19013	77291	170288	347502	1130151	2978407
G	117	3	7	16	23	28	34	38
G	117	1	18364	73635	165519	339807	1082779	2903874
G	118	3	7	16	23	28	34	38
G	118	1	18738	73772	165741	339102	1087388	2900840
G	119	3	7	16	23	28	34	38
G	119	1	19470	76170	170817	348593	1111624	2892235
G	120	3	7	16	23	28	34	38
G	120	1	18495	74012	165197	340760	1090208	2874661
G	121	3	7	16	23	28	34	38
G	121	1	17548	70891	164730	337300	1086452	2864616
G	122	3	7	16	23	28	34	38
G	122	1	16821	67773	151237	315879	1042635	2753917
G	123	3	7	16	23	28	34	38
G	123	1	17235	71627	161576	336724	1140666	3005369
G	124	3	7	16	23	28	34	38
G	124	1	17221	70237	156890	327331	1092586	2891069
G	125	3	7	16	23	28	34	38
G	125	1	16618	71579	164596	340104	1153075	2939092
G	126	3	7	16	23	28	34	38
G	126	1	16336	67952	155634	325516	1082667	2834123
G	127	3	7	16	23	28	34	38
G	127	1	16559	69685	161802	339039	1130419	2961446
G	128	3	7	16	23	28	34	38
G	128	1	15105	64971	151547	318741	1070035	2791748
G	129	3	7	16	23	28	34	38
G	129	1	16110	68511	162888	339635	1128589	2912597
G	130	3	7	16	23	28	34	38
G	130	1	15258	64691	150817	316443	1045743	2707379
G	131	3	7	16	23	28	34	38
G	131	1	14504	63266	146983	312840	1060663	2770637
G	132	3	7	16	23	28	34	38
G	132	1	14844	63907	148068	316696	1072142	2803575
G	133	3	7	16	23	28	34	38
G	133	1	14683	64745	147826	322087	1104530	2905505
G	134	3	7	16	23	28	34	38
G	134	1	14580	62634	147556	311711	1068773	2786145
G	135	3	7	16	23	28	34	38
G	135	1	13862	62705	145394	314353	1092237	2819351
G	136	3	7	16	23	28	34	38
G	136	1	15218	66359	150163	317175	1072247	2727579
G	137	3	7	16	23	28	34	38
G	137	1	13401	62202	142135	308478	1064487	2698513
G	138	3	7	16	23	28	34	38
G	138	1	13434	63819	147904	327505	1150856	2947592
G	139	3	7	16	23	28	34	38
G	139	1	11989	57259	137785	303098	1051867	2683642
G	140	3	7	16	23	28	34	38
G	140	1	12581	61647	148446	332275	1176100	3044163
G	141	3	7	16	23	28	34	38
G	141	1	11055	56043	140851	315817	1114901	2855162
G	142	3	7	16	23	28	34	38
G	142	1	10811	55828	141178	317858	1125776	2876026
G	143	3	7	16	23	28	34	38
G	143	1	9937	54595	140005	318571	1139747	2910127
G	144	3	7	16	23	28	34	38
G	144	1	7925	49942	133586	305941	1125143	2887518
G	145	3	7	16	23	28	34	38
G	145	1	5935	44249	123145	289152	1078679	2766469
G	146	3	7	16	23	28	34	38
G	146	1	3812	42283	118910	288269	1105950	2804133
G	147	3	7	16	23	28	34	38
G	147	1	1624	38544	118703	288673	1097794	2827384
G	148	3	7	16	23	28	34	38
G	148	1	36	38441	119493	289464	1130205	2818753
G	149	3	16	23	28	34	38
G	149	1	73978	205352	466352	1567003	2645814
C	0	3	7	16	23	28	34
C	0	1	2530	126709	148346	658623	5553012
C	1	3	7	16	23	28	34
C	1	1	1677	37263	54324	211995	2539268
C	2	3	7	16	23	28	34
C	2	1	3402	182870	257472	565502	3241466
C	3	3	7	16	23	28	34	38
C	3	1	2504	158527	177200	326011	649008	2615088
C	4	3	7	16	23	28	34	38
C	4	1	1214	59404	67026	159209	449587	2595121
C	5	3	7	16	23	28	34	38
C	5	1	4891	41603	52913	112338	325835	2621995
C	6	3	7	16	23	28	34	38
C	6	1	5533	45705	56879	117264	316454	2962594
C	7	3	7	16	23	28	34	38
C	7	1	6005	48814	60758	126216	338869	3369967
C	8	3	7	16	23	28	34	38
C	8	1	5298	44784	56160	115057	303391	3129359
C	9	3	7	16	23	28	34	38
C	9	1	4270	35827	45041	93268	242842	2549342
C	10	3	7	16	23	28	34	38
C	10	1	5131	41859	53617	112384	297773	3205655
C	11	3	7	16	23	28	34	38
C	11	1	5181	42545	54374	114076	301790	3227632
C	12	3	7	16	23	28	34	38
C	12	1	5584	41704	54085	111237	285131	2867612
C	13	3	7	16	23	28	34	38	41
C	13	1	5359	42643	54984	113795	284118	881618	2951720
C	14	3	7	16	23	28	34	38	41
C	14	1	5053	40338	52897	109437	275100	851020	2856375
C	15	3	7	16	23	28	34	38	41
C	15	1	5166	42666	55671	115456	294787	929520	3067823
C	16	3	7	16	23	28	34	38	41
C	16	1	5162	39949	52699	107596	273012	845732	2813872
C	17	3	7	16	23	28	34	38	41
C	17	1	5491	41607	55721	112811	283902	887341	2871446
C	18	3	7	16	23	28	34	38	41
C	18	1	5547	40789	54928	111279	282372	868050	2858205
C	19	3	7	16	23	28	34	38	41
C	19	1	6229	40737	56066	112109	283701	881498	2910301
C	20	3	7	16	23	28	34	38	41
C	20	1	6417	41758	57442	114302	291853	905587	2939947
C	21	3	7	16	23	28	34	38	41
C	21	1	6631	39928	56238	111614	285425	894179	2898805
C	22	3	7	16	23	28	34	38	41
C	22	1	7407	40984	58787	115340	294152	926115	2948530
C	23	3	7	16	23	28	34	38	41
C	23	1	7347	39753	57978	112801	289732	916436	2906059
C	24	3	7	16	23	28	34	38	41
C	24	1	8727	41128	61812	117611	300652	945807	2965020
C	25	3	7	16	23	28	34	38	41
C	25	1	8261	38698	58626	111419	286769	911433	2819998
C	26	3	7	16	23	28	34	38	41
C	26	1	9965	43437	66954	125438	319084	1002940	3065317
C	27	3	7	16	23	28	34	38	41
C	27	1	9703	39882	62533	116990	299335	935677	2815985
C	28	3	7	16	23	28	34	38	41
C	28	1	10772	38116	61615	113189	293167	925163	2792931
C	29	3	7	16	23	28	34	38	41
C	29	1	11893	39609	64894	117908	304092	962650	2861559
C	30	3	7	16	23	28	34	38	41
C	30	1	13191	41317	67877	123600	318609	1022649	2966824
C	31	3	7	16	23	28	34	38	41
C	31	1	12992	40574	67836	124490	320655	1021630	2943728
C	32	3	7	16	23	28	34	38	41
C	32	1	14938	42275	73009	133539	347606	1117416	3141454
C	33	3	7	16	23	28	34	38	41
C	33	1	14197	39862	68171	125665	329210	1042894	2910104
C	34	3	7	16	23	28	34	38	41
C	34	1	15564	41739	73083	135027	353413	1109922	3048033
C	35	3	7	16	23	28	34	38	41
C	35	1	15028	38117	66834	122513	319082	1007905	2754896
C	36	3	7	16	23	28	34	38	41
C	36	1	15755	40424	72690	132842	348996	1100565	2939574
C	37	3	7	16	23	28	34	38	41
C	37	1	15034	38475	69698	128790	338807	1080633	2789177
C	38	3	7	16	23	28	34	38	41
C	38	1	15818	40310	73227	134481	351087	1109825	2881017
C	39	3	7	16	23	28	34	38	41
C	39	1	15140	39306	73028	133684	351659	1139373	2763184
C	40	3	7	16	23	28	34	38	41
C	40	1	14581	38153	72317	132833	352556	1131270	2721971
C	41	3	7	16	23	28	34	38	41
C	41	1	16731	43496	83508	154584	415099	1361700	2905696
C	42	3	7	16	23	28	34	38	41
C	42	1	14658	38402	74338	137884	369947	1190420	2704895
C	43	3	7	16	23	28	34	38	41
C	43	1	15042	41251	83205	154490	421106	1346716	2890439
C	44	3	7	16	23	28	34	38	41
C	44	1	14329	37268	76989	146594	395350	1292290	2722299
C	45	3	7	16	23	28	34	38	41
C	45	1	15232	39549	81542	156304	421790	1399050	2915290
C	46	3	7	16	23	28	34	38	41
C	46	1	14216	37173	78172	149432	405146	1326352	2686322
C	47	3	7	16	23	28	34	38	41
C	47	1	14617	38670	82742	159224	434391	1468469	2883305
C	48	3	7	16	23	28	34	38	41
C	48	1	14135	37440	80719	158222	434492	1456728	2708626
C	49	3	7	16	23	28	34	38	41
C	49	1	14763	39955	86611	171224	480910	1568606	2918204
C	50	3	7	16	23	28	34	38	41
C	50	1	14758	40084	87509	173337	489792	1635805	2968788
C	51	3	7	16	23	28	34	38	41
C	51	1	14597	40367	90485	179513	518107	1670609	2895704
C	52	3	7	16	23	28	34	38	41
C	52	1	13678	37418	83220	166262	474084	1531324	2664914
C	53	3	7	16	23	28	34	38	41
C	53	1	15363	42022	94477	188214	540937	1766328	2939661
C	54	3	7	16	23	28	34	38	41
C	54	1	14637	40172	85618	182493	526341	1731714	2761954
C	55	3	7	16	23	28	34	38	41
C	55	1	15923	43275	92452	198176	584966	1900300	2876272
C	56	3	7	16	23	28	34	38	41
C	56	1	15589	42778	92693	199005	589659	1908495	2848071
C	57	3	7	16	23	28	34	38	41
C	57	1	15738	43955	94963	203852	609558	1957172	2908234
C	58	3	7	16	23	28	34	38	41
C	58	1	14841	41928	88354	203260	607316	1952468	2754158
C	59	3	7	16	23	28	34	38	41
C	59	1	16106	45500	94954	219841	684368	2207344	3018599
C	60	3	7	16	23	28	34	38	41
C	60	1	16245	45694	95125	221224	664159	2166571	2989654
C	61	3	7	16	23	28	34	38	41
C	61	1	16587	46149	95944	224263	688005	2239750	2885379
C	62	3	7	16	23	28	34	38	41
C	62	1	16226	46448	97580	229546	708165	2263908	2938298
C	63	3	7	16	23	28	34	38	41
C	63	1	15913	46639	99229	233070	724701	2288492	2860673
C	64	3	7	16	23	28	34	38	41
C	64	1	16141	47603	103155	242726	750744	2302439	2890140
C	65	3	7	16	23	28	34	38	41
C	65	1	16591	48988	104668	250660	792277	2494685	3058881
C	66	3	7	16	23	28	34	38	41
C	66	1	17147	52116	114188	269110	871369	2612427	3063349
C	67	3	7	16	23	28	34	38	41
C	67	1	15989	48337	101706	245421	815575	2504895	2911557
C	68	3	7	16	23	28	34	38	41
C	68	1	17116	51272	109505	261824	865379	2609548	3022271
C	69	3	7	16	23	28	34	38	41
C	69	1	17303	52206	110912	268078	909864	2744812	3051305
C	70	3	7	16	23	28	34	38	41
C	70	1	17403	52945	115791	274929	914635	2772680	3058068
C	71	3	7	16	23	28	34	38	41
C	71	1	17164	52474	115346	276562	939228	2813167	3065542
C	72	3	7	16	23	28	34	38	41
C	72	1	17799	54045	114266	277390	955966	2750339	2981452
C	73	3	7	16	23	28	34	38	41
C	73	1	18051	56428	127359	303265	1025744	2762609	2921615
C	74	3	7	16	23	28	34	38	41
C	74	1	17756	54897	115320	274858	938079	2650750	2796029
C	75	3	7	16	23	28	34	38	41
C	75	1	20726	63735	143334	332471	1041353	2710154	2926815
C	76	3	7	16	23	28	34	38	41
C	76	1	18765	58976	124077	295263	1064739	2895618	2972352
C	77	3	7	16	23	28	34	38	41
C	77	1	19252	60095	128929	307034	1059636	2956228	3024021
C	78	3	7	16	23	28	34	38	41
C	78	1	15939	52191	112934	270422	963296	2764056	2808399
C	79	3	7	16	23	28	34	38	41
C	79	1	15340	51858	111337	262392	927933	2787293	2819989
C	80	3	7	16	23	28	34	38	41
C	80	1	16255	54678	115733	271940	954978	2851219	2875324
C	81	3	7	16	23	28	34	38	41
C	81	1	16098	53832	116146	268324	938006	2785308	2802284
C	82	3	7	16	23	28	34	38	41
C	82	1	17391	58722	126601	291792	1009255	2945064	2956618
C	83	3	7	16	23	28	34	38	41
C	83	1	15785	54770	114982	268334	944805	2777853	2785520
C	84	3	7	16	23	28	34	38	41
C	84	1	17173	58467	123559	283842	988551	2847426	2852454
C	85	3	7	16	23	28	34	38	41
C	85	1	14671	52282	113949	264477	958147	2784216	2787231
C	86	3	7	16	23	28	34	38	41
C	86	1	13590	48323	102481	241399	868679	2670320	2672317
C	87	3	7	16	23	28	34	38	41
C	87	1	13768	50154	104336	246136	898394	2769051	2770248
C	88	3	7	16	23	28	34	38	41
C	88	1	14102	50912	108224	251505	917241	2878883	2879650
C	89	3	7	16	23	28	34	38	41
C	89	1	13367	49306	103497	241889	876423	2703171	2703658
C	90	3	7	16	23	28	34	38	41
C	90	1	14586	53910	114919	268338	962289	2924563	2924823
C	91	3	7	16	23	28	34	38	41
C	91	1	13844	51123	109135	250157	894546	2728222	2728345
C	92	3	7	16	23	28	34	38	41
C	92	1	14079	52356	106905	249873	910946	2753578	2753637
C	93	3	7	16	23	28	34	38	41
C	93	1	13852	52752	107166	247973	900825	2738159	2738204
C	94	3	7	16	23	28	34	38	41
C	94	1	14820	55679	117058	264679	943224	2810945	2810966
C	95	3	7	16	23	28	34	38	41
C	95	1	14141	53941	110806	254664	916903	2761590	2761603
C	96	3	7	16	23	28	34	38	41
C	96	1	14213	55054	111718	258648	949680	2839033	2839045
C	97	3	7	16	23	28	34	38	41
C	97	1	13684	53318	110302	252201	914267	2732733	2732741
C	98	3	7	16	23	28	34	38
C	98	1	15035	58146	118926	269222	964219	2847800
C	99	3	7	16	23	28	34	38	41
C	99	1	14256	57676	118446	269856	985332	2904032	2904033
C	100	3	7	16	23	28	34	38	41
C	100	1	14418	57210	114875	262764	955216	2882646	2882647
C	101	3	7	16	23	28	34	38
C	101	1	17965	91447	212033	523799	2018286	2868241
C	102	3	7	16	23	28	34	38
C	102	1	15352	68824	150190	357609	1471897	2851190
C	103	3	7	16	23	28	34	38
C	103	1	15352	63027	129335	300811	1141081	2894358
C	104	3	7	16	23	28	34	38
C	104	1	14725	60496	123599	280164	1031245	2881165
C	105	3	7	16	23	28	34	38
C	105	1	14108	59097	120316	271128	993412	2856222
C	106	3	7	16	23	28	34	38
C	106	1	12947	55118	109675	251658	927486	2770656
C	107	3	7	16	23	28	34	38
C	107	1	12978	56153	113405	261183	965555	2949788
C	108	3	7	16	23	28	34	38
C	108	1	12837	55169	109396	255317	931790	2828267
C	109	3	7	16	23	28	34	38
C	109	1	13953	59111	118923	282142	1049251	3157922
C	110	3	7	16	23	28	34	38
C	110	1	12464	54971	112691	259515	957656	2889249
C	111	3	7	16	23	28	34	38
C	111	1	12315	54452	113304	262531	972008	2914122
C	112	3	7	16	23	28	34	38
C	112	1	12749	55071	111799	260248	961131	2903362
C	113	3	7	16	23	28	34	38
C	113	1	12572	54660	112342	254892	928110	2770169
C	114	3	7	16	23	28	34	38
C	114	1	13688	58280	119103	273626	985952	2921974
C	115	3	7	16	23	28	34	38
C	115	1	13090	58451	116712	269396	990247	2940885
C	116	3	7	16	23	28	34	38
C	116	1	12739	56686	112511	260505	959443	2848591
C	117	3	7	16	23	28	34	38
C	117	1	12633	59278	117376	272274	1022483	3043340
C	118	3	7	16	23	28	34	38
C	118	1	12685	57033	114105	266223	982493	2886098
C	119	3	7	16	23	28	34	38
C	119	1	12920	57934	116054	267973	977104	2848140
C	120	3	7	16	23	28	34	38
C	120	1	12306	57271	114213	264173	993118	2873837
C	121	3	7	16	23	28	34	38
C	121	1	12351	56178	116155	269839	986201	2836689
C	122	3	7	16	23	28	34	38
C	122	1	12401	56461	117346	272947	1018021	2976410
C	123	3	7	16	23	28	34	38
C	123	1	11249	52604	110736	253704	944039	2757775
C	124	3	7	16	23	28	34	38
C	124	1	11570	53755	109002	259184	987425	2903995
C	125	3	7	16	23	28	34	38
C	125	1	11403	55483	108343	262442	1015682	2997705
C	126	3	7	16	23	28	34	38
C	126	1	11996	56770	112912	273002	1042138	3010351
C	127	3	7	16	23	28	34	38
C	127	1	10533	50193	101112	240498	917035	2688234
C	128	3	7	16	23	28	34	38
C	128	1	10755	51671	105665	253012	980836	2877356
C	129	3	7	16	23	28	34	38
C	129	1	10543	50667	105136	249525	965639	2822046
C	130	3	7	16	23	28	34	38
C	130	1	10697	51435	109038	257262	987982	2833104
C	131	3	7	16	23	28	34	38
C	131	1	10258	50730	106604	252671	972320	2785945
C	132	3	7	16	23	28	34	38
C	132	1	10189	49803	105262	253078	982483	2837867
C	133	3	7	16	23	28	34	38
C	133	1	10102	50349	104552	253380	995652	2838185
C	134	3	7	16	23	28	34	38
C	134	1	9900	48962	101161	249384	991944	2831640
C	135	3	7	16	23	28	34	38
C	135	1	9817	50627	104471	258276	1017894	2946571
C	136	3	7	16	23	28	34	38
C	136	1	11223	51101	104395	249143	1002518	2818548
C	137	3	7	16	23	28	34	38
C	137	1	9150	48004	102259	245729	971702	2748917
C	138	3	7	16	23	28	34	38
C	138	1	8617	45871	97324	237506	944956	2667234
C	139	3	7	16	23	28	34	38
C	139	1	8637	47086	97355	249328	1029648	2905343
C	140	3	7	16	23	28	34	38
C	140	1	8199	44425	94651	236703	966733	2725703
C	141	3	7	16	23	28	34	38
C	141	1	7516	43470	93881	240694	1001737	2848625
C	142	3	7	16	23	28	34	38
C	142	1	7088	41409	92795	233878	967990	2740149
C	143	3	7	16	23	28	34	38
C	143	1	6554	40078	92356	236187	998371	2799404
C	144	3	7	16	23	28	34	38
C	144	1	5595	38839	94979	243723	1018102	2844603
C	145	3	7	16	23	28	34	38
C	145	1	4276	34741	86402	226204	1000376	2819508
C	146	3	7	16	23	28	34	38
C	146	1	2875	33019	87108	233347	1019198	2843228
C	147	3	7	16	23	28	34	38
C	147	1	1220	28982	75136	214978	985378	2773860
C	148	3	7	16	23	28	34	38
C	148	1	20	26336	72025	209773	978002	2729874
C	149	3	16	23	28	34	38
C	149	1	53611	122176	328380	1437481	2787730
N	0	3
N	0	9306
N	1	3
N	1	3
N	2	3
N	2	949
N	3	3
N	3	3396
N	4	3
N	4	424
N	5	3
N	5	8564
N	6	3
N	6	4576
N	7	3
N	7	6363
N	8	3
N	8	2350
N	9	3
N	9	1049
N	10	3
N	10	1073
N	11	3
N	11	365
N	12	3
N	12	762
N	13
N	13
N	14
N	14
N	15
N	15
N	16
N	16
N	17	3
N	17	97
N	18
N	18
N	19
N	19
N	20
N	20
N	21
N	21
N	22
N	22
N	23
N	23
N	24
N	24
N	25
N	25
N	26
N	26
N	27
N	27
N	28
N	28
N	29
N	29
N	30
N	30
N	31
N	31
N	32
N	32
N	33
N	33
N	34
N	34
N	35
N	35
N	36
N	36
N	37
N	37
N	38
N	38
N	39
N	39
N	40
N	40
N	41
N	41
N	42
N	42
N	43
N	43
N	44
N	44
N	45
N	45
N	46
N	46
N	47
N	47
N	48
N	48
N	49
N	49
N	50
N	50
N	51
N	51
N	52
N	52
N	53
N	53
N	54
N	54
N	55
N	55
N	56
N	56
N	57
N	57
N	58
N	58
N	59
N	59
N	60
N	60
N	61
N	61
N	62
N	62
N	63
N	63
N	64
N	64
N	65
N	65
N	66
N	66
N	67
N	67
N	68
N	68
N	69
N	69
N	70
N	70
N	71
N	71
N	72
N	72
N	73
N	73
N	74
N	74
N	75
N	75
N	76
N	76
N	77
N	77
N	78
N	78
N	79
N	79
N	80
N	80
N	81
N	81
N	82
N	82
N	83
N	83
N	84
N	84
N	85
N	85
N	86
N	86
N	87
N	87
N	88
N	88
N	89
N	89
N	90
N	90
N	91
N	91
N	92
N	92
N	93
N	93
N	94
N	94
N	95
N	95
N	96
N	96
N	97
N	97
N	98
N	98
N	99
N	99
N	100
N	100
N	101
N	101
N	102
N	102
N	103
N	103
N	104
N	104
N	105
N	105
N	106
N	106
N	107
N	107
N	108
N	108
N	109
N	109
N	110
N	110
N	111
N	111
N	112
N	112
N	113
N	113
N	114
N	114
N	115
N	115
N	116
N	116
N	117
N	117
N	118
N	118
N	119
N	119
N	120
N	120
N	121	3
N	121	11
N	122
N	122
N	123	3
N	123	5
N	124
N	124
N	125
N	125
N	126
N	126
N	127
N	127
N	128
N	128
N	129
N	129
N	130	3
N	130	7
N	131
N	131
N	132
N	132
N	133
N	133
N	134	3
N	134	185
N	135
N	135
N	136	3
N	136	9
N	137
N	137
N	138
N	138
N	139
N	139
N	140
N	140
N	141
N	141
N	142	3
N	142	7
N	143
N	143
N	144	3
N	144	11
N	145
N	145
N	146	3
N	146	17
N	147	3
N	147	4
N	148	3
N	148	3
N	149	3
N	149	51
