.	0	2	11	27	32	37	
.	0	2175401	6096942	22352258	482044329	482044740	
.	1	2	11	27	32	37	
.	1	164808	3496874	17989603	480549690	482044740	
.	2	2	11	27	32	37	
.	2	38440	3392094	14503829	45533339	482044740	
.	3	2	11	27	32	37	
.	3	64378	2190138	9209227	25489481	482044740	
.	4	2	11	27	32	37	
.	4	13802	1761493	7194542	19687443	482044740	
.	5	2	11	27	32	37	42	
.	5	14514	1060265	5398904	15428610	43494137	482044740	
.	6	2	11	27	32	37	42	
.	6	1370	983827	4990096	14034810	37148631	482044740	
.	7	11	22	27	32	37	42	
.	7	995596	998761	4913359	13592530	35186615	482044740	
.	8	11	22	27	32	37	42	
.	8	904428	915018	4618849	12933025	33507067	482044740	
.	9	2	11	22	27	32	37	42	
.	9	2040	847809	868030	4434533	12495970	32287181	482044740	
.	10	2	11	22	27	32	37	42	
.	10	8	824389	855745	4413317	12443117	31827098	482044740	
.	11	11	22	27	32	37	42	
.	11	848036	888386	4464435	12485823	31871999	482044740	
.	12	11	22	27	32	37	42	
.	12	825338	871489	4424455	12422891	31641325	482044740	
.	13	2	7	11	22	27	32	37	42	
.	13	2354	2433	835094	889881	4443244	12415410	31681604	482044740	
.	14	2	7	11	22	27	32	37	42	
.	14	534	669	851034	914104	4473520	12401803	31598639	482044740	
.	15	7	11	22	27	32	37	42	
.	15	355	852879	930875	4500178	12465422	31692292	482044740	
.	16	2	7	11	22	27	32	37	42	
.	16	157	749	869158	958979	4551421	12545519	31932991	482044740	
.	17	2	7	11	22	27	32	37	42	
.	17	74	1058	866990	979595	4560223	12545122	31873065	482044740	
.	18	2	7	11	22	27	32	37	42	
.	18	206	1962	884025	1028965	4619166	12606650	31953940	482044740	
.	19	7	11	22	27	32	37	42	
.	19	3050	896227	1096112	4699292	12734087	32050744	482044740	
.	20	2	7	11	22	27	32	37	42	
.	20	2474	8612	955654	1272203	4894893	13025700	32550243	482044740	
.	21	2	7	11	22	27	32	37	42	
.	21	2981	15394	964237	1510815	5011410	13065564	32415772	482044740	
.	22	2	7	11	22	27	32	37	42	
.	22	85	21673	1009263	1879941	5283529	13407881	32771019	482044740	
.	23	2	7	11	22	27	32	37	42	
.	23	4181	41245	1100330	2495163	5768610	14031537	33480859	482044740	
.	24	2	7	11	22	27	32	37	42	
.	24	9561	54693	1159798	2767991	5958654	14188053	33760766	482044740	
.	25	2	7	11	22	27	32	37	42	
.	25	1350	90917	1846185	3827913	6866487	14909050	34100928	482044740	
.	26	2	7	11	22	27	32	37	42	
.	26	1387	109810	1978283	4321722	7255254	15368925	34521678	482044740	
.	27	2	7	11	22	27	32	37	42	
.	27	10069	131462	2091136	4599324	7532050	15710763	34917500	482044740	
.	28	2	7	11	22	27	32	37	42	
.	28	3772	134784	2210398	4852837	7816768	16133036	35597546	482044740	
.	29	2	7	11	22	27	32	37	42	
.	29	10579	146918	2244559	4903996	7886140	16229731	35776254	482044740	
.	30	2	7	11	22	27	32	37	42	
.	30	1882	144469	2293610	4977094	7969818	16327013	35830226	482044740	
.	31	2	7	11	22	27	32	37	42	
.	31	14573	164968	2358763	5072416	8073184	16435632	35994114	482044740	
.	32	2	7	11	22	27	32	37	42	
.	32	9343	169959	2459445	5259160	8311554	16844059	36740752	482044740	
.	33	2	7	11	22	27	32	37	42	
.	33	3116	174235	2590353	5423772	8461377	16949959	36770864	482044740	
.	34	2	7	11	22	27	32	37	42	
.	34	4517	178942	2532978	5425159	8506498	17029435	36873542	482044740	
.	35	2	7	11	22	27	32	37	42	
.	35	8385	190334	2585452	5472757	8512772	17076027	37056697	482044740	
.	36	2	7	11	22	27	32	37	42	
.	36	30423	221765	2701070	5660344	8725043	17379883	37532899	482044740	
.	37	2	7	11	22	27	32	37	42	
.	37	4509	215001	2968270	6024042	9143445	17902974	38230296	482044740	
.	38	2	7	11	22	27	32	37	42	
.	38	10797	217005	2791038	5993252	9115917	17874693	38190680	482044740	
.	39	2	7	11	22	27	32	37	42	
.	39	10885	226211	2860912	5939835	9062664	17848986	38373868	482044740	
.	40	2	7	11	22	27	32	37	42	
.	40	8226	232468	2904362	5999623	9170231	17947486	38444509	482044740	
.	41	2	7	11	22	27	32	37	42	
.	41	11937	250157	3077404	6268761	9532000	18425300	39138029	482044740	
.	42	2	7	11	22	27	32	37	42	
.	42	4252	244910	3093089	6263004	9587929	18453579	39314161	482044740	
.	43	2	7	11	22	27	32	37	42	
.	43	10420	258752	3509206	6850057	10342557	19181165	40021763	482044740	
.	44	2	7	11	22	27	32	37	42	
.	44	12689	268419	3268277	6516231	10082340	19005538	40427548	482044740	
.	45	2	7	11	22	27	32	37	42	
.	45	6266	269945	3313827	6537915	10186038	18956352	40275348	482044740	
.	46	2	7	11	22	27	32	37	42	
.	46	19321	293383	3450725	6747953	10472577	19333849	40785026	482044740	
.	47	2	7	11	22	27	32	37	42	
.	47	4836	286888	3503115	6831093	10597198	19473817	41053423	482044740	
.	48	2	7	11	22	27	32	37	42	
.	48	2026	292466	3562037	6916295	10711227	19627071	41243725	482044740	
.	49	2	7	11	22	27	32	37	42	
.	49	2742	301954	3592369	6977911	10801462	19789856	41617082	482044740	
.	50	2	7	11	22	27	32	37	42	
.	50	5724	312033	3647044	7051780	10881111	19877678	41723886	482044740	
.	51	2	7	11	22	27	32	37	42	
.	51	6474	325168	3713865	7154344	10988447	20000438	41867213	482044740	
.	52	2	7	11	22	27	32	37	42	
.	52	9706	340593	3814705	7341730	11211730	20379986	42518750	482044740	
.	53	2	7	11	22	27	32	37	42	
.	53	4608	356427	3947449	7565199	11471541	20722909	43021318	482044740	
.	54	2	7	11	22	27	32	37	42	
.	54	8129	368916	3950151	7546279	11459651	20741662	43227005	482044740	
.	55	2	7	11	22	27	32	37	42	
.	55	421	391296	4423085	8297309	12417870	21891815	44591869	482044740	
.	56	2	7	11	22	27	32	37	42	
.	56	12434	400408	4362782	8352983	12491698	22055173	45097074	482044740	
.	57	2	7	11	22	27	32	37	42	
.	57	9650	399804	4248642	8369254	12381908	21988509	45312738	482044740	
.	58	2	7	11	22	27	32	37	42	
.	58	8419	410124	4361643	8408913	12460705	22153533	45571419	482044740	
.	59	2	7	11	22	27	32	37	42	
.	59	3469	414029	4360750	8353426	12384786	22014190	45268267	482044740	
.	60	2	7	11	22	27	32	37	42	
.	60	9744	437071	4556414	8575631	12631189	22352235	45661690	482044740	
.	61	2	7	11	22	27	32	37	42	
.	61	2567	436709	4570114	8643000	12736425	22562880	46031905	482044740	
.	62	2	7	11	22	27	32	37	42	
.	62	6188	448518	4587903	8553921	12636851	22399259	45934494	482044740	
.	63	2	7	11	22	27	32	37	42	
.	63	4522	470561	4946612	9037186	13179343	23103452	46888136	482044740	
.	64	2	7	11	22	27	32	37	42	
.	64	183	465173	4830224	9098158	13294749	23346782	47342485	482044740	
.	65	2	7	11	22	27	32	37	42	
.	65	11715	481831	4824688	8856108	13023967	22990561	47046079	482044740	
.	66	2	7	11	22	27	32	37	42	
.	66	2580	484025	4930334	8959958	13140073	23130988	47054257	482044740	
.	67	2	7	11	22	27	32	37	42	
.	67	304	493010	5070804	9121641	13339074	23421221	47470958	482044740	
.	68	2	7	11	22	27	32	37	42	
.	68	9702	513643	5211389	9238606	13467843	23582481	47714262	482044740	
.	69	2	7	11	22	27	32	37	42	
.	69	3771	521989	5461783	9546064	13829076	24083204	48536658	482044740	
.	70	2	7	11	22	27	32	37	42	
.	70	4874	542523	6210571	10772892	15125133	25536606	50169460	482044740	
.	71	2	7	11	22	27	32	37	42	
.	71	16671	552092	6331025	10782298	15113032	25521949	50282941	482044740	
.	72	2	7	11	22	27	32	37	42	
.	72	341	547406	6587780	10903059	15276918	25761709	50726307	482044740	
.	73	2	7	11	22	27	32	37	42	
.	73	649	563196	6896974	11190031	15606826	26206275	51409934	482044740	
.	74	2	7	11	22	27	32	37	42	
.	74	2643	579036	6645499	11282842	15760637	26482178	51909834	482044740	
.	75	2	7	11	22	27	32	37	42	
.	75	3927	648690	8397284	13291054	19206372	34498326	88851525	482044740	
.	76	2	7	11	22	27	32	37	42	
.	76	1209	683645	8151584	12412709	17908859	30684274	66044946	482044740	
.	77	2	7	11	22	27	32	37	42	
.	77	7077	710114	7737189	11850859	16867780	28617873	58194386	482044740	
.	78	2	7	11	22	27	32	37	42	
.	78	6051	725283	7690483	11694954	16520047	27926339	55669626	482044740	
.	79	2	7	11	22	27	32	37	42	
.	79	4295	745201	7741284	11750755	16499787	27774695	54787222	482044740	
.	80	2	7	11	22	27	32	37	42	
.	80	1660	774039	7754775	11751447	16462885	27687727	54378241	482044740	
.	81	2	7	11	22	27	32	37	42	
.	81	3283	793480	7909732	11972251	16711375	28027530	54834621	482044740	
.	82	2	7	11	22	27	32	37	42	
.	82	7677	818417	8064388	12174577	16926064	28281753	55157319	482044740	
.	83	2	7	11	22	27	32	37	42	
.	83	1806	815689	8000785	12124454	16880978	28269961	55264037	482044740	
.	84	2	7	11	22	27	32	37	42	
.	84	11220	848081	8401259	12743072	17574673	29168922	56483262	482044740	
.	85	2	7	11	22	27	32	37	42	
.	85	3124	837992	8324045	12698926	17536559	29170919	56578834	482044740	
.	86	2	7	11	22	27	32	37	42	
.	86	5227	860062	8483607	12919785	17823557	29604674	57381561	482044740	
.	87	2	7	11	22	27	32	37	42	
.	87	184	884696	8622272	13080404	17999824	29839680	57811828	482044740	
.	88	2	7	11	22	27	32	37	42	
.	88	8249	906146	8687787	13178232	18137710	30066425	58151275	482044740	
.	89	2	7	11	22	27	32	37	42	
.	89	6240	907438	8893838	13425515	18409876	30418145	58678956	482044740	
.	90	2	7	11	22	27	32	37	42	
.	90	7166	932329	9053505	13769989	18863476	31192490	60081561	482044740	
.	91	2	7	11	22	27	32	37	42	
.	91	1046	939008	9074189	13678356	18777062	31073448	59989423	482044740	
.	92	2	7	11	22	27	32	37	42	
.	92	1220	952663	9254412	13930905	19103244	31581517	60895485	482044740	
.	93	2	7	11	22	27	32	37	42	
.	93	51	984446	9387261	14110031	19316537	31913707	61441787	482044740	
.	94	2	7	11	22	27	32	37	42	
.	94	5289	1023390	9548716	14323434	19587152	32311381	62131788	482044740	
.	95	2	7	11	22	27	32	37	42	
.	95	932	1050479	9686818	14523390	19816444	32638686	62657287	482044740	
.	96	2	7	11	22	27	32	37	42	
.	96	12494	1062250	9790055	14661266	19982284	32909192	63121087	482044740	
.	97	2	7	11	22	27	32	37	42	
.	97	512	1053017	9905513	14841518	20201955	33251576	63712571	482044740	
.	98	2	7	11	22	27	32	37	42	
.	98	4958	1070303	10069690	15118396	20553326	33849924	64673505	482044740	
.	99	2	7	11	22	27	32	37	42	
.	99	489	1065970	10171271	15224494	20682102	34048307	64943782	482044740	
.	100	2	7	11	22	27	32	37	42	
.	100	2512	1096791	10376194	15533044	21060289	34641106	65860219	482044740	
.	101	2	7	11	22	27	32	37	42	
.	101	3458	1119416	10500992	15733548	21278812	34968355	66293773	482044740	
.	102	2	7	11	22	27	32	37	42	
.	102	6644	1158616	10766290	16153009	21761248	35656961	67379368	482044740	
.	103	2	7	11	22	27	32	37	42	
.	103	1645	1171144	11010544	16551413	22199268	36290702	68320239	482044740	
.	104	2	7	11	22	27	32	37	42	
.	104	3465	1174203	11033402	16665616	22332042	36574008	68848346	482044740	
.	105	2	7	11	22	27	32	37	42	
.	105	5	1192108	11317536	17125731	22933722	37531947	70622145	482044740	
.	106	2	7	11	22	27	32	37	42	
.	106	1406	1176653	11242771	16940362	22735572	37349615	70508708	482044740	
.	107	2	7	11	22	27	32	37	42	
.	107	1329	1181843	11637691	17519707	23447234	38357580	72115848	482044740	
.	108	2	7	11	22	27	32	37	42	
.	108	205	1183551	11735648	17682993	23655366	38748785	72819561	482044740	
.	109	2	7	11	22	27	32	37	42	
.	109	2464	1191694	11846794	17820720	23826133	39055810	73433621	482044740	
.	110	2	7	11	22	27	32	37	42	
.	110	917	1195842	12191481	18310780	24354157	39710823	74181474	482044740	
.	111	2	7	11	22	27	32	37	42	
.	111	2764	1206323	12320496	18533980	24660279	40342564	75207509	482044740	
.	112	2	7	11	22	27	32	37	42	
.	112	667	1215335	12366478	18600044	24785974	40658638	75823349	482044740	
.	113	2	7	11	22	27	32	37	42	
.	113	1081	1245034	12831170	19198079	25476817	41628865	77073156	482044740	
.	114	2	7	11	22	27	32	37	42	
.	114	63	1240669	12772675	19232687	25591003	42054487	77792912	482044740	
.	115	2	7	11	22	27	32	37	42	
.	115	2161	1265074	13111892	19575455	26080561	42976586	79509984	482044740	
.	116	2	7	11	22	27	32	37	42	
.	116	1411	1284921	13406152	19898325	26565485	43900111	80867047	482044740	
.	117	2	7	11	22	27	32	37	42	
.	117	178	1287713	13609914	20109410	26965110	44862123	82447801	482044740	
.	118	2	7	11	22	27	32	37	42	
.	118	149	1296124	13762362	20212553	27282090	45736665	83958368	482044740	
.	119	2	7	11	22	27	32	37	42	
.	119	2664	1323956	14209043	20781642	28099284	47226581	86513748	482044740	
.	120	2	7	11	22	27	32	37	42	
.	120	9184	1345877	14478419	21035723	28573725	48262390	88143416	482044740	
.	121	2	7	11	22	27	32	37	42	
.	121	19050	1390294	14984971	21784137	29559069	49981297	91092242	482044740	
.	122	2	7	11	22	27	32	37	42	
.	122	8667	1395833	15187478	22017140	30019903	51123760	93010390	482044740	
.	123	2	7	11	22	27	32	37	42	
.	123	9986	1424881	15596082	22642400	30740300	52181337	94722762	482044740	
.	124	2	7	11	22	27	32	37	42	
.	124	6385	1447802	15912424	23360144	31650210	53758824	97440073	482044740	
.	125	2	7	11	22	27	32	37	42	
.	125	5115	1477485	16458251	24260267	32738631	55546970	100435481	482044740	
.	126	2	7	11	22	27	32	37	42	
.	126	2508	1494989	16681791	24884281	33455092	56518455	102137303	482044740	
.	127	2	7	11	22	27	32	37	42	
.	127	5470	1515951	16892650	25359066	34063620	57451339	103691224	482044740	
.	128	2	7	11	22	27	32	37	42	
.	128	1692	1546602	17347492	26239720	35078087	58753396	105814512	482044740	
.	129	2	7	11	22	27	32	37	42	
.	129	4359	1578134	17776058	27096018	36219964	60365132	108509691	482044740	
.	130	2	7	11	22	27	32	37	42	
.	130	8812	1615494	18265241	28018264	37389532	61851200	110701659	482044740	
.	131	2	7	11	22	27	32	37	42	
.	131	11482	1635361	18403734	28541765	38063170	62688000	111992977	482044740	
.	132	2	7	11	22	27	32	37	42	
.	132	4742	1658609	18785592	29443102	39232051	64562199	114781253	482044740	
.	133	2	7	11	22	27	32	37	42	
.	133	1344	1687584	19309294	30337041	40401216	66585615	118020217	482044740	
.	134	2	7	11	22	27	32	37	42	
.	134	4513	1708064	19545553	30844234	41186745	68522090	121023557	482044740	
.	135	2	7	11	22	27	32	37	42	
.	135	796	1725975	19879543	31366149	41954151	71006048	124764376	482044740	
.	136	2	7	11	22	27	32	37	42	
.	136	935	1750696	20199580	31942555	42877318	72940312	127696343	482044740	
.	137	2	7	11	22	27	32	37	42	
.	137	1610	1779866	20684275	32737204	44066769	75262233	130985632	482044740	
.	138	2	7	11	22	27	32	37	42	
.	138	4071	1801813	21010192	33226022	45029738	76970906	133690483	482044740	
.	139	2	7	11	22	27	32	37	42	
.	139	5431	1832977	21496096	33921060	46219655	79059937	136778818	482044740	
.	140	2	7	11	22	27	32	37	42	
.	140	20765	1871892	21982695	34666403	47831085	80871810	139477542	482044740	
.	141	2	7	11	22	27	32	37	42	
.	141	12177	1898325	22603742	35534202	49391387	83256651	142987416	482044740	
.	142	2	7	11	22	27	32	37	42	
.	142	331	1902866	23095206	36184168	51602116	85353115	146190710	482044740	
.	143	2	7	11	22	27	32	37	42	
.	143	6542	1941943	23819731	37117581	53787903	87407312	149051330	482044740	
.	144	2	7	11	22	27	32	37	42	
.	144	845	1966134	24456812	38084323	55669470	89733164	152291376	482044740	
.	145	2	7	11	22	27	32	37	42	
.	145	473	2003353	25180485	39067961	57363405	92545400	155833948	482044740	
.	146	2	7	11	22	27	32	37	42	
.	146	7833	2031680	25666173	39828130	58950899	94803108	158932323	482044740	
.	147	2	7	11	22	27	32	37	42	
.	147	447	2054738	26327580	40714815	60804238	97288005	161986350	482044740	
.	148	2	7	11	22	27	32	37	42	
.	148	18970	2095782	26853991	41422937	62563176	99381519	164463525	482044740	
.	149	2	7	11	22	27	32	37	42	
.	149	3185	2125927	27857243	42715188	64703879	101884425	167239497	482044740	
.	150	2	7	11	22	27	32	37	42	
.	150	1702	3498903	49838848	81533853	122599419	183273115	271994366	482044740	
A	0	11	27	32	37	
A	0	1224291	6701308	164078882	164079011	
A	1	11	27	32	37	
A	1	907972	5360752	152357163	152860689	
A	2	11	27	32	37	
A	2	978855	4380856	13603216	150160774	
A	3	11	27	32	37	
A	3	660415	2885042	7761121	147025822	
A	4	11	27	32	37	
A	4	515898	2161141	5844931	150911766	
A	5	11	27	32	37	42	
A	5	295244	1536391	4528508	12141682	148995821	
A	6	11	27	32	37	42	
A	6	266051	1391312	4026875	10230059	148707465	
A	7	11	27	32	37	42	
A	7	208568	1130742	3379862	8672185	145521889	
A	8	11	22	27	32	37	42	
A	8	227931	229801	1222636	3582487	8949624	145117587	
A	9	11	22	27	32	37	42	
A	9	217062	220899	1166052	3395368	8459377	145433717	
A	10	11	22	27	32	37	42	
A	10	225323	231951	1218696	3542407	8667429	145865364	
A	11	11	22	27	32	37	42	
A	11	227936	236789	1218551	3513432	8623340	146464990	
A	12	11	22	27	32	37	42	
A	12	212301	222025	1176836	3454974	8477265	146240874	
A	13	7	11	22	27	32	37	42	
A	13	6	219403	231402	1207924	3515042	8640040	146481287	
A	14	7	11	22	27	32	37	42	
A	14	14	205664	219556	1130190	3305891	8211831	145962901	
A	15	7	11	22	27	32	37	42	
A	15	30	212131	229955	1161265	3378883	8327756	145569740	
A	16	7	11	22	27	32	37	42	
A	16	52	217210	238045	1176281	3391414	8377851	145109945	
A	17	7	11	22	27	32	37	42	
A	17	81	215371	241870	1171139	3376479	8343614	144594330	
A	18	7	11	22	27	32	37	42	
A	18	178	224095	259767	1194608	3396941	8357300	144142184	
A	19	7	11	22	27	32	37	42	
A	19	252	224801	273716	1204314	3405905	8339669	144326249	
A	20	7	11	22	27	32	37	42	
A	20	594	245730	326652	1290634	3581720	8725333	145239901	
A	21	7	11	22	27	32	37	42	
A	21	1220	246911	389345	1314839	3557313	8611756	144723027	
A	22	7	11	22	27	32	37	42	
A	22	2058	254578	478681	1374285	3609445	8638270	143922756	
A	23	7	11	22	27	32	37	42	
A	23	3685	277363	639857	1508535	3769592	8865466	143672977	
A	24	7	11	22	27	32	37	42	
A	24	4333	287858	703295	1538089	3756267	8864022	143702101	
A	25	7	11	22	27	32	37	42	
A	25	8605	471040	987291	1783866	3942439	8965180	143404826	
A	26	7	11	22	27	32	37	42	
A	26	10264	507240	1127088	1901681	4106099	9207579	143697705	
A	27	7	11	22	27	32	37	42	
A	27	11215	519942	1167695	1932777	4106838	9137044	143178229	
A	28	7	11	22	27	32	37	42	
A	28	11924	537427	1204570	1962009	4123824	9164238	142915511	
A	29	7	11	22	27	32	37	42	
A	29	12244	553395	1237956	2012298	4220988	9342659	142677589	
A	30	7	11	22	27	32	37	42	
A	30	12639	571196	1266434	2047948	4281817	9446222	143612348	
A	31	7	11	22	27	32	37	42	
A	31	13365	579404	1275060	2046789	4244801	9344894	142824019	
A	32	7	11	22	27	32	37	42	
A	32	14083	598622	1308971	2088575	4309505	9480660	142757472	
A	33	7	11	22	27	32	37	42	
A	33	14563	628607	1346112	2122285	4342265	9514628	143170643	
A	34	7	11	22	27	32	37	42	
A	34	14957	613194	1349785	2139239	4370686	9551328	142654460	
A	35	7	11	22	27	32	37	42	
A	35	15765	627553	1367808	2150931	4407718	9652790	142828166	
A	36	7	11	22	27	32	37	42	
A	36	16540	647399	1404276	2191578	4468596	9754757	142685463	
A	37	7	11	22	27	32	37	42	
A	37	17838	722972	1503279	2305362	4610155	9923063	142169727	
A	38	7	11	22	27	32	37	42	
A	38	17316	663022	1481579	2279216	4560700	9822852	142050906	
A	39	7	11	22	27	32	37	42	
A	39	17662	674406	1452266	2250311	4543465	9881320	142058168	
A	40	7	11	22	27	32	37	42	
A	40	18637	695983	1501269	2334339	4673985	10123453	143255048	
A	41	7	11	22	27	32	37	42	
A	41	19409	713067	1512501	2343706	4648032	10043107	142255763	
A	42	7	11	22	27	32	37	42	
A	42	20027	721110	1525618	2377171	4687601	10102770	141893493	
A	43	7	11	22	27	32	37	42	
A	43	20467	736132	1542113	2418724	4686030	10082526	141625879	
A	44	7	11	22	27	32	37	42	
A	44	21669	744126	1555044	2464690	4731212	10191516	141670979	
A	45	7	11	22	27	32	37	42	
A	45	22415	763294	1584902	2524608	4785743	10259259	141937617	
A	46	7	11	22	27	32	37	42	
A	46	23170	790879	1634515	2597133	4891066	10476535	141949988	
A	47	7	11	22	27	32	37	42	
A	47	24041	812581	1674233	2657532	4984129	10692990	142195465	
A	48	7	11	22	27	32	37	42	
A	48	24952	815035	1670965	2648633	4953995	10559588	141615996	
A	49	7	11	22	27	32	37	42	
A	49	26039	823816	1690233	2682544	5013809	10696835	141760524	
A	50	7	11	22	27	32	37	42	
A	50	26385	835279	1706331	2694878	5018311	10692966	141679391	
A	51	7	11	22	27	32	37	42	
A	51	27505	850048	1727968	2719239	5047457	10737440	141725660	
A	52	7	11	22	27	32	37	42	
A	52	28079	871138	1767772	2771757	5145477	10909416	141653545	
A	53	7	11	22	27	32	37	42	
A	53	29239	886288	1789787	2791398	5158865	10925143	141371216	
A	54	7	11	22	27	32	37	42	
A	54	29634	900429	1813584	2823681	5213735	11037088	141564879	
A	55	7	11	22	27	32	37	42	
A	55	31436	1012566	1986968	3070257	5522026	11450350	141556622	
A	56	7	11	22	27	32	37	42	
A	56	31958	1013247	2036833	3125686	5611467	11645880	141656868	
A	57	7	11	22	27	32	37	42	
A	57	31867	968128	2033083	3076476	5565658	11675010	141639304	
A	58	7	11	22	27	32	37	42	
A	58	32716	986113	2017813	3067270	5568417	11674718	141261237	
A	59	7	11	22	27	32	37	42	
A	59	33151	989415	2005463	3046954	5523802	11557212	141463161	
A	60	7	11	22	27	32	37	42	
A	60	33917	1052519	2082308	3138402	5667510	11771291	141715613	
A	61	7	11	22	27	32	37	42	
A	61	34600	1031361	2062503	3117854	5646393	11752458	141398728	
A	62	7	11	22	27	32	37	42	
A	62	35395	1046143	2052789	3108350	5623448	11724718	141421776	
A	63	7	11	22	27	32	37	42	
A	63	37519	1138222	2176103	3246712	5802180	11983262	141418481	
A	64	7	11	22	27	32	37	42	
A	64	37165	1148198	2278226	3397190	6075352	12495223	142170332	
A	65	7	11	22	27	32	37	42	
A	65	38056	1125536	2171848	3271158	5890223	12302538	142376436	
A	66	7	11	22	27	32	37	42	
A	66	38790	1143878	2179216	3272851	5876228	12171357	142229331	
A	67	7	11	22	27	32	37	42	
A	67	40126	1181204	2220350	3322942	5949173	12277326	142287326	
A	68	7	11	22	27	32	37	42	
A	68	40663	1212861	2243682	3348292	5986993	12336461	141970924	
A	69	7	11	22	27	32	37	42	
A	69	41832	1291152	2345815	3468681	6162309	12635142	142029671	
A	70	7	11	22	27	32	37	42	
A	70	44008	1661324	2984856	4142534	6902767	13433393	142040118	
A	71	7	11	22	27	32	37	42	
A	71	43690	1671770	2919387	4049458	6766351	13289481	141783634	
A	72	7	11	22	27	32	37	42	
A	72	44749	1639847	2766462	3904395	6640268	13231465	141630637	
A	73	7	11	22	27	32	37	42	
A	73	46337	1677834	2774859	3924594	6686292	13329207	141574307	
A	74	7	11	22	27	32	37	42	
A	74	46458	1642530	2863714	4028345	6828450	13547966	141329271	
A	75	7	11	22	27	32	37	42	
A	75	49683	2028932	3175377	4636708	8109067	19480984	141650437	
A	76	7	11	22	27	32	37	42	
A	76	55245	1982291	3016800	4455458	7663206	16638043	141602747	
A	77	7	11	22	27	32	37	42	
A	77	57320	1849126	2853717	4164151	7166560	14861464	141435979	
A	78	7	11	22	27	32	37	42	
A	78	57378	1825844	2805670	4063607	6997826	14282535	141335989	
A	79	7	11	22	27	32	37	42	
A	79	57276	1815634	2796662	4031548	6941560	14057082	141202259	
A	80	7	11	22	27	32	37	42	
A	80	59986	1826668	2812504	4041943	6955078	14005904	141483821	
A	81	7	11	22	27	32	37	42	
A	81	70276	1933247	2947533	4182883	7124215	14228150	141610020	
A	82	7	11	22	27	32	37	42	
A	82	67794	1918609	2931016	4163341	7102972	14187013	141500879	
A	83	7	11	22	27	32	37	42	
A	83	64838	1879701	2890347	4120334	7050443	14122633	141112645	
A	84	7	11	22	27	32	37	42	
A	84	66599	1990479	3064257	4321077	7331738	14566422	141416406	
A	85	7	11	22	27	32	37	42	
A	85	64519	1967746	3059402	4320358	7349420	14605795	141462502	
A	86	7	11	22	27	32	37	42	
A	86	63320	1975128	3079042	4357919	7429595	14813263	141524940	
A	87	7	11	22	27	32	37	42	
A	87	68178	2012342	3120256	4396618	7467178	14855482	141174953	
A	88	7	11	22	27	32	37	42	
A	88	81169	2099870	3224144	4512200	7610493	15045153	141249629	
A	89	7	11	22	27	32	37	42	
A	89	72207	2089905	3212591	4506746	7620809	15096369	141099398	
A	90	7	11	22	27	32	37	42	
A	90	69772	2115305	3291059	4616709	7839348	15547063	141085286	
A	91	7	11	22	27	32	37	42	
A	91	70419	2116996	3258777	4581699	7780893	15451338	141076154	
A	92	7	11	22	27	32	37	42	
A	92	70674	2149831	3304211	4645056	7885967	15679907	141005867	
A	93	7	11	22	27	32	37	42	
A	93	70366	2158910	3319194	4664347	7923702	15744700	140896691	
A	94	7	11	22	27	32	37	42	
A	94	76625	2210354	3392348	4756063	8069918	16030550	141054086	
A	95	7	11	22	27	32	37	42	
A	95	81826	2279976	3488814	4869002	8226081	16250756	141326868	
A	96	7	11	22	27	32	37	42	
A	96	81063	2284365	3496454	4879955	8253409	16327740	141254833	
A	97	7	11	22	27	32	37	42	
A	97	79046	2295239	3515615	4903140	8288577	16391154	141119970	
A	98	7	11	22	27	32	37	42	
A	98	77797	2329817	3583420	4993025	8452555	16701887	141064641	
A	99	7	11	22	27	32	37	42	
A	99	77749	2354297	3605124	5018319	8485039	16742531	140950297	
A	100	7	11	22	27	32	37	42	
A	100	77074	2416955	3710705	5155505	8711640	17135685	141164759	
A	101	7	11	22	27	32	37	42	
A	101	78816	2434080	3731825	5171141	8726474	17133593	141062145	
A	102	7	11	22	27	32	37	42	
A	102	82525	2492659	3841852	5296588	8909695	17459818	141147629	
A	103	7	11	22	27	32	37	42	
A	103	85850	2556103	3952958	5416027	9079034	17707711	141009287	
A	104	7	11	22	27	32	37	42	
A	104	84172	2554304	3975209	5446737	9134529	17820121	141054001	
A	105	7	11	22	27	32	37	42	
A	105	92914	2706954	4201967	5728829	9574163	18636862	141358965	
A	106	7	11	22	27	32	37	42	
A	106	93019	2681610	4130863	5642676	9443548	18421217	141302545	
A	107	7	11	22	27	32	37	42	
A	107	92504	2764264	4258780	5805591	9699007	18934937	141258040	
A	108	7	11	22	27	32	37	42	
A	108	92144	2800197	4315712	5874532	9818497	19126034	141186763	
A	109	7	11	22	27	32	37	42	
A	109	92747	2839042	4367592	5938714	9915611	19314775	141263255	
A	110	7	11	22	27	32	37	42	
A	110	91985	2941017	4504454	6088395	10096148	19524909	141371563	
A	111	7	11	22	27	32	37	42	
A	111	89256	2944003	4535487	6139812	10240422	19814624	141339181	
A	112	7	11	22	27	32	37	42	
A	112	91938	2950633	4547665	6166308	10295124	19955636	141313162	
A	113	7	11	22	27	32	37	42	
A	113	95020	3056572	4678741	6320560	10525667	20312705	141186047	
A	114	7	11	22	27	32	37	42	
A	114	95748	3070468	4730053	6397372	10683454	20525108	141166055	
A	115	7	11	22	27	32	37	42	
A	115	98421	3170844	4840048	6549857	10970653	21086748	141262635	
A	116	7	11	22	27	32	37	42	
A	116	100603	3243804	4918470	6666658	11205337	21413359	141197611	
A	117	7	11	22	27	32	37	42	
A	117	100151	3277669	4955434	6753254	11454634	21843875	141165617	
A	118	7	11	22	27	32	37	42	
A	118	98979	3300210	4961746	6809895	11664884	22168660	141131803	
A	119	7	11	22	27	32	37	42	
A	119	100313	3410089	5107853	7026423	12092149	22935422	141115251	
A	120	7	11	22	27	32	37	42	
A	120	101029	3501527	5208356	7186746	12436440	23419091	141148888	
A	121	7	11	22	27	32	37	42	
A	121	103390	3613071	5393099	7435828	12928916	24310254	141388094	
A	122	7	11	22	27	32	37	42	
A	122	105618	3639779	5423297	7508101	13177928	24675523	141155201	
A	123	7	11	22	27	32	37	42	
A	123	107130	3731107	5579528	7680163	13466185	25147363	141036504	
A	124	7	11	22	27	32	37	42	
A	124	108758	3818780	5791693	7937165	13942871	25963294	141149867	
A	125	7	11	22	27	32	37	42	
A	125	111085	3981331	6071551	8269610	14523901	26930100	141261722	
A	126	7	11	22	27	32	37	42	
A	126	112464	4031160	6236956	8442098	14771485	27406122	141400919	
A	127	7	11	22	27	32	37	42	
A	127	112910	4059825	6337991	8566245	14982532	27781030	141356964	
A	128	7	11	22	27	32	37	42	
A	128	115669	4163063	6555118	8808269	15297910	28332071	141159282	
A	129	7	11	22	27	32	37	42	
A	129	117976	4279609	6794331	9134503	15763436	29187929	141224627	
A	130	7	11	22	27	32	37	42	
A	130	120633	4439500	7085457	9502185	16216195	29867465	141351573	
A	131	7	11	22	27	32	37	42	
A	131	121855	4457244	7208481	9666882	16412965	30245209	141291738	
A	132	7	11	22	27	32	37	42	
A	132	124050	4535393	7432012	9962951	16899078	31066907	141173880	
A	133	7	11	22	27	32	37	42	
A	133	127056	4668094	7660608	10272982	17459776	32021925	141121787	
A	134	7	11	22	27	32	37	42	
A	134	128620	4744911	7816221	10527033	18049589	32996609	141083649	
A	135	7	11	22	27	32	37	42	
A	135	130914	4869105	8007539	10801612	18873177	34336112	141312190	
A	136	7	11	22	27	32	37	42	
A	136	131760	4926162	8121656	11012220	19351794	35119820	141257655	
A	137	7	11	22	27	32	37	42	
A	137	134583	5033114	8303300	11308868	19970895	36080505	141144437	
A	138	7	11	22	27	32	37	42	
A	138	135165	5108983	8421860	11577768	20465346	36916831	141085105	
A	139	7	11	22	27	32	37	42	
A	139	137981	5235846	8615389	11919280	21074840	37865849	141051454	
A	140	7	11	22	27	32	37	42	
A	140	139713	5405955	8881169	12461218	21700496	38799050	141270170	
A	141	7	11	22	27	32	37	42	
A	141	142540	5567643	9116852	12902771	22410443	39929687	141307883	
A	142	7	11	22	27	32	37	42	
A	142	142265	5652893	9238595	13475105	22925908	40751539	141248757	
A	143	7	11	22	27	32	37	42	
A	143	146022	5827678	9485549	14100526	23521318	41610677	141071611	
A	144	7	11	22	27	32	37	42	
A	144	147419	6026358	9797634	14704399	24298561	42737239	141272208	
A	145	7	11	22	27	32	37	42	
A	145	150295	6250582	10115623	15237590	25177770	43875294	141326747	
A	146	7	11	22	27	32	37	42	
A	146	152364	6368522	10313073	15683852	25855235	44849978	141390725	
A	147	7	11	22	27	32	37	42	
A	147	154222	6517302	10534904	16187917	26548032	45745680	141367681	
A	148	7	11	22	27	32	37	42	
A	148	156648	6645913	10718535	16672290	27121269	46410758	141248923	
A	149	7	11	22	27	32	37	42	
A	149	161042	6910191	11073527	17280568	27863011	47255976	141178154	
A	150	7	11	22	27	32	37	42	
A	150	283876	13187375	22604707	34769529	53023321	79069122	140835874	
T	0	11	27	32	37	
T	0	1586454	7385758	127332455	127332505	
T	1	11	27	32	37	
T	1	1641674	7571084	150141823	150433128	
T	2	11	27	32	37	
T	2	1653308	6143625	17808334	143189709	
T	3	11	27	32	37	
T	3	879231	3387262	9060371	150683974	
T	4	11	27	32	37	
T	4	861089	3170238	7969358	146837178	
T	5	11	27	32	37	42	
T	5	410657	1811785	4965860	13676927	143227478	
T	6	11	27	32	37	42	
T	6	453171	1931099	5089099	12833029	144286194	
T	7	11	27	32	37	42	
T	7	529947	2161780	5514901	13460479	148117419	
T	8	11	22	27	32	37	42	
T	8	438469	441548	1879566	4901724	12081636	148745241	
T	9	11	22	27	32	37	42	
T	9	395282	401099	1745014	4618512	11386501	144994038	
T	10	11	22	27	32	37	42	
T	10	367997	377617	1656508	4425046	10865626	144996469	
T	11	11	22	27	32	37	42	
T	11	392231	405450	1736551	4585918	11175406	145524933	
T	12	11	22	27	32	37	42	
T	12	373925	388870	1676386	4453319	10862758	145707338	
T	13	7	11	22	27	32	37	42	
T	13	13	380167	398161	1696608	4486590	10963637	145832878	
T	14	7	11	22	27	32	37	42	
T	14	17	401257	422171	1755210	4575130	11072417	144750106	
T	15	7	11	22	27	32	37	42	
T	15	74	396187	422945	1743146	4560682	11060007	145402911	
T	16	7	11	22	27	32	37	42	
T	16	96	406198	437275	1779824	4640725	11274334	146346581	
T	17	7	11	22	27	32	37	42	
T	17	175	395788	435126	1753067	4571288	11076552	145815177	
T	18	7	11	22	27	32	37	42	
T	18	301	401192	452398	1775991	4611398	11169599	146476859	
T	19	7	11	22	27	32	37	42	
T	19	525	393716	464812	1748010	4520296	10899887	144786199	
T	20	7	11	22	27	32	37	42	
T	20	1082	415369	531708	1822342	4629635	11077334	144481890	
T	21	7	11	22	27	32	37	42	
T	21	2100	411669	612496	1838636	4584492	10930426	144515725	
T	22	7	11	22	27	32	37	42	
T	22	3531	418897	737954	1903200	4643928	10993099	144431704	
T	23	7	11	22	27	32	37	42	
T	23	6085	451159	971240	2081901	4896859	11366062	144609119	
T	24	7	11	22	27	32	37	42	
T	24	7110	462067	1057240	2120747	4885839	11313018	143755966	
T	25	7	11	22	27	32	37	42	
T	25	13177	731788	1472748	2483467	5191542	11515364	143740767	
T	26	7	11	22	27	32	37	42	
T	26	15312	760717	1627999	2581550	5274266	11543447	143634450	
T	27	7	11	22	27	32	37	42	
T	27	16946	791029	1714644	2657837	5369603	11665738	143514208	
T	28	7	11	22	27	32	37	42	
T	28	17755	850570	1848043	2819418	5643020	12157832	144278045	
T	29	7	11	22	27	32	37	42	
T	29	18075	840575	1823272	2786335	5562600	11990949	143402633	
T	30	7	11	22	27	32	37	42	
T	30	18772	853222	1837615	2794974	5549969	11902656	142951627	
T	31	7	11	22	27	32	37	42	
T	31	19402	866925	1862094	2822585	5586722	11980954	143022963	
T	32	7	11	22	27	32	37	42	
T	32	21075	915479	1957733	2948842	5824431	12432640	143561828	
T	33	7	11	22	27	32	37	42	
T	33	22069	940824	1981901	2954718	5781203	12285278	143272230	
T	34	7	11	22	27	32	37	42	
T	34	22276	925418	1982675	2967543	5792718	12285559	142836298	
T	35	7	11	22	27	32	37	42	
T	35	23370	948711	2016289	2990087	5847674	12419863	143199628	
T	36	7	11	22	27	32	37	42	
T	36	24400	979220	2073234	3054394	5937810	12555133	142748380	
T	37	7	11	22	27	32	37	42	
T	37	26016	1030716	2134124	3110939	5991665	12602497	142690828	
T	38	7	11	22	27	32	37	42	
T	38	26059	998404	2157725	3146023	6035718	12657586	142629239	
T	39	7	11	22	27	32	37	42	
T	39	26915	1018697	2138610	3116885	6003665	12664540	142620145	
T	40	7	11	22	27	32	37	42	
T	40	28083	1021627	2133005	3117281	5968919	12553174	141975722	
T	41	7	11	22	27	32	37	42	
T	41	29558	1123978	2325714	3377259	6363822	13194089	143024688	
T	42	7	11	22	27	32	37	42	
T	42	29722	1097049	2257037	3310885	6214850	12975585	142537403	
T	43	7	11	22	27	32	37	42	
T	43	30488	1374798	2709968	3876746	6857019	13696700	143148659	
T	44	7	11	22	27	32	37	42	
T	44	31344	1133103	2312119	3440296	6302336	13110179	142201859	
T	45	7	11	22	27	32	37	42	
T	45	31913	1132739	2301594	3452509	6268582	13050909	142032378	
T	46	7	11	22	27	32	37	42	
T	46	33385	1193320	2416581	3619311	6538339	13585082	142929378	
T	47	7	11	22	27	32	37	42	
T	47	33532	1197018	2412843	3612557	6488579	13446262	142421657	
T	48	7	11	22	27	32	37	42	
T	48	34508	1222435	2455148	3673499	6584397	13622966	142805217	
T	49	7	11	22	27	32	37	42	
T	49	34874	1208490	2427238	3636778	6516324	13500251	141881709	
T	50	7	11	22	27	32	37	42	
T	50	35675	1226734	2457357	3672175	6569280	13588152	142062084	
T	51	7	11	22	27	32	37	42	
T	51	36587	1248505	2492656	3710332	6615233	13641383	142021236	
T	52	7	11	22	27	32	37	42	
T	52	37798	1275784	2543815	3775904	6728540	13858003	142276979	
T	53	7	11	22	27	32	37	42	
T	53	40018	1358109	2698271	3972736	7011831	14281556	143008070	
T	54	7	11	22	27	32	37	42	
T	54	40761	1295137	2565223	3790833	6724368	13824683	141619763	
T	55	7	11	22	27	32	37	42	
T	55	45383	1456198	2844389	4168992	7256433	14615463	142471895	
T	56	7	11	22	27	32	37	42	
T	56	43558	1406554	2807795	4131850	7210271	14644580	142557087	
T	57	7	11	22	27	32	37	42	
T	57	44359	1384192	2817287	4088360	7157068	14616154	142031975	
T	58	7	11	22	27	32	37	42	
T	58	44968	1444142	2883077	4188105	7337971	14920022	142543791	
T	59	7	11	22	27	32	37	42	
T	59	45440	1396975	2769517	4026352	7049524	14361724	141434558	
T	60	7	11	22	27	32	37	42	
T	60	47079	1440572	2816170	4074558	7120617	14427695	141235171	
T	61	7	11	22	27	32	37	42	
T	61	47714	1513622	2971296	4292607	7493268	15103433	142523004	
T	62	7	11	22	27	32	37	42	
T	62	48666	1492420	2895571	4199494	7352098	14976700	142565409	
T	63	7	11	22	27	32	37	42	
T	63	50189	1546562	2951888	4248082	7383362	14920587	141587104	
T	64	7	11	22	27	32	37	42	
T	64	50447	1519865	2973801	4282260	7448722	15032856	141573652	
T	65	7	11	22	27	32	37	42	
T	65	50647	1520750	2903682	4205070	7345679	14931085	141449919	
T	66	7	11	22	27	32	37	42	
T	66	51724	1562912	2950723	4259009	7424972	15016978	141531866	
T	67	7	11	22	27	32	37	42	
T	67	52469	1610487	3007073	4329136	7535087	15184952	141689577	
T	68	7	11	22	27	32	37	42	
T	68	53101	1642734	3022005	4340841	7538064	15185303	141608053	
T	69	7	11	22	27	32	37	42	
T	69	54394	1710652	3094181	4424850	7652989	15375040	141351445	
T	70	7	11	22	27	32	37	42	
T	70	56225	1814146	3259999	4600379	7852915	15609656	141143126	
T	71	7	11	22	27	32	37	42	
T	71	56578	1874162	3307662	4653734	7940682	15778234	141493890	
T	72	7	11	22	27	32	37	42	
T	72	57250	1964772	3374090	4739233	8056116	15974035	141499581	
T	73	7	11	22	27	32	37	42	
T	73	59076	2078079	3473076	4845642	8190106	16160935	141522147	
T	74	7	11	22	27	32	37	42	
T	74	59733	1984772	3517178	4916640	8313524	16410987	141584712	
T	75	7	11	22	27	32	37	42	
T	75	60973	2488775	4013191	5729423	10068437	24577436	141388161	
T	76	7	11	22	27	32	37	42	
T	76	68864	2545693	3953209	5653520	9587289	20213375	141643406	
T	77	7	11	22	27	32	37	42	
T	77	67940	2384598	3753424	5319804	9023275	18197026	141715698	
T	78	7	11	22	27	32	37	42	
T	78	68521	2348613	3682574	5190036	8810699	17520526	141370910	
T	79	7	11	22	27	32	37	42	
T	79	68421	2352220	3685265	5170210	8761326	17285323	141297517	
T	80	7	11	22	27	32	37	42	
T	80	71712	2364696	3694954	5164137	8733946	17162528	141324360	
T	81	7	11	22	27	32	37	42	
T	81	73088	2412515	3772209	5258047	8881827	17390545	141505006	
T	82	7	11	22	27	32	37	42	
T	82	78007	2484967	3864461	5359455	9002127	17545896	141714111	
T	83	7	11	22	27	32	37	42	
T	83	75184	2436474	3807480	5294597	8926533	17457270	141501446	
T	84	7	11	22	27	32	37	42	
T	84	78713	2532221	3950557	5452305	9129889	17736626	141233130	
T	85	7	11	22	27	32	37	42	
T	85	74931	2503315	3944635	5449623	9138813	17768479	141471234	
T	86	7	11	22	27	32	37	42	
T	86	76282	2555987	4019756	5545669	9286926	18045775	141415006	
T	87	7	11	22	27	32	37	42	
T	87	84359	2641024	4119590	5650502	9414381	18222057	141481316	
T	88	7	11	22	27	32	37	42	
T	88	81503	2612729	4090477	5632957	9409863	18230789	141375330	
T	89	7	11	22	27	32	37	42	
T	89	88577	2706622	4199401	5742570	9539352	18407046	141421270	
T	90	7	11	22	27	32	37	42	
T	90	84731	2718315	4263226	5835964	9724438	18776499	141422193	
T	91	7	11	22	27	32	37	42	
T	91	84641	2732463	4245032	5825665	9707866	18773801	141552531	
T	92	7	11	22	27	32	37	42	
T	92	85581	2789275	4329810	5935221	9886158	19093605	141710220	
T	93	7	11	22	27	32	37	42	
T	93	88307	2813673	4362723	5972556	9945413	19182791	141392774	
T	94	7	11	22	27	32	37	42	
T	94	99955	2901214	4464494	6085177	10077143	19361454	141370786	
T	95	7	11	22	27	32	37	42	
T	95	96489	2892894	4465275	6088602	10095639	19410582	141141272	
T	96	7	11	22	27	32	37	42	
T	96	106919	2977005	4573054	6208796	10257283	19655555	141318027	
T	97	7	11	22	27	32	37	42	
T	97	106911	3017871	4634965	6288821	10382529	19876497	141434330	
T	98	7	11	22	27	32	37	42	
T	98	100145	3019720	4662746	6330230	10487106	20071811	141294005	
T	99	7	11	22	27	32	37	42	
T	99	104820	3072490	4713403	6385764	10546310	20134014	141243003	
T	100	7	11	22	27	32	37	42	
T	100	103249	3080598	4736356	6414904	10611145	20253719	141028499	
T	101	7	11	22	27	32	37	42	
T	101	105481	3123458	4799922	6488205	10726538	20446371	141330336	
T	102	7	11	22	27	32	37	42	
T	102	114766	3218299	4954511	6665772	10967365	20797498	141214130	
T	103	7	11	22	27	32	37	42	
T	103	122972	3306025	5086485	6806414	11152647	21058202	141201723	
T	104	7	11	22	27	32	37	42	
T	104	116097	3284642	5087885	6806425	11184757	21164145	141108717	
T	105	7	11	22	27	32	37	42	
T	105	115671	3346813	5197681	6954082	11427681	21639483	141073398	
T	106	7	11	22	27	32	37	42	
T	106	115813	3358443	5191624	6954991	11448175	21743851	141379716	
T	107	7	11	22	27	32	37	42	
T	107	114270	3457718	5334689	7140495	11729033	22217187	141399510	
T	108	7	11	22	27	32	37	42	
T	108	113873	3472146	5367791	7176038	11795285	22322094	141099230	
T	109	7	11	22	27	32	37	42	
T	109	116258	3510567	5412939	7228554	11870866	22492639	141232991	
T	110	7	11	22	27	32	37	42	
T	110	117200	3571453	5493258	7307145	11954193	22572353	140911211	
T	111	7	11	22	27	32	37	42	
T	111	117353	3653387	5630994	7483600	12258615	23064381	141088980	
T	112	7	11	22	27	32	37	42	
T	112	118007	3674971	5659170	7534501	12356428	23253544	141285651	
T	113	7	11	22	27	32	37	42	
T	113	120258	3770648	5774193	7670645	12553025	23515177	141330220	
T	114	7	11	22	27	32	37	42	
T	114	119770	3768576	5803984	7718374	12673203	23660396	141094983	
T	115	7	11	22	27	32	37	42	
T	115	121242	3863013	5905689	7863773	12948369	24175677	141135963	
T	116	7	11	22	27	32	37	42	
T	116	123041	3951337	6006308	8021066	13257236	24593587	141134730	
T	117	7	11	22	27	32	37	42	
T	117	123391	4034524	6091061	8174164	13601891	25072758	141287615	
T	118	7	11	22	27	32	37	42	
T	118	123467	4072108	6107341	8253692	13865334	25415299	141159835	
T	119	7	11	22	27	32	37	42	
T	119	126298	4186963	6247324	8461841	14267641	26037381	140998660	
T	120	7	11	22	27	32	37	42	
T	120	127313	4250864	6303023	8587965	14581103	26442860	140926612	
T	121	7	11	22	27	32	37	42	
T	121	131128	4423549	6561529	8928499	15189399	27383593	141093352	
T	122	7	11	22	27	32	37	42	
T	122	132360	4501910	6657675	9105955	15621303	27981129	141228653	
T	123	7	11	22	27	32	37	42	
T	123	133289	4586239	6800195	9270566	15881895	28364274	141100639	
T	124	7	11	22	27	32	37	42	
T	124	136357	4679459	7008058	9534002	16358516	29114447	141109025	
T	125	7	11	22	27	32	37	42	
T	125	138962	4827783	7263089	9844982	16895266	29962723	141129594	
T	126	7	11	22	27	32	37	42	
T	126	140237	4908881	7473930	10097379	17236375	30533794	141027189	
T	127	7	11	22	27	32	37	42	
T	127	141605	4991133	7640904	10317466	17567896	31030460	141151586	
T	128	7	11	22	27	32	37	42	
T	128	144582	5101035	7873060	10583611	17887258	31597840	141070312	
T	129	7	11	22	27	32	37	42	
T	129	147756	5214013	8099404	10890660	18291452	32311114	141003884	
T	130	7	11	22	27	32	37	42	
T	130	150637	5317913	8312327	11178778	18633650	32868240	140918036	
T	131	7	11	22	27	32	37	42	
T	131	152386	5409956	8541242	11480303	18990222	33438718	141104696	
T	132	7	11	22	27	32	37	42	
T	132	155090	5531260	8817694	11853590	19536608	34312634	141121743	
T	133	7	11	22	27	32	37	42	
T	133	157735	5656361	9035582	12137276	20032693	35163243	141062583	
T	134	7	11	22	27	32	37	42	
T	134	158642	5701539	9133415	12321653	20501338	36008858	141052901	
T	135	7	11	22	27	32	37	42	
T	135	161016	5796319	9280162	12559678	21232188	37188534	141036600	
T	136	7	11	22	27	32	37	42	
T	136	163148	5927088	9505220	12929515	21930558	38331927	141312877	
T	137	7	11	22	27	32	37	42	
T	137	164400	6072339	9732550	13285009	22630685	39379090	141430613	
T	138	7	11	22	27	32	37	42	
T	138	166459	6165172	9859925	13549259	23048074	40124608	141364558	
T	139	7	11	22	27	32	37	42	
T	139	169484	6265250	9986674	13822767	23557841	40984433	141373387	
T	140	7	11	22	27	32	37	42	
T	140	171879	6415736	10209868	14297997	24079697	41785041	141322275	
T	141	7	11	22	27	32	37	42	
T	141	175007	6622249	10499733	14817519	24882506	42981187	141427333	
T	142	7	11	22	27	32	37	42	
T	142	176123	6815429	10737607	15515545	25557699	44061953	141499830	
T	143	7	11	22	27	32	37	42	
T	143	179781	6999977	10964401	16088102	26079456	44841967	141498074	
T	144	7	11	22	27	32	37	42	
T	144	180729	7139030	11154509	16518397	26612868	45633789	141239355	
T	145	7	11	22	27	32	37	42	
T	145	184799	7368999	11478452	17051201	27554736	46850478	141416453	
T	146	7	11	22	27	32	37	42	
T	146	186708	7547870	11753393	17598672	28318377	47904114	141551343	
T	147	7	11	22	27	32	37	42	
T	147	189155	7777407	12047970	18178915	29132339	48935005	141675196	
T	148	7	11	22	27	32	37	42	
T	148	190310	7901415	12192198	18599195	29656887	49579870	141714473	
T	149	7	11	22	27	32	37	42	
T	149	194552	8124588	12489242	19124663	30305764	50268571	141594561	
T	150	7	11	22	27	32	37	42	
T	150	317512	14704470	23548357	35214237	52730529	78582851	142362671	
G	0	11	27	32	37	
G	0	285888	1918005	84873986	84874081	
G	1	11	27	32	37	
G	1	238652	1786820	90153215	90722794	
G	2	11	27	32	37	
G	2	301277	1785279	6485030	87211761	
G	3	11	27	32	37	
G	3	290173	1443036	4371501	89248354	
G	4	11	27	32	37	
G	4	202183	1051549	3286363	96040723	
G	5	11	27	32	37	42	
G	5	163170	999097	2936431	8922778	95315507	
G	6	11	27	32	37	42	
G	6	105711	715381	2236896	6804616	96332992	
G	7	11	22	27	32	37	42	
G	7	100891	102051	685327	2135250	6183964	92969439	
G	8	11	22	27	32	37	42	
G	8	99638	102124	670043	2064824	6040203	93271346	
G	9	11	22	27	32	37	42	
G	9	102640	107515	711326	2165281	6173985	95785612	
G	10	11	22	27	32	37	42	
G	10	103524	111492	731705	2167373	6066549	94579903	
G	11	11	22	27	32	37	42	
G	11	102408	111664	723616	2153756	6010959	94747744	
G	12	11	22	27	32	37	42	
G	12	107528	118339	749312	2198710	6080087	94329062	
G	13	7	11	22	27	32	37	42	
G	13	37	98554	110101	694210	2067123	5856234	94513792	
G	14	7	11	22	27	32	37	42	
G	14	51	105362	119060	735497	2158555	6005718	94868626	
G	15	7	11	22	27	32	37	42	
G	15	115	110288	127188	769543	2237768	6179935	95566507	
G	16	7	11	22	27	32	37	42	
G	16	222	110790	130452	769776	2224235	6125452	94953358	
G	17	7	11	22	27	32	37	42	
G	17	330	110098	133101	759438	2192361	6059935	94510391	
G	18	7	11	22	27	32	37	42	
G	18	575	112959	141580	776354	2222994	6129137	95180181	
G	19	7	11	22	27	32	37	42	
G	19	994	126564	166561	845104	2368569	6414555	96499119	
G	20	7	11	22	27	32	37	42	
G	20	1993	135626	195981	868521	2388612	6399378	96068679	
G	21	7	11	22	27	32	37	42	
G	21	4070	140428	242417	907119	2444928	6472793	96242964	
G	22	7	11	22	27	32	37	42	
G	22	7074	154258	314949	967651	2524935	6536494	96343599	
G	23	7	11	22	27	32	37	42	
G	23	11715	172955	427282	1067707	2672709	6675526	96728291	
G	24	7	11	22	27	32	37	42	
G	24	14691	189015	482749	1116250	2730435	6766207	96785829	
G	25	7	11	22	27	32	37	42	
G	25	29200	305304	664780	1273464	2863725	6836250	97107301	
G	26	7	11	22	27	32	37	42	
G	26	35873	338974	766101	1362425	2980345	6936271	97151008	
G	27	7	11	22	27	32	37	42	
G	27	40140	371982	845547	1456008	3129559	7181537	97915994	
G	28	7	11	22	27	32	37	42	
G	28	44671	397672	889584	1505548	3185287	7217080	97575974	
G	29	7	11	22	27	32	37	42	
G	29	45341	399783	892537	1507037	3188260	7235910	97752864	
G	30	7	11	22	27	32	37	42	
G	30	48228	423088	933505	1561387	3273881	7370156	98103820	
G	31	7	11	22	27	32	37	42	
G	31	51096	433686	944834	1571101	3273781	7343022	97998335	
G	32	7	11	22	27	32	37	42	
G	32	55356	457182	984021	1619256	3346260	7476951	97846267	
G	33	7	11	22	27	32	37	42	
G	33	60050	505638	1048543	1690751	3428473	7584675	98089023	
G	34	7	11	22	27	32	37	42	
G	34	58954	475377	1022891	1668362	3409415	7561485	98326588	
G	35	7	11	22	27	32	37	42	
G	35	61370	477484	1013075	1641721	3366460	7512860	98029496	
G	36	7	11	22	27	32	37	42	
G	36	64754	502022	1059375	1702662	3469659	7696875	98637631	
G	37	7	11	22	27	32	37	42	
G	37	73442	598875	1195002	1865287	3676444	7968009	98688792	
G	38	7	11	22	27	32	37	42	
G	38	68838	533601	1146229	1809015	3617020	7918869	98999060	
G	39	7	11	22	27	32	37	42	
G	39	71793	546478	1134209	1795573	3603765	7940498	98618263	
G	40	7	11	22	27	32	37	42	
G	40	74325	559004	1151284	1822407	3634847	7969900	98750620	
G	41	7	11	22	27	32	37	42	
G	41	77954	576061	1168333	1848614	3658851	7985805	98452457	
G	42	7	11	22	27	32	37	42	
G	42	79191	589670	1181913	1875477	3682052	8040279	98477523	
G	43	7	11	22	27	32	37	42	
G	43	81872	612571	1200400	1909783	3700455	8067697	98503252	
G	44	7	11	22	27	32	37	42	
G	44	84017	631430	1229139	1963952	3777460	8206049	98607269	
G	45	7	11	22	27	32	37	42	
G	45	88118	665268	1284767	2061525	3942304	8696745	99490832	
G	46	7	11	22	27	32	37	42	
G	46	90698	674916	1284178	2050808	3878930	8372277	98776099	
G	47	7	11	22	27	32	37	42	
G	47	93884	690860	1307404	2084316	3918662	8452544	98770666	
G	48	7	11	22	27	32	37	42	
G	48	95767	700813	1321467	2104043	3950003	8521463	98783022	
G	49	7	11	22	27	32	37	42	
G	49	99147	724491	1371462	2173256	4085611	8812654	99526661	
G	50	7	11	22	27	32	37	42	
G	50	101509	719259	1348341	2132902	3990562	8585293	98736802	
G	51	7	11	22	27	32	37	42	
G	51	107433	741980	1386646	2181074	4063192	8702971	98871882	
G	52	7	11	22	27	32	37	42	
G	52	112207	774244	1451832	2259740	4202944	8968054	99463162	
G	53	7	11	22	27	32	37	42	
G	53	122314	787285	1457743	2257294	4179132	8906124	98955140	
G	54	7	11	22	27	32	37	42	
G	54	121349	799643	1487376	2293221	4235783	9010767	99367115	
G	55	7	11	22	27	32	37	42	
G	55	137667	942819	1695662	2545264	4522653	9352595	99284062	
G	56	7	11	22	27	32	37	42	
G	56	138495	921654	1695501	2548067	4552664	9442436	99167052	
G	57	7	11	22	27	32	37	42	
G	57	138586	878557	1667037	2491792	4487752	9398831	98908343	
G	58	7	11	22	27	32	37	42	
G	58	144392	907112	1683944	2518912	4544689	9523657	99175606	
G	59	7	11	22	27	32	37	42	
G	59	149110	944226	1746628	2612915	4714076	9851533	99788943	
G	60	7	11	22	27	32	37	42	
G	60	155933	970514	1753322	2595983	4642124	9630635	99213061	
G	61	7	11	22	27	32	37	42	
G	61	158462	951388	1724308	2564203	4605610	9573151	98965741	
G	62	7	11	22	27	32	37	42	
G	62	162284	962775	1723776	2568769	4610735	9618369	99096565	
G	63	7	11	22	27	32	37	42	
G	63	173687	1098303	1923365	2804120	4948527	10162940	100067039	
G	64	7	11	22	27	32	37	42	
G	64	171547	1023692	1848664	2715518	4811486	9909113	99335298	
G	65	7	11	22	27	32	37	42	
G	65	173672	1021336	1801960	2663333	4755167	9878497	99179090	
G	66	7	11	22	27	32	37	42	
G	66	178378	1047880	1831458	2698837	4796561	9908296	99152058	
G	67	7	11	22	27	32	37	42	
G	67	181589	1072588	1857722	2729795	4835109	9952889	98840939	
G	68	7	11	22	27	32	37	42	
G	68	186548	1100296	1883890	2759808	4877270	10024644	98986656	
G	69	7	11	22	27	32	37	42	
G	69	193078	1159526	1959298	2848907	4994550	10203244	99376939	
G	70	7	11	22	27	32	37	42	
G	70	201711	1288032	2172892	3079984	5273749	10554221	99620863	
G	71	7	11	22	27	32	37	42	
G	71	197809	1290281	2142498	3043438	5227101	10520327	99466485	
G	72	7	11	22	27	32	37	42	
G	72	201682	1360973	2202636	3113171	5312490	10638291	99562850	
G	73	7	11	22	27	32	37	42	
G	73	207545	1453129	2323128	3245378	5479191	10881750	99596221	
G	74	7	11	22	27	32	37	42	
G	74	210840	1393698	2290440	3211138	5438792	10799216	99445959	
G	75	7	11	22	27	32	37	42	
G	75	245436	1897919	3037161	4408218	8309891	24209331	99484980	
G	76	7	11	22	27	32	37	42	
G	76	257170	1749319	2643286	3803011	6634000	14892206	99290991	
G	77	7	11	22	27	32	37	42	
G	77	266723	1685554	2535724	3582375	6096263	12637512	99341793	
G	78	7	11	22	27	32	37	42	
G	78	273100	1664302	2481212	3482972	5888354	11888014	99722513	
G	79	7	11	22	27	32	37	42	
G	79	281444	1691330	2509001	3490577	5846730	11620634	99738334	
G	80	7	11	22	27	32	37	42	
G	80	284202	1649740	2453219	3426284	5764967	11457579	99641316	
G	81	7	11	22	27	32	37	42	
G	81	292751	1672217	2484800	3458663	5802530	11484986	99509185	
G	82	7	11	22	27	32	37	42	
G	82	304065	1735575	2571799	3550939	5913455	11636252	99641208	
G	83	7	11	22	27	32	37	42	
G	83	293890	1691185	2521876	3503448	5880404	11657634	99718715	
G	84	7	11	22	27	32	37	42	
G	84	316249	1839961	2743603	3739651	6151109	11946810	99506852	
G	85	7	11	22	27	32	37	42	
G	85	302552	1764853	2641813	3632833	6041545	11862159	99265947	
G	86	7	11	22	27	32	37	42	
G	86	335902	1897415	2802273	3811692	6257312	12144445	99471959	
G	87	7	11	22	27	32	37	42	
G	87	331573	1864043	2762364	3773903	6228175	12182223	99537478	
G	88	7	11	22	27	32	37	42	
G	88	332806	1846784	2747974	3764226	6236470	12202765	99584880	
G	89	7	11	22	27	32	37	42	
G	89	335410	1920468	2838407	3862742	6354410	12367825	99574930	
G	90	7	11	22	27	32	37	42	
G	90	356711	1994511	2953740	4004087	6561130	12687931	99557785	
G	91	7	11	22	27	32	37	42	
G	91	340538	1926041	2847591	3889912	6435227	12574593	99405833	
G	92	7	11	22	27	32	37	42	
G	92	339570	1954110	2890452	3949491	6530537	12741866	99311478	
G	93	7	11	22	27	32	37	42	
G	93	385591	2088863	3050919	4123897	6744071	13033227	99613391	
G	94	7	11	22	27	32	37	42	
G	94	382138	2065033	3029401	4111648	6753850	13088598	99553613	
G	95	7	11	22	27	32	37	42	
G	95	377240	2053626	3023356	4107508	6767494	13159402	99537733	
G	96	7	11	22	27	32	37	42	
G	96	385033	2094113	3076728	4171267	6864499	13311824	99637589	
G	97	7	11	22	27	32	37	42	
G	97	391964	2137215	3136083	4236568	6955573	13446701	99550309	
G	98	7	11	22	27	32	37	42	
G	98	382021	2142115	3156944	4273322	7040543	13586673	99620551	
G	99	7	11	22	27	32	37	42	
G	99	387743	2175117	3193583	4315253	7108415	13685295	99750616	
G	100	7	11	22	27	32	37	42	
G	100	425110	2300392	3352977	4494347	7337092	13970427	99837189	
G	101	7	11	22	27	32	37	42	
G	101	410603	2278978	3352573	4502754	7384202	14057627	99624139	
G	102	7	11	22	27	32	37	42	
G	102	427529	2365010	3474939	4641106	7571410	14319531	99869241	
G	103	7	11	22	27	32	37	42	
G	103	431430	2388025	3510194	4676549	7640958	14445044	99756259	
G	104	7	11	22	27	32	37	42	
G	104	450064	2430908	3570824	4742513	7748653	14603525	99804305	
G	105	7	11	22	27	32	37	42	
G	105	443263	2438444	3608681	4805960	7869534	14833716	99648081	
G	106	7	11	22	27	32	37	42	
G	106	433663	2388334	3528416	4722315	7807039	14829822	99571032	
G	107	7	11	22	27	32	37	42	
G	107	443298	2532443	3727324	4948703	8088999	15162416	99605464	
G	108	7	11	22	27	32	37	42	
G	108	436387	2512055	3707150	4938079	8118393	15286245	99648107	
G	109	7	11	22	27	32	37	42	
G	109	437250	2510870	3699546	4929201	8133492	15345881	99451210	
G	110	7	11	22	27	32	37	42	
G	110	441723	2641498	3901748	5158713	8438408	15728244	99766576	
G	111	7	11	22	27	32	37	42	
G	111	449380	2649185	3901044	5161740	8479975	15781694	99634498	
G	112	7	11	22	27	32	37	42	
G	112	450834	2639220	3885304	5154864	8525673	15885210	99506417	
G	113	7	11	22	27	32	37	42	
G	113	465624	2795323	4089754	5380241	8820725	16203641	99611499	
G	114	7	11	22	27	32	37	42	
G	114	459248	2711137	4006572	5312601	8825923	16327345	99762832	
G	115	7	11	22	27	32	37	42	
G	115	468471	2794739	4088321	5428570	9035359	16692481	99752935	
G	116	7	11	22	27	32	37	42	
G	116	476822	2860091	4157746	5526968	9209633	16968296	99690179	
G	117	7	11	22	27	32	37	42	
G	117	475551	2883627	4177807	5581084	9367450	17275519	99579882	
G	118	7	11	22	27	32	37	42	
G	118	477434	2908816	4191847	5640380	9533263	17667472	99665908	
G	119	7	11	22	27	32	37	42	
G	119	488242	3010939	4322238	5821537	9839773	18215217	99641267	
G	120	7	11	22	27	32	37	42	
G	120	491375	3052910	4354371	5899330	10019429	18581162	99686323	
G	121	7	11	22	27	32	37	42	
G	121	505356	3169972	4521505	6114414	10357031	19194963	99531155	
G	122	7	11	22	27	32	37	42	
G	122	509735	3201626	4549658	6190880	10560386	19649881	99573726	
G	123	7	11	22	27	32	37	42	
G	123	520183	3300543	4685190	6346234	10755898	19988508	99515786	
G	124	7	11	22	27	32	37	42	
G	124	527014	3341989	4800669	6508290	11037674	20549797	99359421	
G	125	7	11	22	27	32	37	42	
G	125	539566	3465427	4990237	6738631	11385058	21157350	99289067	
G	126	7	11	22	27	32	37	42	
G	126	546672	3507400	5103981	6881699	11584892	21523256	99378018	
G	127	7	11	22	27	32	37	42	
G	127	551151	3529552	5171282	6974450	11733149	21819729	99292424	
G	128	7	11	22	27	32	37	42	
G	128	563547	3649315	5381028	7217955	12052993	22317152	99383889	
G	129	7	11	22	27	32	37	42	
G	129	571799	3722218	5540126	7433019	12374608	22830509	99458200	
G	130	7	11	22	27	32	37	42	
G	130	587498	3859354	5772776	7723307	12771028	23399996	99485373	
G	131	7	11	22	27	32	37	42	
G	131	590469	3835722	5808806	7766015	12832488	23475700	99324094	
G	132	7	11	22	27	32	37	42	
G	132	603355	3931686	6012416	8023259	13265303	24067019	99412418	
G	133	7	11	22	27	32	37	42	
G	133	614875	4051651	6214081	8281357	13697512	24713567	99309551	
G	134	7	11	22	27	32	37	42	
G	134	620276	4085758	6300490	8410832	14079316	25263001	99293727	
G	135	7	11	22	27	32	37	42	
G	135	627172	4147715	6400851	8556074	14562299	25936327	99257531	
G	136	7	11	22	27	32	37	42	
G	136	638022	4207685	6506931	8715029	14928334	26463857	99145212	
G	137	7	11	22	27	32	37	42	
G	137	651937	4328948	6706856	8995123	15435354	27113616	99187254	
G	138	7	11	22	27	32	37	42	
G	138	655959	4374495	6776547	9146044	15754165	27603441	99287556	
G	139	7	11	22	27	32	37	42	
G	139	668906	4494874	6945695	9410676	16216725	28243792	99329025	
G	140	7	11	22	27	32	37	42	
G	140	676063	4562952	7064611	9700839	16563202	28777454	99250135	
G	141	7	11	22	27	32	37	42	
G	141	690773	4688941	7233587	9995768	17000896	29365490	99253027	
G	142	7	11	22	27	32	37	42	
G	142	695700	4784733	7364061	10443738	17447017	30054041	99234155	
G	143	7	11	22	27	32	37	42	
G	143	709490	4955666	7577004	10904759	17894084	30649181	99310062	
G	144	7	11	22	27	32	37	42	
G	144	722040	5096348	7801191	11315147	18398333	31307481	99416660	
G	145	7	11	22	27	32	37	42	
G	145	735618	5242699	7988100	11644062	18934470	31970189	99397826	
G	146	7	11	22	27	32	37	42	
G	146	743041	5309349	8092447	11892689	19299341	32448160	99246494	
G	147	7	11	22	27	32	37	42	
G	147	753190	5441596	8272719	12268749	19800601	33046027	99313235	
G	148	7	11	22	27	32	37	42	
G	148	759210	5524773	8398213	12618285	20234603	33568383	99368103	
G	149	7	11	22	27	32	37	42	
G	149	780062	5820489	8757616	13149313	20834873	34215033	99561045	
G	150	7	11	22	27	32	37	42	
G	150	1352119	9917186	15992112	23893629	35336006	53363935	99715832	
C	0	11	27	32	37	
C	0	824908	4171786	103583605	103583742	
C	1	11	27	32	37	
C	1	543768	3106139	87732681	87863321	
C	2	11	27	32	37	
C	2	420214	2155629	7598319	101444056	
C	3	11	27	32	37	
C	3	295941	1429509	4232110	95022212	
C	4	11	27	32	37	
C	4	168521	797812	2572989	88241271	
C	5	11	27	32	37	42	
C	5	176680	1037117	2983297	8738236	94491420	
C	6	11	27	32	37	42	
C	6	157524	950934	2680570	7279557	92716719	
C	7	11	22	27	32	37	42	
C	7	156190	158195	935510	2562517	6869987	95435993	
C	8	11	22	27	32	37	42	
C	8	138390	141545	846604	2383990	6435604	94910566	
C	9	11	22	27	32	37	42	
C	9	130785	136477	810101	2314769	6265278	95829333	
C	10	11	22	27	32	37	42	
C	10	127537	134677	806400	2308283	6227486	96602996	
C	11	11	22	27	32	37	42	
C	11	125461	134483	785717	2232717	6062294	95307073	
C	12	11	22	27	32	37	42	
C	12	131584	142255	821921	2315888	6221215	95767466	
C	13	7	11	22	27	32	37	42	
C	13	23	134616	147863	842148	2344301	6219339	95214429	
C	14	7	11	22	27	32	37	42	
C	14	53	138217	152783	852089	2361693	6308139	96462573	
C	15	7	11	22	27	32	37	42	
C	15	136	134273	150787	826224	2288089	6124594	95505582	
C	16	7	11	22	27	32	37	42	
C	16	222	134803	153050	825383	2288988	6155197	95634699	
C	17	7	11	22	27	32	37	42	
C	17	398	145659	169424	876505	2404920	6392890	97124768	
C	18	7	11	22	27	32	37	42	
C	18	702	145573	175014	872007	2375111	6297698	96245310	
C	19	7	11	22	27	32	37	42	
C	19	1279	151146	191023	901864	2439317	6396633	96433173	
C	20	7	11	22	27	32	37	42	
C	20	2469	156455	215388	910922	2423259	6345724	96251796	
C	21	7	11	22	27	32	37	42	
C	21	5023	162248	263576	947835	2475850	6397816	96560043	
C	22	7	11	22	27	32	37	42	
C	22	8925	181445	348272	1038308	2629488	6603071	97346596	
C	23	7	11	22	27	32	37	42	
C	23	15579	194672	452603	1106286	2688196	6569624	97030172	
C	24	7	11	22	27	32	37	42	
C	24	18998	211297	515146	1174007	2805951	6807958	97791283	
C	25	7	11	22	27	32	37	42	
C	25	38585	336703	701744	1324340	2909994	6782784	97790496	
C	26	7	11	22	27	32	37	42	
C	26	46974	369965	799147	1408211	3006828	6832994	97560190	
C	27	7	11	22	27	32	37	42	
C	27	53092	398114	861369	1475359	3094694	6923112	97426240	
C	28	7	11	22	27	32	37	42	
C	28	56662	420957	906868	1526021	3177133	7054624	97271438	
C	29	7	11	22	27	32	37	42	
C	29	60679	440227	939652	1569891	3247304	7196157	98201075	
C	30	7	11	22	27	32	37	42	
C	30	62948	444222	937658	1563627	3219464	7109310	97375063	
C	31	7	11	22	27	32	37	42	
C	31	66532	464175	975855	1618136	3315755	7310671	98184850	
C	32	7	11	22	27	32	37	42	
C	32	70102	478819	999092	1645538	3354520	7341158	97869830	
C	33	7	11	22	27	32	37	42	
C	33	74437	512168	1044100	1690507	3394902	7383167	97509728	
C	34	7	11	22	27	32	37	42	
C	34	78238	514472	1065291	1726837	3452099	7470653	98222877	
C	35	7	11	22	27	32	37	42	
C	35	81444	523319	1067200	1721648	3445790	7462799	97979065	
C	36	7	11	22	27	32	37	42	
C	36	85648	542006	1093036	1745986	3473395	7495711	97942843	
C	37	7	11	22	27	32	37	42	
C	37	93196	611198	1187128	1857348	3620201	7732218	98490884	
C	38	7	11	22	27	32	37	42	
C	38	93995	585214	1196922	1870866	3650458	7780576	98354738	
C	39	7	11	22	27	32	37	42	
C	39	98956	610446	1203865	1889010	3687206	7876625	98737279	
C	40	7	11	22	27	32	37	42	
C	40	103197	619522	1205839	1887978	3661509	7789756	98055124	
C	41	7	11	22	27	32	37	42	
C	41	111299	652361	1250276	1950484	3742658	7903091	98299895	
C	42	7	11	22	27	32	37	42	
C	42	111718	681008	1294184	2020144	3864824	8191275	99132069	
C	43	7	11	22	27	32	37	42	
C	43	115505	775285	1387156	2126884	3927241	8164420	98756530	
C	44	7	11	22	27	32	37	42	
C	44	118700	746929	1407240	2200713	4181841	8907115	99551944	
C	45	7	11	22	27	32	37	42	
C	45	121233	746260	1360386	2141130	3953457	8262169	98577647	
C	46	7	11	22	27	32	37	42	
C	46	126809	772289	1393358	2186004	4006193	8331811	98369954	
C	47	7	11	22	27	32	37	42	
C	47	130595	797820	1431777	2237957	4077611	8456791	98652116	
C	48	7	11	22	27	32	37	42	
C	48	135213	821728	1466689	2283026	4136650	8537682	98838479	
C	49	7	11	22	27	32	37	42	
C	49	139152	832830	1486236	2306142	4171370	8604600	98873104	
C	50	7	11	22	27	32	37	42	
C	50	142740	860048	1534027	2375432	4293801	8851751	99560739	
C	51	7	11	22	27	32	37	42	
C	51	147169	866858	1540600	2371328	4268082	8778945	99419488	
C	52	7	11	22	27	32	37	42	
C	52	152803	883833	1568605	2394623	4293319	8773571	98641348	
C	53	7	11	22	27	32	37	42	
C	53	160248	911159	1614790	2445505	4368473	8903887	98705706	
C	54	7	11	22	27	32	37	42	
C	54	169043	946813	1671967	2543787	4559647	9346338	99484854	
C	55	7	11	22	27	32	37	42	
C	55	176389	1011081	1769869	2632936	4590282	9173040	98731740	
C	56	7	11	22	27	32	37	42	
C	56	173963	1008893	1800420	2673661	4668337	9351744	98651299	
C	57	7	11	22	27	32	37	42	
C	57	175342	1008115	1842197	2715630	4768381	9613093	99455468	
C	58	7	11	22	27	32	37	42	
C	58	179629	1015857	1815660	2677999	4694037	9444603	99055687	
C	59	7	11	22	27	32	37	42	
C	59	182859	1026665	1828349	2695096	4723319	9494329	99354609	
C	60	7	11	22	27	32	37	42	
C	60	190398	1083065	1914087	2812502	4912240	9822325	99871151	
C	61	7	11	22	27	32	37	42	
C	61	193366	1071176	1882326	2759194	4815042	9600296	99154700	
C	62	7	11	22	27	32	37	42	
C	62	195985	1080377	1875597	2754050	4806790	9608519	98954802	
C	63	7	11	22	27	32	37	42	
C	63	204644	1159003	1981308	2875907	4964861	9816825	98967594	
C	64	7	11	22	27	32	37	42	
C	64	205831	1138286	1997284	2899598	5011039	9905110	98965275	
C	65	7	11	22	27	32	37	42	
C	65	207741	1145351	1966903	2872691	4987777	9922244	99027580	
C	66	7	11	22	27	32	37	42	
C	66	212553	1173084	1995981	2906796	5030647	9955046	99128905	
C	67	7	11	22	27	32	37	42	
C	67	218522	1206221	2036192	2956897	5101548	10055487	99226594	
C	68	7	11	22	27	32	37	42	
C	68	223629	1245796	2079327	3009200	5170452	10158152	99469405	
C	69	7	11	22	27	32	37	42	
C	69	228914	1296682	2142999	3082867	5269585	10319461	99282914	
C	70	7	11	22	27	32	37	42	
C	70	235705	1442195	2350271	3297362	5502301	10567316	99235759	
C	71	7	11	22	27	32	37	42	
C	71	237344	1478141	2396080	3349731	5571144	10678228	99284060	
C	72	7	11	22	27	32	37	42	
C	72	243384	1621847	2559530	3519778	5752494	10882175	99351331	
C	73	7	11	22	27	32	37	42	
C	73	249589	1687283	2618319	3590563	5850037	11037393	99351416	
C	74	7	11	22	27	32	37	42	
C	74	259362	1621856	2608867	3601871	5898769	11149022	99682155	
C	75	7	11	22	27	32	37	42	
C	75	288671	1977731	3061398	4428096	8007004	20579847	99517235	
C	76	7	11	22	27	32	37	42	
C	76	301157	1873072	2798205	3995661	6798570	14300113	99506387	
C	77	7	11	22	27	32	37	42	
C	77	311054	1810834	2700917	3794373	6324698	12491307	99544193	
C	78	7	11	22	27	32	37	42	
C	78	320233	1845673	2719447	3777381	6223409	11972500	99609277	
C	79	7	11	22	27	32	37	42	
C	79	333765	1877805	2755532	3803157	6220784	11819888	99802335	
C	80	7	11	22	27	32	37	42	
C	80	356479	1912011	2789110	3828861	6232076	11750570	99593583	
C	81	7	11	22	27	32	37	42	
C	81	354082	1888470	2764426	3808499	6215675	11727657	99417246	
C	82	7	11	22	27	32	37	42	
C	82	360874	1917560	2799624	3844652	6255522	11780481	99180865	
C	83	7	11	22	27	32	37	42	
C	83	379971	1991619	2902945	3960793	6410775	12024694	99710128	
C	84	7	11	22	27	32	37	42	
C	84	375300	2027378	2973435	4050420	6544966	12222184	99877132	
C	85	7	11	22	27	32	37	42	
C	85	392866	2085007	3049952	4130621	6638017	12339277	99841933	
C	86	7	11	22	27	32	37	42	
C	86	379331	2049850	3013487	4103050	6625614	12372851	99627608	
C	87	7	11	22	27	32	37	42	
C	87	400402	2104679	3078010	4178617	6729762	12551882	99850809	
C	88	7	11	22	27	32	37	42	
C	88	402419	2120155	3107388	4220078	6801350	12664319	99826652	
C	89	7	11	22	27	32	37	42	
C	89	405004	2170603	3168876	4291578	6897334	12801476	99942902	
C	90	7	11	22	27	32	37	42	
C	90	413949	2218208	3254798	4399550	7060408	13062902	99972310	
C	91	7	11	22	27	32	37	42	
C	91	442364	2297643	3325910	4478740	7148416	13188645	100009176	
C	92	7	11	22	27	32	37	42	
C	92	455618	2359976	3405212	4572256	7277635	13378887	100015955	
C	93	7	11	22	27	32	37	42	
C	93	440131	2325764	3377144	4555686	7300470	13481018	100141833	
C	94	7	11	22	27	32	37	42	
C	94	459383	2366826	3431902	4628975	7405181	13645897	100060966	
C	95	7	11	22	27	32	37	42	
C	95	493992	2459390	3545013	4750400	7548540	13835615	100037935	
C	96	7	11	22	27	32	37	42	
C	96	476741	2422078	3502536	4709772	7521507	13813474	99821797	
C	97	7	11	22	27	32	37	42	
C	97	474584	2454676	3554343	4772914	7624385	13997707	99939619	
C	98	7	11	22	27	32	37	42	
C	98	505382	2573080	3710328	4951791	7864762	14308176	100060585	
C	99	7	11	22	27	32	37	42	
C	99	495169	2568878	3711895	4962277	7908054	14381453	100100335	
C	100	7	11	22	27	32	37	42	
C	100	488846	2575737	3730494	4993021	7978717	14497876	100011781	
C	101	7	11	22	27	32	37	42	
C	101	521058	2661018	3845770	5113254	8127683	14652724	100024662	
C	102	7	11	22	27	32	37	42	
C	102	527152	2683678	3875063	5151138	8201847	14795877	99807096	
C	103	7	11	22	27	32	37	42	
C	103	529247	2758746	4000131	5298633	8416418	15107637	100075826	
C	104	7	11	22	27	32	37	42	
C	104	520405	2760083	4028233	5332902	8502604	15257090	100074252	
C	105	7	11	22	27	32	37	42	
C	105	540255	2825320	4117397	5444846	8660564	15512079	99964291	
C	106	7	11	22	27	32	37	42	
C	106	532752	2812978	4088053	5414184	8649447	15512412	99790041	
C	107	7	11	22	27	32	37	42	
C	107	530442	2881937	4197585	5551116	8839212	15799979	99780397	
C	108	7	11	22	27	32	37	42	
C	108	540942	2951045	4292135	5666512	9016405	16084983	100110435	
C	109	7	11	22	27	32	37	42	
C	109	542975	2983851	4338179	5727200	9133377	16277862	100094820	
C	110	7	11	22	27	32	37	42	
C	110	544017	3036596	4410403	5798987	9221157	16355051	99994473	
C	111	7	11	22	27	32	37	42	
C	111	547570	3071157	4463691	5872363	9360788	16544046	99979317	
C	112	7	11	22	27	32	37	42	
C	112	553889	3100987	4507238	5929634	9480746	16728292	99938843	
C	113	7	11	22	27	32	37	42	
C	113	563051	3207546	4654310	6104290	9728367	17040552	99915893	
C	114	7	11	22	27	32	37	42	
C	114	565840	3222431	4692015	6162593	9871844	17280000	100020807	
C	115	7	11	22	27	32	37	42	
C	115	574779	3281135	4739236	6236200	10020044	17552917	99891046	
C	116	7	11	22	27	32	37	42	
C	116	583044	3349509	4814390	6349382	10226494	17890394	100020809	
C	117	7	11	22	27	32	37	42	
C	117	588442	3413916	4884930	6456430	10437970	18255471	100011448	
C	118	7	11	22	27	32	37	42	
C	118	596095	3481079	4951470	6577974	10673035	18706788	100087045	
C	119	7	11	22	27	32	37	42	
C	119	606439	3598388	5101563	6786819	11024354	19323064	100286898	
C	120	7	11	22	27	32	37	42	
C	120	616976	3663934	5160789	6890500	11216234	19691119	100273733	
C	121	7	11	22	27	32	37	42	
C	121	631370	3759329	5288954	7061278	11486901	20184382	100013089	
C	122	7	11	22	27	32	37	42	
C	122	639453	3835496	5377843	7206300	11755476	20695190	100078493	
C	123	7	11	22	27	32	37	42	
C	123	654293	3968207	5567501	7433351	12067373	21212631	100381825	
C	124	7	11	22	27	32	37	42	
C	124	669288	4065811	5753339	7664368	12413378	21806150	100420042	
C	125	7	11	22	27	32	37	42	
C	125	682757	4178595	5930275	7880293	12737630	22380193	100359242	
C	126	7	11	22	27	32	37	42	
C	126	693108	4231842	6066906	8031408	12923195	22671623	100236106	
C	127	7	11	22	27	32	37	42	
C	127	704815	4306670	6203419	8199989	13162292	23054535	100238296	
C	128	7	11	22	27	32	37	42	
C	128	721112	4432387	6428822	8466560	13513543	23565757	100429565	
C	129	7	11	22	27	32	37	42	
C	129	736244	4555859	6657798	8757423	13931277	24175780	100353670	
C	130	7	11	22	27	32	37	42	
C	130	747914	4639662	6838892	8976450	14221515	24557146	100280946	
C	131	7	11	22	27	32	37	42	
C	131	759169	4689330	6971754	9138488	14440843	24821868	100312730	
C	132	7	11	22	27	32	37	42	
C	132	771372	4782511	7176238	9387509	14856468	25329951	100331957	
C	133	7	11	22	27	32	37	42	
C	133	786574	4931844	7425426	9708257	15394290	26120138	100549475	
C	134	7	11	22	27	32	37	42	
C	134	796013	5008832	7589595	9922714	15887334	26750576	100609950	
C	135	7	11	22	27	32	37	42	
C	135	806077	5065608	7676801	10035991	16337588	27302607	100437623	
C	136	7	11	22	27	32	37	42	
C	136	816831	5137710	7807813	10219619	16728691	27779804	100328061	
C	137	7	11	22	27	32	37	42	
C	137	827336	5248264	7992888	10476159	17223689	28410811	100280826	
C	138	7	11	22	27	32	37	42	
C	138	840159	5357471	8163619	10752596	17699250	29041532	100303450	
C	139	7	11	22	27	32	37	42	
C	139	851175	5494695	8367871	11061501	18205100	29679313	100285443	
C	140	7	11	22	27	32	37	42	
C	140	863472	5577287	8489990	11350266	18507650	30095232	100181395	
C	141	7	11	22	27	32	37	42	
C	141	877828	5712732	8671853	11663152	18950629	30698875	100044320	
C	142	7	11	22	27	32	37	42	
C	142	888447	5841820	8843574	12167397	19422160	31322846	100061667	
C	143	7	11	22	27	32	37	42	
C	143	900108	6029868	9084085	12687974	19905912	31942963	100158451	
C	144	7	11	22	27	32	37	42	
C	144	915101	6194231	9330144	13130682	20422557	32612022	100115672	
C	145	7	11	22	27	32	37	42	
C	145	932168	6317732	9485313	13430079	20877951	33137514	99903241	
C	146	7	11	22	27	32	37	42	
C	146	941734	6432599	9661384	13767853	21322322	33722238	99848345	
C	147	7	11	22	27	32	37	42	
C	147	957724	6590828	9858775	14168210	21806586	34259191	99688181	
C	148	7	11	22	27	32	37	42	
C	148	970644	6762920	10095021	14654436	22349790	34885544	99694271	
C	149	7	11	22	27	32	37	42	
C	149	987086	6998790	10391618	15146150	22877592	35496732	99707795	
C	150	7	11	22	27	32	37	42	
C	150	1543694	12028115	19386975	28720322	42181557	60976756	99128661	
N	0	2	
N	0	2175401	
N	1	2	
N	1	164808	
N	2	2	
N	2	38440	
N	3	2	
N	3	64378	
N	4	2	
N	4	13802	
N	5	2	
N	5	14514	
N	6	2	
N	6	1370	
N	7	
N	7	
N	8	
N	8	
N	9	2	
N	9	2040	
N	10	2	
N	10	8	
N	11	
N	11	
N	12	
N	12	
N	13	2	
N	13	2354	
N	14	2	
N	14	534	
N	15	
N	15	
N	16	2	
N	16	157	
N	17	2	
N	17	74	
N	18	2	
N	18	206	
N	19	
N	19	
N	20	2	
N	20	2474	
N	21	2	
N	21	2981	
N	22	2	
N	22	85	
N	23	2	
N	23	4181	
N	24	2	
N	24	9561	
N	25	2	
N	25	1350	
N	26	2	
N	26	1387	
N	27	2	
N	27	10069	
N	28	2	
N	28	3772	
N	29	2	
N	29	10579	
N	30	2	
N	30	1882	
N	31	2	
N	31	14573	
N	32	2	
N	32	9343	
N	33	2	
N	33	3116	
N	34	2	
N	34	4517	
N	35	2	
N	35	8385	
N	36	2	
N	36	30423	
N	37	2	
N	37	4509	
N	38	2	
N	38	10797	
N	39	2	
N	39	10885	
N	40	2	
N	40	8226	
N	41	2	
N	41	11937	
N	42	2	
N	42	4252	
N	43	2	
N	43	10420	
N	44	2	
N	44	12689	
N	45	2	
N	45	6266	
N	46	2	
N	46	19321	
N	47	2	
N	47	4836	
N	48	2	
N	48	2026	
N	49	2	
N	49	2742	
N	50	2	
N	50	5724	
N	51	2	
N	51	6474	
N	52	2	
N	52	9706	
N	53	2	
N	53	4608	
N	54	2	
N	54	8129	
N	55	2	
N	55	421	
N	56	2	
N	56	12434	
N	57	2	
N	57	9650	
N	58	2	
N	58	8419	
N	59	2	
N	59	3469	
N	60	2	
N	60	9744	
N	61	2	
N	61	2567	
N	62	2	
N	62	6188	
N	63	2	
N	63	4522	
N	64	2	
N	64	183	
N	65	2	
N	65	11715	
N	66	2	
N	66	2580	
N	67	2	
N	67	304	
N	68	2	
N	68	9702	
N	69	2	
N	69	3771	
N	70	2	
N	70	4874	
N	71	2	
N	71	16671	
N	72	2	
N	72	341	
N	73	2	
N	73	649	
N	74	2	
N	74	2643	
N	75	2	
N	75	3927	
N	76	2	
N	76	1209	
N	77	2	
N	77	7077	
N	78	2	
N	78	6051	
N	79	2	
N	79	4295	
N	80	2	
N	80	1660	
N	81	2	
N	81	3283	
N	82	2	
N	82	7677	
N	83	2	
N	83	1806	
N	84	2	
N	84	11220	
N	85	2	
N	85	3124	
N	86	2	
N	86	5227	
N	87	2	
N	87	184	
N	88	2	
N	88	8249	
N	89	2	
N	89	6240	
N	90	2	
N	90	7166	
N	91	2	
N	91	1046	
N	92	2	
N	92	1220	
N	93	2	
N	93	51	
N	94	2	
N	94	5289	
N	95	2	
N	95	932	
N	96	2	
N	96	12494	
N	97	2	
N	97	512	
N	98	2	
N	98	4958	
N	99	2	
N	99	489	
N	100	2	
N	100	2512	
N	101	2	
N	101	3458	
N	102	2	
N	102	6644	
N	103	2	
N	103	1645	
N	104	2	
N	104	3465	
N	105	2	
N	105	5	
N	106	2	
N	106	1406	
N	107	2	
N	107	1329	
N	108	2	
N	108	205	
N	109	2	
N	109	2464	
N	110	2	
N	110	917	
N	111	2	
N	111	2764	
N	112	2	
N	112	667	
N	113	2	
N	113	1081	
N	114	2	
N	114	63	
N	115	2	
N	115	2161	
N	116	2	
N	116	1411	
N	117	2	
N	117	178	
N	118	2	
N	118	149	
N	119	2	
N	119	2664	
N	120	2	
N	120	9184	
N	121	2	
N	121	19050	
N	122	2	
N	122	8667	
N	123	2	
N	123	9986	
N	124	2	
N	124	6385	
N	125	2	
N	125	5115	
N	126	2	
N	126	2508	
N	127	2	
N	127	5470	
N	128	2	
N	128	1692	
N	129	2	
N	129	4359	
N	130	2	
N	130	8812	
N	131	2	
N	131	11482	
N	132	2	
N	132	4742	
N	133	2	
N	133	1344	
N	134	2	
N	134	4513	
N	135	2	
N	135	796	
N	136	2	
N	136	935	
N	137	2	
N	137	1610	
N	138	2	
N	138	4071	
N	139	2	
N	139	5431	
N	140	2	
N	140	20765	
N	141	2	
N	141	12177	
N	142	2	
N	142	331	
N	143	2	
N	143	6542	
N	144	2	
N	144	845	
N	145	2	
N	145	473	
N	146	2	
N	146	7833	
N	147	2	
N	147	447	
N	148	2	
N	148	18970	
N	149	2	
N	149	3185	
N	150	2	
N	150	1702	
