.	0	2	11	27	32	37	
.	0	1372130	15410343	44938373	420438085	420443169	
.	1	2	11	27	32	37	
.	1	354659	13687988	38057379	419263856	420443169	
.	2	2	11	27	32	37	
.	2	42750	13093837	30922432	78311518	420443169	
.	3	2	11	27	32	37	
.	3	179395	11355067	23543769	48542931	420443169	
.	4	2	11	27	32	37	
.	4	19056	9685175	18584192	34326454	420443169	
.	5	2	11	27	32	37	42	
.	5	3822	8885016	16994108	29841487	65433493	420443169	
.	6	2	7	11	22	27	32	37	42	
.	6	850	2061	8803086	8813892	16627921	28401964	57883413	420443169	
.	7	2	7	11	22	27	32	37	42	
.	7	5836	15900	8871636	8981534	16578603	28066758	55928838	420443169	
.	8	2	7	11	22	27	32	37	42	
.	8	9283	17206	8441367	8537827	15631393	26199934	51788760	420443169	
.	9	2	7	11	22	27	32	37	42	
.	9	4001	27358	8196850	8430009	15207463	25149188	48395699	420443169	
.	10	2	7	11	22	27	32	37	42	
.	10	2095	21875	8272972	8475415	15343432	25358996	48511818	420443169	
.	11	2	7	11	22	27	32	37	42	
.	11	2546	54530	8265247	8712910	15326223	24986763	47319353	420443169	
.	12	2	7	11	22	27	32	37	42	
.	12	1823	27409	8361213	8614650	15553329	25631698	48847199	420443169	
.	13	2	7	11	22	27	32	37	42	
.	13	2908	47076	8491220	8893908	15735504	25793955	49037965	420443169	
.	14	2	7	11	22	27	32	37	42	
.	14	4099	169893	8629777	9925888	16191984	26200601	49278788	420443169	
.	15	2	7	11	22	27	32	37	42	
.	15	7995	278430	8956179	10940509	17022692	27358313	50667533	420443169	
.	16	2	7	11	22	27	32	37	42	
.	16	4693	550493	9064775	12918318	17698885	27662007	49802413	420443169	
.	17	2	7	11	22	27	32	37	42	
.	17	5153	586368	9353303	13394858	18321686	28632061	51386659	420443169	
.	18	2	7	11	22	27	32	37	42	
.	18	5407	670732	9385301	13943116	18421950	28426255	50386548	420443169	
.	19	2	7	11	22	27	32	37	42	
.	19	8707	744442	9624528	14616273	18891797	29055188	50925071	420443169	
.	20	2	7	11	22	27	32	37	42	
.	20	25391	752765	9474139	14482426	18805757	29033375	51128115	420443169	
.	21	2	7	11	22	27	32	37	42	
.	21	22251	800630	9691885	15083000	19208542	29354696	51362043	420443169	
.	22	2	7	11	22	27	32	37	42	
.	22	10116	808918	9901028	15526207	19835221	30410336	53378980	420443169	
.	23	7	11	22	27	32	37	42	
.	23	792103	9829008	15346849	19459744	29952913	52568747	420443169	
.	24	2	7	11	22	27	32	37	42	
.	24	1928	816029	9967438	15616986	19901418	30356473	53209745	420443169	
.	25	2	7	11	22	27	32	37	42	
.	25	4853	844464	10048930	15776720	20117832	30730890	53812076	420443169	
.	26	2	7	11	22	27	32	37	42	
.	26	271	845236	10180467	16063941	20221595	30719979	53498231	420443169	
.	27	2	7	11	22	27	32	37	42	
.	27	5457	879734	10267207	16198651	20412522	31248312	54525564	420443169	
.	28	2	7	11	22	27	32	37	42	
.	28	507	868229	10353538	16437348	20504325	31291093	54621301	420443169	
.	29	2	7	11	22	27	32	37	42	
.	29	5409	906278	10544544	16831481	20923124	31888882	55730087	420443169	
.	30	2	7	11	22	27	32	37	42	
.	30	9273	919697	10494674	16842586	20879430	31878681	55890608	420443169	
.	31	2	7	11	22	27	32	37	42	
.	31	5289	914939	10713746	17112402	21174498	32098114	55739615	420443169	
.	32	2	7	11	22	27	32	37	42	
.	32	15282	938003	10735860	17230735	21320316	32424771	56531603	420443169	
.	33	2	7	11	22	27	32	37	42	
.	33	15127	942300	11004939	17532938	21700486	32742392	56888110	420443169	
.	34	2	7	11	22	27	32	37	42	
.	34	9099	953876	11222456	17821168	22198224	33265110	57774438	420443169	
.	35	2	7	11	22	27	32	37	42	
.	35	15200	967109	11384019	18187252	22665474	33897196	58812444	420443169	
.	36	2	7	11	22	27	32	37	42	
.	36	703	958053	11325960	18075028	22696685	34024299	59211602	420443169	
.	37	2	7	11	22	27	32	37	42	
.	37	10060	1012930	11742852	18714910	23408170	34730207	60128775	420443169	
.	38	2	7	11	22	27	32	37	42	
.	38	2279	992723	11517766	18398011	23215094	34256232	59195151	420443169	
.	39	2	7	11	22	27	32	37	42	
.	39	8675	1013057	11699565	18633206	23419908	34472391	59552673	420443169	
.	40	2	7	11	22	27	32	37	42	
.	40	11852	1048011	11974122	19004757	23876309	35189582	60893594	420443169	
.	41	2	7	11	22	27	32	37	42	
.	41	11450	1066952	12213299	19403061	24340152	35848875	61925831	420443169	
.	42	2	7	11	22	27	32	37	42	
.	42	3379	1075365	12629396	20130835	25273599	37587661	65486457	420443169	
.	43	2	7	11	22	27	32	37	42	
.	43	4124	1086383	12946780	20524487	25829064	38455941	67442276	420443169	
.	44	2	7	11	22	27	32	37	42	
.	44	692	1104709	12928492	20696378	25943220	38680320	68047080	420443169	
.	45	2	7	11	22	27	32	37	42	
.	45	1755	1127034	13179818	21123839	26444983	39379836	69227620	420443169	
.	46	2	7	11	22	27	32	37	42	
.	46	4715	1141797	13326966	21404158	26798718	40015165	70282566	420443169	
.	47	2	7	11	22	27	32	37	42	
.	47	10250	1175464	13604611	21637315	27098719	40434602	71195399	420443169	
.	48	2	7	11	22	27	32	37	42	
.	48	2609	1191002	14012723	21992390	27532041	41099499	72272647	420443169	
.	49	2	7	11	22	27	32	37	42	
.	49	11609	1216898	14261213	22117465	27709179	41437296	72927358	420443169	
.	50	2	7	11	22	27	32	37	42	
.	50	545	1219751	14513908	22123340	27770796	41586460	73328972	420443169	
.	51	2	7	11	22	27	32	37	42	
.	51	17190	1263297	15032662	22648164	28345914	42276427	74149960	420443169	
.	52	2	7	11	22	27	32	37	42	
.	52	8383	1262071	15294652	22798572	28559349	42763298	75119923	420443169	
.	53	2	7	11	22	27	32	37	42	
.	53	16921	1298519	15767987	23175692	28958872	43116539	75591091	420443169	
.	54	2	7	11	22	27	32	37	42	
.	54	2786	1291000	15874553	23249054	29086854	43400898	76065649	420443169	
.	55	2	7	11	22	27	32	37	42	
.	55	30807	1337637	16147431	23386149	29287500	43866941	77077579	420443169	
.	56	2	7	11	22	27	32	37	42	
.	56	356	1334268	16541855	23673473	29612045	44221906	77574883	420443169	
.	57	2	7	11	22	27	32	37	42	
.	57	13313	1361462	16841624	23984757	29969029	44721153	78244592	420443169	
.	58	2	7	11	22	27	32	37	42	
.	58	4953	1389709	17081329	24205184	30312007	45301315	79297205	420443169	
.	59	2	7	11	22	27	32	37	42	
.	59	11249	1401832	17278795	24491469	30575986	45563185	79717119	420443169	
.	60	2	7	11	22	27	32	37	42	
.	60	2562	1406339	17483498	24662283	30786868	45875631	80209938	420443169	
.	61	2	7	11	22	27	32	37	42	
.	61	11658	1542711	17840379	25160519	31483113	46817984	81434915	420443169	
.	62	2	7	11	22	27	32	37	42	
.	62	809	1421738	17814962	25166920	31399136	46809672	81736381	420443169	
.	63	2	7	11	22	27	32	37	42	
.	63	22020	1464123	18103071	25634974	31921949	47484576	82599894	420443169	
.	64	2	7	11	22	27	32	37	42	
.	64	4932	1463283	18146715	25644846	31949055	47527635	82838366	420443169	
.	65	2	7	11	22	27	32	37	42	
.	65	9223	1479201	18269880	25787170	32122548	47769610	83195598	420443169	
.	66	2	7	11	22	27	32	37	42	
.	66	260	1504027	18645978	26244299	32659567	48545097	84329071	420443169	
.	67	2	7	11	22	27	32	37	42	
.	67	1687	1514619	18674942	26333459	32774496	48749365	84709861	420443169	
.	68	2	7	11	22	27	32	37	42	
.	68	994	1530031	18851879	26432774	32932183	49038109	85264433	420443169	
.	69	2	7	11	22	27	32	37	42	
.	69	386	1552916	19170411	26822381	33377802	49612497	86117028	420443169	
.	70	2	7	11	22	27	32	37	42	
.	70	4014	1580352	19493923	27383249	34040495	50549617	87464293	420443169	
.	71	2	7	11	22	27	32	37	42	
.	71	10010	1612557	19833060	27930238	34650074	51346482	88717113	420443169	
.	72	2	7	11	22	27	32	37	42	
.	72	141	1606288	19792100	27975468	34733992	51525807	89117164	420443169	
.	73	2	7	11	22	27	32	37	42	
.	73	9234	1632232	19949407	28132850	34922433	51785344	89566171	420443169	
.	74	2	7	11	22	27	32	37	42	
.	74	7472	1649172	20450883	28999138	35885135	52950608	91114012	420443169	
.	75	2	7	11	22	27	32	37	42	
.	75	6595	1700127	22480822	33321165	42167394	67315251	142524635	420443169	
.	76	2	7	11	22	27	32	37	42	
.	76	11759	1702400	21902452	30999557	39055008	59162625	110972575	420443169	
.	77	2	7	11	22	27	32	37	42	
.	77	9284	1677413	20999922	29578167	36956999	55260196	98605124	420443169	
.	78	2	7	11	22	27	32	37	42	
.	78	6751	1688261	21182621	29627618	36819784	54613453	95115639	420443169	
.	79	2	7	11	22	27	32	37	42	
.	79	5506	1701497	21286706	29676804	36757779	54319463	93617493	420443169	
.	80	2	7	11	22	27	32	37	42	
.	80	3541	1709655	21115131	29491358	36507747	54007442	92811760	420443169	
.	81	2	7	11	22	27	32	37	42	
.	81	4723	1837059	22281671	31131180	38235682	55995689	94728633	420443169	
.	82	2	7	11	22	27	32	37	42	
.	82	11978	1843512	21934795	31066798	38286486	56571918	96184432	420443169	
.	83	2	7	11	22	27	32	37	42	
.	83	6346	1904349	21889060	30677614	37901232	56130524	95991677	420443169	
.	84	2	7	11	22	27	32	37	42	
.	84	4265	1943832	22276594	31200657	38506824	56955190	96932198	420443169	
.	85	2	7	11	22	27	32	37	42	
.	85	2801	1899752	22360835	31301541	38651827	57257342	97448706	420443169	
.	86	2	7	11	22	27	32	37	42	
.	86	4681	1914534	22842535	32081973	39510387	58381232	98963049	420443169	
.	87	2	7	11	22	27	32	37	42	
.	87	756	1902450	22934221	32307973	39822813	58980399	100032889	420443169	
.	88	2	7	11	22	27	32	37	42	
.	88	7250	1933612	23448733	32852387	40437133	59805058	101295024	420443169	
.	89	2	7	11	22	27	32	37	42	
.	89	3836	1931669	23463413	33012468	40661786	60244142	102015588	420443169	
.	90	2	7	11	22	27	32	37	42	
.	90	11206	1975382	24038771	33689175	41452239	61430198	103988388	420443169	
.	91	2	7	11	22	27	32	37	42	
.	91	526	2004885	24149612	33995931	41873712	62185566	105099268	420443169	
.	92	2	7	11	22	27	32	37	42	
.	92	11928	2038215	24496729	34423163	42374199	63032875	106398030	420443169	
.	93	2	7	11	22	27	32	37	42	
.	93	12869	2114511	24858780	35043394	43130030	64094787	107840262	420443169	
.	94	2	7	11	22	27	32	37	42	
.	94	3168	2195306	25051818	35207244	43396130	64806999	109128812	420443169	
.	95	2	7	11	22	27	32	37	42	
.	95	10376	2200571	25466365	35750905	44131507	65998002	110771859	420443169	
.	96	2	7	11	22	27	32	37	42	
.	96	22931	2301112	25843055	36369953	44956254	67363265	112690246	420443169	
.	97	2	7	11	22	27	32	37	42	
.	97	1414	2361417	26263222	36759154	45549242	68544249	114566692	420443169	
.	98	2	7	11	22	27	32	37	42	
.	98	4782	2378554	26857614	37378782	46485176	70153965	116757760	420443169	
.	99	2	7	11	22	27	32	37	42	
.	99	8410	2357680	27172223	37777440	47167085	71606856	118846381	420443169	
.	100	2	7	11	22	27	32	37	42	
.	100	4096	2490423	27754988	38465751	48202463	73500767	121910846	420443169	
.	101	2	7	11	22	27	32	37	42	
.	101	11024	2504935	28186974	38993256	49236482	75582394	125064671	420443169	
.	102	2	7	11	22	27	32	37	42	
.	102	3531	2478069	28683399	39430679	49925515	76848051	127057771	420443169	
.	103	2	7	11	22	27	32	37	42	
.	103	2512	2581981	29225808	40029349	50881061	78550740	129443861	420443169	
.	104	2	7	11	22	27	32	37	42	
.	104	15424	2581182	30137736	41424712	52694612	81235092	132962890	420443169	
.	105	2	7	11	22	27	32	37	42	
.	105	2130	2494686	30325015	41962450	53439545	82412889	135001085	420443169	
.	106	2	7	11	22	27	32	37	42	
.	106	3932	2500691	30771434	43037773	54675646	84099835	137653428	420443169	
.	107	2	7	11	22	27	32	37	42	
.	107	510	2488026	31470955	44068390	56078584	86175774	140551244	420443169	
.	108	2	7	11	22	27	32	37	42	
.	108	2559	2462317	31875634	45065852	57416658	87769535	143075398	420443169	
.	109	2	7	11	22	27	32	37	42	
.	109	11007	2477303	32271822	46017230	58608855	89027196	145021489	420443169	
.	110	2	7	11	22	27	32	37	42	
.	110	3070	2496952	32864610	47149906	59979660	90746920	147490899	420443169	
.	111	2	7	11	22	27	32	37	42	
.	111	6055	2523558	33480713	48279144	61656454	92988578	150679909	420443169	
.	112	2	7	11	22	27	32	37	42	
.	112	5524	2521315	33727825	48840352	62574964	94286660	152613594	420443169	
.	113	2	7	11	22	27	32	37	42	
.	113	1612	2536057	34162244	49809765	64006198	96478795	155612674	420443169	
.	114	2	7	11	22	27	32	37	42	
.	114	2389	2558143	34539769	50501512	65075780	98547024	158419902	420443169	
.	115	2	7	11	22	27	32	37	42	
.	115	1960	2598606	35163843	51583027	66476733	101071745	161824900	420443169	
.	116	2	7	11	22	27	32	37	42	
.	116	94346	2729916	36143136	52830019	68235929	104665487	166744342	420443169	
.	117	2	7	11	22	27	32	37	42	
.	117	19872	2691788	36676626	53989636	69899562	107837677	170816274	420443169	
.	118	2	7	11	22	27	32	37	42	
.	118	455	2703875	36973577	54444883	70974843	109600792	173388814	420443169	
.	119	2	7	11	22	27	32	37	42	
.	119	1503	2750635	37618750	55221376	72256958	111837644	176345915	420443169	
.	120	2	7	11	22	27	32	37	42	
.	120	2091	2810017	38299544	56116868	73987204	114569604	179948926	420443169	
.	121	2	7	11	22	27	32	37	42	
.	121	17932	2888882	38933776	56877124	75811089	116914095	183021376	420443169	
.	122	2	7	11	22	27	32	37	42	
.	122	2474	2920702	39734292	57615947	77933644	119476380	186624824	420443169	
.	123	2	7	11	22	27	32	37	42	
.	123	2360	2979433	40643553	58717797	80082443	122138951	190028386	420443169	
.	124	2	7	11	22	27	32	37	42	
.	124	3197	3038943	41803170	60152555	82710353	124958229	193183164	420443169	
.	125	2	7	11	22	27	32	37	42	
.	125	3915	3080674	42816408	61228496	85156289	127572928	196424608	420443169	
.	126	2	7	11	22	27	32	37	42	
.	126	5145	3131149	43739828	62383879	87792217	129809093	198682647	420443169	
.	127	2	7	11	22	27	32	37	42	
.	127	546	3179894	44890494	63852801	90731842	132806055	201977921	420443169	
.	128	2	7	11	22	27	32	37	42	
.	128	1717	3216432	45573712	64645768	92909402	134839336	203807985	420443169	
.	129	2	7	11	22	27	32	37	42	
.	129	6105	3264568	46578364	65860675	95087664	137512420	206530078	420443169	
.	130	2	7	11	22	27	32	37	42	
.	130	3476	3315681	47640680	67317918	97473210	140353195	209094562	420443169	
.	131	2	7	11	22	27	32	37	42	
.	131	10304	3363148	48731846	68429025	99734769	143409517	212495067	420443169	
.	132	2	7	11	22	27	32	37	42	
.	132	7647	3433561	50139839	70163916	102241550	146795350	215559765	420443169	
.	133	2	7	11	22	27	32	37	42	
.	133	5392	3489662	51329460	71874955	104821320	150189406	219279215	420443169	
.	134	2	7	11	22	27	32	37	42	
.	134	6661	3529225	52058044	72991556	107014631	153178082	222476521	420443169	
.	135	2	7	11	22	27	32	37	42	
.	135	1060	3578536	52976737	74287461	108813004	156041070	225349740	420443169	
.	136	2	7	11	22	27	32	37	42	
.	136	1286	3631168	54050587	75719522	111262132	159230196	228305812	420443169	
.	137	2	7	11	22	27	32	37	42	
.	137	1562	3704509	55785979	78149908	114030029	163532534	232826591	420443169	
.	138	2	7	11	22	27	32	37	42	
.	138	10596	3759002	56821546	79496293	116051859	166229744	235829098	420443169	
.	139	2	7	11	22	27	32	37	42	
.	139	3403	3790702	57402157	80805133	117953676	169650836	239642748	420443169	
.	140	2	7	11	22	27	32	37	42	
.	140	730	3822918	58570353	82439895	120085591	173160952	243922992	420443169	
.	141	2	7	11	22	27	32	37	42	
.	141	4689	3882099	59650084	83908169	122100023	176197818	247441335	420443169	
.	142	2	7	11	22	27	32	37	42	
.	142	18564	3952598	60655505	85513238	124021103	179153338	251123020	420443169	
.	143	2	7	11	22	27	32	37	42	
.	143	2350	3962880	61521654	86755293	125744584	181829298	254174597	420443169	
.	144	2	7	11	22	27	32	37	42	
.	144	14796	4039011	62554171	88363215	127801745	184783917	257327860	420443169	
.	145	2	7	11	22	27	32	37	42	
.	145	2212	4115727	64213705	90629776	130650794	188147744	260688945	420443169	
.	146	2	7	11	22	27	32	37	42	
.	146	2873	4159382	65042341	91873910	132476934	191114001	263887039	420443169	
.	147	2	7	11	22	27	32	37	42	
.	147	10479	4255990	66723737	94094091	135329016	194496765	267045160	420443169	
.	148	2	7	11	22	27	32	37	42	
.	148	3924	4304868	68049647	95832465	137605254	197796618	270451183	420443169	
.	149	2	7	11	22	27	32	37	42	
.	149	19583	4392398	69427874	97619980	139828044	200419170	272951034	420443169	
.	150	2	7	11	22	27	32	37	42	
.	150	7386	6746413	109458275	154962377	212570338	278580259	337370488	420443169	
A	0	11	27	32	37	
A	0	3599797	11543651	141675704	141677161	
A	1	11	27	32	37	
A	1	3703292	11987673	135556095	135934670	
A	2	11	27	32	37	
A	2	3668669	9335418	24706226	131706992	
A	3	11	27	32	37	
A	3	3011802	6738600	15023333	126263540	
A	4	11	27	32	37	
A	4	2595906	4938794	9064909	131681212	
A	5	11	27	32	37	42	
A	5	2524589	4894075	8879069	19472335	129429197	
A	6	7	11	22	27	32	37	42	
A	6	131	2384677	2386884	4438108	7721909	15690799	128768167	
A	7	7	11	22	27	32	37	42	
A	7	604	2323018	2350019	4246234	7241912	14303652	127080232	
A	8	7	11	22	27	32	37	42	
A	8	472	2221033	2244313	4123227	7080280	13965601	126318487	
A	9	7	11	22	27	32	37	42	
A	9	1618	2150336	2208103	3967887	6671368	12737785	126589056	
A	10	7	11	22	27	32	37	42	
A	10	1349	2186402	2236164	4048532	6815843	12990388	126754438	
A	11	7	11	22	27	32	37	42	
A	11	4102	2276441	2394453	4174237	6885876	12856280	126813933	
A	12	7	11	22	27	32	37	42	
A	12	1922	2240444	2304589	4138536	6946701	13199670	127057097	
A	13	7	11	22	27	32	37	42	
A	13	3267	2235527	2338732	4132195	6903570	13063972	126746598	
A	14	7	11	22	27	32	37	42	
A	14	11650	2269940	2616831	4267871	7034529	13169482	126982040	
A	15	7	11	22	27	32	37	42	
A	15	19303	2322194	2843450	4414159	7200518	13385212	126379040	
A	16	7	11	22	27	32	37	42	
A	16	47090	2448181	3519025	4802912	7557345	13500288	126323262	
A	17	7	11	22	27	32	37	42	
A	17	43200	2413385	3502570	4767417	7543177	13633621	125605782	
A	18	7	11	22	27	32	37	42	
A	18	52865	2429715	3675219	4875117	7651351	13716371	125971510	
A	19	7	11	22	27	32	37	42	
A	19	55971	2461453	3811706	4933240	7692686	13585220	125469124	
A	20	7	11	22	27	32	37	42	
A	20	56045	2426561	3785036	4926435	7716330	13728805	125518470	
A	21	7	11	22	27	32	37	42	
A	21	67380	2583444	4085621	5186857	7963390	13937270	125226073	
A	22	7	11	22	27	32	37	42	
A	22	60092	2557718	4098731	5280047	8268251	14720983	125669360	
A	23	7	11	22	27	32	37	42	
A	23	69066	2644894	4191968	5291647	8197595	14441082	125720040	
A	24	7	11	22	27	32	37	42	
A	24	63212	2611213	4184062	5334804	8249688	14629267	125634211	
A	25	7	11	22	27	32	37	42	
A	25	61190	2554808	4096721	5235029	8116444	14408996	124692719	
A	26	7	11	22	27	32	37	42	
A	26	64516	2590926	4184631	5266622	8108949	14278742	124972661	
A	27	7	11	22	27	32	37	42	
A	27	66254	2583694	4175040	5260710	8175312	14448253	124498152	
A	28	7	11	22	27	32	37	42	
A	28	66619	2601434	4224203	5258273	8108052	14245581	124307356	
A	29	7	11	22	27	32	37	42	
A	29	68215	2653794	4351895	5399214	8340685	14738262	124115278	
A	30	7	11	22	27	32	37	42	
A	30	69999	2636917	4350200	5372087	8329493	14808178	124147014	
A	31	7	11	22	27	32	37	42	
A	31	69289	2680613	4389611	5416466	8319443	14616878	124283143	
A	32	7	11	22	27	32	37	42	
A	32	69725	2681184	4431084	5465120	8436042	14922796	124222512	
A	33	7	11	22	27	32	37	42	
A	33	68962	2738265	4482814	5527642	8442805	14847876	124787724	
A	34	7	11	22	27	32	37	42	
A	34	71539	2790469	4560673	5671933	8595004	15086845	123706079	
A	35	7	11	22	27	32	37	42	
A	35	69801	2850933	4709498	5861296	8901864	15726000	124642476	
A	36	7	11	22	27	32	37	42	
A	36	70578	2828206	4677814	5878453	8953801	15850412	123892760	
A	37	7	11	22	27	32	37	42	
A	37	74775	2883110	4755323	5952391	8931805	15722123	123658200	
A	38	7	11	22	27	32	37	42	
A	38	80981	2941657	4864735	6132381	9091776	15804641	123711450	
A	39	7	11	22	27	32	37	42	
A	39	75451	2906606	4812566	6054254	8992667	15723445	123574762	
A	40	7	11	22	27	32	37	42	
A	40	79997	2992957	4941560	6206737	9258444	16269817	123928537	
A	41	7	11	22	27	32	37	42	
A	41	87966	3097045	5108642	6387843	9447891	16442787	124105992	
A	42	7	11	22	27	32	37	42	
A	42	78874	3083374	5075132	6400754	9630155	17077277	123386149	
A	43	7	11	22	27	32	37	42	
A	43	78753	3207287	5254439	6651376	10044474	17927029	123852191	
A	44	7	11	22	27	32	37	42	
A	44	84572	3221102	5346396	6719257	10118122	18021969	123308748	
A	45	7	11	22	27	32	37	42	
A	45	85581	3303146	5491257	6910361	10453801	18699404	124131568	
A	46	7	11	22	27	32	37	42	
A	46	86449	3323318	5539805	6949855	10479184	18646428	123535350	
A	47	7	11	22	27	32	37	42	
A	47	89269	3371065	5534881	6953210	10487625	18729361	123051497	
A	48	7	11	22	27	32	37	42	
A	48	90470	3492618	5658418	7102383	10721815	19136328	123170778	
A	49	7	11	22	27	32	37	42	
A	49	91667	3567792	5692414	7149434	10815509	19314729	123344084	
A	50	7	11	22	27	32	37	42	
A	50	94588	3652866	5700129	7177948	10876910	19492068	123310131	
A	51	7	11	22	27	32	37	42	
A	51	94992	3783759	5828394	7315568	11048870	19709643	123301784	
A	52	7	11	22	27	32	37	42	
A	52	94102	3850550	5843618	7337471	11107964	19819391	123223989	
A	53	7	11	22	27	32	37	42	
A	53	96397	3972356	5938365	7441749	11208909	19938426	123079454	
A	54	7	11	22	27	32	37	42	
A	54	96698	4025981	5987323	7512096	11346139	20199739	123186271	
A	55	7	11	22	27	32	37	42	
A	55	98239	4088018	5995569	7534647	11412357	20382603	123173284	
A	56	7	11	22	27	32	37	42	
A	56	98280	4198039	6072228	7620649	11515267	20522723	123292373	
A	57	7	11	22	27	32	37	42	
A	57	99031	4267397	6137642	7698322	11647737	20747100	123268117	
A	58	7	11	22	27	32	37	42	
A	58	100934	4316415	6165672	7729988	11700074	20818438	122955090	
A	59	7	11	22	27	32	37	42	
A	59	102456	4378795	6260111	7839278	11830879	21011587	123119456	
A	60	7	11	22	27	32	37	42	
A	60	105572	4465864	6349812	7952388	12011484	21361989	123305603	
A	61	7	11	22	27	32	37	42	
A	61	105598	4460579	6358574	7963652	12038373	21383493	123092072	
A	62	7	11	22	27	32	37	42	
A	62	107798	4549060	6501059	8155384	12399314	22084130	123700638	
A	63	7	11	22	27	32	37	42	
A	63	106321	4551037	6503701	8130405	12253396	21707054	123077456	
A	64	7	11	22	27	32	37	42	
A	64	107939	4579071	6527545	8163590	12313287	21834219	123036118	
A	65	7	11	22	27	32	37	42	
A	65	109353	4658260	6642795	8311355	12553788	22282776	123761265	
A	66	7	11	22	27	32	37	42	
A	66	111249	4703479	6683446	8354971	12609756	22318178	123042163	
A	67	7	11	22	27	32	37	42	
A	67	112122	4700768	6688137	8360049	12622631	22333319	123097523	
A	68	7	11	22	27	32	37	42	
A	68	112960	4772524	6752513	8452240	12790980	22661256	123524295	
A	69	7	11	22	27	32	37	42	
A	69	116629	4877501	6885241	8605824	13000284	22983891	123562165	
A	70	7	11	22	27	32	37	42	
A	70	117204	4972391	7052728	8801452	13287036	23417680	123701634	
A	71	7	11	22	27	32	37	42	
A	71	118184	5011937	7147365	8908868	13432206	23669318	123540344	
A	72	7	11	22	27	32	37	42	
A	72	119303	5003164	7159296	8932135	13473374	23764998	123569338	
A	73	7	11	22	27	32	37	42	
A	73	120594	5039276	7196321	8977030	13537676	23870902	123603615	
A	74	7	11	22	27	32	37	42	
A	74	122356	5343634	7786723	9584495	14186418	24586736	123344570	
A	75	7	11	22	27	32	37	42	
A	75	123365	5782404	8775661	11019570	17119174	35097332	123561237	
A	76	7	11	22	27	32	37	42	
A	76	126898	5622746	8011855	10133145	15430156	29169105	123291835	
A	77	7	11	22	27	32	37	42	
A	77	125484	5469661	7848643	9778575	14620510	26291164	123396818	
A	78	7	11	22	27	32	37	42	
A	78	125459	5335072	7513336	9390788	14124931	25146659	122975095	
A	79	7	11	22	27	32	37	42	
A	79	125880	5347452	7511840	9356554	14024736	24709400	122892456	
A	80	7	11	22	27	32	37	42	
A	80	125363	5304086	7461178	9292312	13950170	24515422	123036963	
A	81	7	11	22	27	32	37	42	
A	81	129676	5552393	7837333	9684376	14407423	24967545	123002244	
A	82	7	11	22	27	32	37	42	
A	82	130288	5441781	7821236	9696240	14575088	25439543	123012609	
A	83	7	11	22	27	32	37	42	
A	83	134312	5390601	7653425	9514357	14314139	25141975	122712051	
A	84	7	11	22	27	32	37	42	
A	84	142366	5518137	7825217	9722259	14611707	25542433	122878608	
A	85	7	11	22	27	32	37	42	
A	85	159687	5776320	8154203	10084872	15047403	26095497	123244925	
A	86	7	11	22	27	32	37	42	
A	86	139853	5676252	8075217	10008600	15014707	26173063	122997274	
A	87	7	11	22	27	32	37	42	
A	87	146634	5873996	8351585	10317160	15406090	26681910	123051498	
A	88	7	11	22	27	32	37	42	
A	88	141586	5820121	8255565	10223331	15331083	26732896	122750576	
A	89	7	11	22	27	32	37	42	
A	89	139564	5821779	8293973	10277244	15431279	26910795	122701687	
A	90	7	11	22	27	32	37	42	
A	90	143258	5980524	8482641	10501499	15773833	27515719	122661328	
A	91	7	11	22	27	32	37	42	
A	91	142459	5983519	8545324	10593374	15951280	27823062	122682896	
A	92	7	11	22	27	32	37	42	
A	92	143556	6025899	8575847	10634034	16036397	28003494	122529380	
A	93	7	11	22	27	32	37	42	
A	93	146892	6100341	8725473	10813757	16292862	28387151	122470181	
A	94	7	11	22	27	32	37	42	
A	94	152089	6155167	8785896	10908318	16508277	28776676	122620736	
A	95	7	11	22	27	32	37	42	
A	95	150703	6295490	8977507	11161955	16911982	29401100	122768084	
A	96	7	11	22	27	32	37	42	
A	96	155026	6364481	9114118	11344007	17234712	29861065	122744773	
A	97	7	11	22	27	32	37	42	
A	97	162141	6448173	9184507	11474330	17521561	30313476	122693052	
A	98	7	11	22	27	32	37	42	
A	98	164624	6615756	9363181	11739551	17996037	30902914	122649622	
A	99	7	11	22	27	32	37	42	
A	99	160724	6674728	9434644	11878015	18335415	31342418	122519444	
A	100	7	11	22	27	32	37	42	
A	100	171265	6878386	9699131	12257087	19026317	32426650	122729247	
A	101	7	11	22	27	32	37	42	
A	101	170272	6964793	9812589	12503586	19595018	33230074	122682872	
A	102	7	11	22	27	32	37	42	
A	102	167309	7067219	9891771	12651192	19927374	33771548	122645927	
A	103	7	11	22	27	32	37	42	
A	103	182872	7223609	10068534	12915145	20423583	34326984	122663778	
A	104	7	11	22	27	32	37	42	
A	104	240676	7676280	10681355	13659103	21484794	35613946	122844692	
A	105	7	11	22	27	32	37	42	
A	105	180614	7563132	10668761	13686449	21660736	36027576	122870581	
A	106	7	11	22	27	32	37	42	
A	106	173668	7674734	10961183	14014810	22135140	36824007	122837337	
A	107	7	11	22	27	32	37	42	
A	107	188042	7992852	11408516	14564400	22898539	37817790	123009564	
A	108	7	11	22	27	32	37	42	
A	108	176228	7932877	11472549	14714309	23083121	38240787	122782566	
A	109	7	11	22	27	32	37	42	
A	109	175477	8041623	11741689	15044352	23440058	38834038	122830226	
A	110	7	11	22	27	32	37	42	
A	110	183739	8417824	12321065	15713942	24240844	39920357	123124795	
A	111	7	11	22	27	32	37	42	
A	111	184250	8584609	12618975	16178639	24846021	40870563	123164931	
A	112	7	11	22	27	32	37	42	
A	112	182113	8641739	12749896	16424284	25177179	41424829	123199024	
A	113	7	11	22	27	32	37	42	
A	113	182726	8745340	12984867	16789849	25694859	42193183	123132145	
A	114	7	11	22	27	32	37	42	
A	114	184441	8858829	13176710	17113838	26313054	43139104	123040492	
A	115	7	11	22	27	32	37	42	
A	115	187622	9040842	13490104	17533160	27041148	44202110	123039225	
A	116	7	11	22	27	32	37	42	
A	116	189596	9152182	13642022	17820129	27847862	45455491	122853865	
A	117	7	11	22	27	32	37	42	
A	117	192900	9278663	13938872	18264246	28732149	46702876	122828246	
A	118	7	11	22	27	32	37	42	
A	118	192379	9330955	14022519	18530038	29178856	47438488	122819926	
A	119	7	11	22	27	32	37	42	
A	119	197491	9498796	14225823	18883047	29829002	48341134	122798793	
A	120	7	11	22	27	32	37	42	
A	120	200827	9695403	14484906	19403008	30642999	49485533	122801754	
A	121	7	11	22	27	32	37	42	
A	121	204308	9842356	14677790	19917131	31358910	50527553	123005781	
A	122	7	11	22	27	32	37	42	
A	122	207918	10019018	14831754	20454047	32017296	51511123	122821731	
A	123	7	11	22	27	32	37	42	
A	123	213604	10247257	15102969	21010460	32720033	52454048	122761813	
A	124	7	11	22	27	32	37	42	
A	124	217670	10552217	15506607	21778536	33575773	53460762	122784637	
A	125	7	11	22	27	32	37	42	
A	125	221826	10877760	15862985	22545819	34426975	54541280	122847133	
A	126	7	11	22	27	32	37	42	
A	126	224170	11116440	16192051	23309079	35109197	55306221	122990296	
A	127	7	11	22	27	32	37	42	
A	127	227055	11406548	16580825	24114227	35953799	56250453	122929559	
A	128	7	11	22	27	32	37	42	
A	128	230337	11555678	16747821	24653673	36425536	56659099	122783646	
A	129	7	11	22	27	32	37	42	
A	129	234680	11837064	17089107	25268069	37222838	57475136	122859878	
A	130	7	11	22	27	32	37	42	
A	130	238953	12154054	17556798	26028159	38170267	58355744	122892488	
A	131	7	11	22	27	32	37	42	
A	131	240609	12447973	17847460	26648064	39031825	59245686	122916682	
A	132	7	11	22	27	32	37	42	
A	132	245410	12762303	18234181	27233446	39883273	59975651	122761887	
A	133	7	11	22	27	32	37	42	
A	133	249232	13072200	18703120	27961992	40871446	61020754	122765504	
A	134	7	11	22	27	32	37	42	
A	134	251872	13272342	19019703	28596843	41747731	61914489	122748580	
A	135	7	11	22	27	32	37	42	
A	135	256317	13543597	19415285	29154788	42643826	62777214	122911892	
A	136	7	11	22	27	32	37	42	
A	136	259169	13814082	19793342	29815553	43531360	63516300	122873024	
A	137	7	11	22	27	32	37	42	
A	137	266381	14238219	20413111	30547233	44750008	64617606	122844695	
A	138	7	11	22	27	32	37	42	
A	138	269794	14479951	20736485	31064498	45466104	65326957	122759959	
A	139	7	11	22	27	32	37	42	
A	139	271271	14628263	21120648	31638760	46496999	66268994	122762356	
A	140	7	11	22	27	32	37	42	
A	140	273098	15000374	21647921	32350728	47661157	67481137	122900328	
A	141	7	11	22	27	32	37	42	
A	141	277643	15259699	22029990	32902871	48509395	68370555	122893345	
A	142	7	11	22	27	32	37	42	
A	142	281922	15461216	22399689	33389340	49343748	69266706	122886034	
A	143	7	11	22	27	32	37	42	
A	143	282898	15685090	22735108	33864439	50080615	69909588	122833739	
A	144	7	11	22	27	32	37	42	
A	144	287151	15967172	23207142	34499211	50999462	70831572	122890056	
A	145	7	11	22	27	32	37	42	
A	145	292805	16459157	23910210	35423925	52137210	72002125	122962693	
A	146	7	11	22	27	32	37	42	
A	146	296941	16678645	24248064	35930238	52973760	72853544	122976350	
A	147	7	11	22	27	32	37	42	
A	147	302776	17089970	24816192	36681282	53903985	73760300	122949282	
A	148	7	11	22	27	32	37	42	
A	148	305264	17411402	25250217	37277364	54788590	74553042	122894793	
A	149	7	11	22	27	32	37	42	
A	149	310381	17809384	25781065	37949014	55579460	75323557	122890157	
A	150	7	11	22	27	32	37	42	
A	150	439390	28720235	41448204	57966386	77516546	93830449	122946439	
T	0	11	27	32	37	
T	0	5573829	17196442	115712708	115713477	
T	1	11	27	32	37	
T	1	5599199	15626779	127892751	128127033	
T	2	11	27	32	37	
T	2	4890995	11620424	28410965	121502202	
T	3	11	27	32	37	
T	3	4036403	8549261	17630775	130382482	
T	4	11	27	32	37	
T	4	3170196	6106012	11264252	128780923	
T	5	11	27	32	37	42	
T	5	2742913	5105838	8903319	19085579	124326959	
T	6	7	11	22	27	32	37	42	
T	6	91	2781105	2784963	5071687	8598755	17232328	126422484	
T	7	7	11	22	27	32	37	42	
T	7	756	3000413	3039027	5697251	9917953	19833834	128888059	
T	8	7	11	22	27	32	37	42	
T	8	641	2812626	2844373	5289570	9092897	18181381	129628918	
T	9	7	11	22	27	32	37	42	
T	9	2047	2713139	2790268	4995764	8340287	15985169	126768453	
T	10	7	11	22	27	32	37	42	
T	10	1571	2705804	2771660	5042659	8507432	16367701	126752837	
T	11	7	11	22	27	32	37	42	
T	11	4151	2608878	2754902	4840969	8027612	15270113	127298062	
T	12	7	11	22	27	32	37	42	
T	12	2090	2666961	2747303	5020048	8499230	16390867	128144773	
T	13	7	11	22	27	32	37	42	
T	13	3904	2799272	2932760	5201465	8665323	16432915	127456371	
T	14	7	11	22	27	32	37	42	
T	14	13072	2768588	3213655	5275715	8756299	16599481	126495028	
T	15	7	11	22	27	32	37	42	
T	15	21399	2907673	3628580	5728013	9544713	17882165	127635133	
T	16	7	11	22	27	32	37	42	
T	16	45426	2773808	4073613	5571381	8901500	16196830	127101600	
T	17	7	11	22	27	32	37	42	
T	17	46494	2935111	4362761	6012867	9718564	17794016	127926859	
T	18	7	11	22	27	32	37	42	
T	18	61405	2929590	4497563	5919176	9312347	16661592	127264599	
T	19	7	11	22	27	32	37	42	
T	19	72388	3026166	4760780	6115550	9569404	16916999	126496938	
T	20	7	11	22	27	32	37	42	
T	20	61396	2871741	4565011	5915325	9358720	16724101	126217676	
T	21	7	11	22	27	32	37	42	
T	21	64035	2886892	4670126	5928055	9268653	16444313	126351505	
T	22	7	11	22	27	32	37	42	
T	22	63601	2965569	4849788	6168995	9735857	17459873	126044364	
T	23	7	11	22	27	32	37	42	
T	23	65399	2901636	4713211	5948577	9361745	16643831	125684070	
T	24	7	11	22	27	32	37	42	
T	24	66837	2931486	4780767	6076719	9499222	16929300	125630988	
T	25	7	11	22	27	32	37	42	
T	25	68581	2981637	4883624	6217187	9766523	17431852	125387171	
T	26	7	11	22	27	32	37	42	
T	26	77064	3115558	5107657	6379989	9874557	17306298	125374991	
T	27	7	11	22	27	32	37	42	
T	27	73047	3088689	5092214	6381335	10062448	17916265	125096920	
T	28	7	11	22	27	32	37	42	
T	28	81627	3203430	5303686	6558508	10233655	18054479	125926827	
T	29	7	11	22	27	32	37	42	
T	29	74446	3176935	5313651	6561310	10289350	18318801	125030106	
T	30	7	11	22	27	32	37	42	
T	30	78011	3137076	5264631	6466055	10125978	18053821	125483115	
T	31	7	11	22	27	32	37	42	
T	31	84049	3279952	5456907	6673217	10291208	17985923	125456826	
T	32	7	11	22	27	32	37	42	
T	32	78529	3194204	5358318	6562693	10213685	18057873	124720869	
T	33	7	11	22	27	32	37	42	
T	33	86042	3329904	5534018	6775541	10374804	18103494	124821431	
T	34	7	11	22	27	32	37	42	
T	34	87279	3433954	5700058	7029586	10667532	18592000	124625307	
T	35	7	11	22	27	32	37	42	
T	35	79971	3357828	5627330	6975421	10644717	18703202	124340106	
T	36	7	11	22	27	32	37	42	
T	36	81562	3353304	5600710	6980657	10644512	18733391	124516801	
T	37	7	11	22	27	32	37	42	
T	37	82596	3423581	5736402	7145077	10871665	19175787	124209915	
T	38	7	11	22	27	32	37	42	
T	38	85408	3320621	5577349	6999350	10486710	18332253	124388273	
T	39	7	11	22	27	32	37	42	
T	39	90557	3482515	5820516	7258188	10794014	18715756	124275797	
T	40	7	11	22	27	32	37	42	
T	40	90322	3512437	5872903	7346621	11007200	19261561	124541709	
T	41	7	11	22	27	32	37	42	
T	41	82945	3516758	5886899	7365577	11036890	19192486	123627863	
T	42	7	11	22	27	32	37	42	
T	42	99775	3806965	6366892	7956671	12037749	21083149	125025358	
T	43	7	11	22	27	32	37	42	
T	43	96278	3819474	6345935	7956699	11980877	21043025	124307943	
T	44	7	11	22	27	32	37	42	
T	44	94365	3795208	6358664	7941002	11975557	21123017	124086111	
T	45	7	11	22	27	32	37	42	
T	45	97595	3848158	6456359	8044188	12108950	21316857	123923552	
T	46	7	11	22	27	32	37	42	
T	46	96116	3934200	6616476	8254029	12503165	22026855	124571308	
T	47	7	11	22	27	32	37	42	
T	47	99943	3978999	6603312	8236701	12446434	21964129	124149467	
T	48	7	11	22	27	32	37	42	
T	48	103162	4144524	6787956	8467013	12812116	22584767	124595071	
T	49	7	11	22	27	32	37	42	
T	49	106302	4208144	6779457	8455379	12778723	22500006	123839607	
T	50	7	11	22	27	32	37	42	
T	50	105180	4290521	6779680	8470201	12816016	22630018	123960132	
T	51	7	11	22	27	32	37	42	
T	51	105895	4433024	6898745	8599701	12961930	22781946	123885321	
T	52	7	11	22	27	32	37	42	
T	52	105057	4565324	7045690	8800178	13391238	23601171	124734050	
T	53	7	11	22	27	32	37	42	
T	53	108450	4650275	7031590	8759279	13206265	23233181	124067878	
T	54	7	11	22	27	32	37	42	
T	54	109541	4701462	7063507	8795994	13261000	23281039	123673139	
T	55	7	11	22	27	32	37	42	
T	55	111930	4819557	7182811	8962933	13638015	24028199	124316464	
T	56	7	11	22	27	32	37	42	
T	56	113473	4917607	7195902	8958937	13507370	23697994	123720146	
T	57	7	11	22	27	32	37	42	
T	57	114504	5001989	7283412	9065914	13682421	24001343	123858145	
T	58	7	11	22	27	32	37	42	
T	58	115388	5055275	7313635	9099700	13737368	24071964	123657815	
T	59	7	11	22	27	32	37	42	
T	59	118065	5103187	7368487	9153159	13781579	24143952	123370321	
T	60	7	11	22	27	32	37	42	
T	60	120271	5159539	7428987	9228850	13886585	24302287	123314554	
T	61	7	11	22	27	32	37	42	
T	61	220190	5457344	7829159	9825188	14705325	25442005	124265194	
T	62	7	11	22	27	32	37	42	
T	62	121071	5283182	7605720	9440248	14200454	24819177	123696734	
T	63	7	11	22	27	32	37	42	
T	63	120647	5408482	7833619	9718447	14676946	25628585	124164307	
T	64	7	11	22	27	32	37	42	
T	64	123776	5376745	7750752	9606185	14425946	25163142	123551234	
T	65	7	11	22	27	32	37	42	
T	65	125061	5395071	7766509	9622133	14442553	25173286	123481934	
T	66	7	11	22	27	32	37	42	
T	66	127081	5569835	8004687	9916130	14917176	25978373	124141921	
T	67	7	11	22	27	32	37	42	
T	67	127176	5574855	8027691	9943557	14960116	26030750	124226252	
T	68	7	11	22	27	32	37	42	
T	68	129415	5577679	7976495	9883323	14864345	25873680	123567128	
T	69	7	11	22	27	32	37	42	
T	69	131581	5652605	8059806	9976891	14963695	25998678	123383965	
T	70	7	11	22	27	32	37	42	
T	70	132872	5727378	8193441	10131054	15179079	26299486	123175854	
T	71	7	11	22	27	32	37	42	
T	71	134434	5838293	8374371	10334453	15452397	26720996	123381139	
T	72	7	11	22	27	32	37	42	
T	72	135772	5848556	8432178	10413576	15585117	26957957	123422121	
T	73	7	11	22	27	32	37	42	
T	73	138371	5875898	8446383	10431782	15617885	27032600	123415173	
T	74	7	11	22	27	32	37	42	
T	74	139375	5964352	8587977	10611325	15882846	27496114	123434353	
T	75	7	11	22	27	32	37	42	
T	75	137854	6466091	9739867	12264033	19358334	40519137	123282834	
T	76	7	11	22	27	32	37	42	
T	76	146867	6352060	9205981	11578785	17616766	32685356	123477400	
T	77	7	11	22	27	32	37	42	
T	77	144136	6092017	8738719	10906225	16486615	29350012	123492535	
T	78	7	11	22	27	32	37	42	
T	78	144589	6104467	8736344	10848509	16296334	28431018	123296797	
T	79	7	11	22	27	32	37	42	
T	79	144305	6126038	8731798	10808507	16180788	27987939	123274584	
T	80	7	11	22	27	32	37	42	
T	80	143561	6083044	8691416	10745473	16099814	27781345	123288922	
T	81	7	11	22	27	32	37	42	
T	81	148257	6358969	9091119	11167839	16599151	28315239	123272147	
T	82	7	11	22	27	32	37	42	
T	82	153075	6474679	9371522	11491688	17105826	29102207	123746199	
T	83	7	11	22	27	32	37	42	
T	83	153704	6322824	9078874	11190531	16748927	28782980	123367638	
T	84	7	11	22	27	32	37	42	
T	84	186768	6603568	9431884	11569409	17183205	29221115	123587356	
T	85	7	11	22	27	32	37	42	
T	85	155597	6440553	9229362	11368004	17003353	29107232	123434591	
T	86	7	11	22	27	32	37	42	
T	86	156404	6587205	9467649	11632965	17343560	29586302	123349014	
T	87	7	11	22	27	32	37	42	
T	87	157270	6625639	9548765	11737861	17533896	29921993	123397081	
T	88	7	11	22	27	32	37	42	
T	88	165232	6906885	9859451	12069279	17909029	30417564	123550841	
T	89	7	11	22	27	32	37	42	
T	89	161822	6792344	9766898	11989839	17877596	30472181	123412858	
T	90	7	11	22	27	32	37	42	
T	90	169221	7095789	10137340	12392823	18390692	31215767	123649314	
T	91	7	11	22	27	32	37	42	
T	91	166865	6998179	10057404	12345786	18428708	31385905	123467298	
T	92	7	11	22	27	32	37	42	
T	92	169012	7066992	10149990	12455586	18636150	31787248	123564841	
T	93	7	11	22	27	32	37	42	
T	93	173456	7168395	10333283	12672948	18911113	32111938	123338053	
T	94	7	11	22	27	32	37	42	
T	94	197007	7358090	10530079	12896211	19252688	32617509	123531133	
T	95	7	11	22	27	32	37	42	
T	95	181272	7316753	10498606	12910817	19358514	32783368	123145780	
T	96	7	11	22	27	32	37	42	
T	96	185961	7445191	10707340	13181119	19795730	33392972	123260794	
T	97	7	11	22	27	32	37	42	
T	97	228719	7706328	10990121	13543618	20368183	34158564	123488380	
T	98	7	11	22	27	32	37	42	
T	98	192808	7715140	10977055	13622696	20651446	34503086	123295552	
T	99	7	11	22	27	32	37	42	
T	99	191412	7791338	11063025	13783213	21034824	34986928	123225471	
T	100	7	11	22	27	32	37	42	
T	100	197828	7933681	11244760	14062573	21568045	35759719	123049803	
T	101	7	11	22	27	32	37	42	
T	101	197286	8105354	11456354	14448624	22331317	36782789	123292386	
T	102	7	11	22	27	32	37	42	
T	102	202304	8239829	11566968	14633083	22697872	37270095	123196532	
T	103	7	11	22	27	32	37	42	
T	103	269086	8502656	11851623	15038543	23382739	38018755	123310807	
T	104	7	11	22	27	32	37	42	
T	104	211432	8586160	12066656	15364608	23979735	38765128	123128535	
T	105	7	11	22	27	32	37	42	
T	105	231078	8850119	12470670	15849045	24629922	39623593	123319170	
T	106	7	11	22	27	32	37	42	
T	106	207337	8860991	12663051	16089522	25016235	40321005	123301725	
T	107	7	11	22	27	32	37	42	
T	107	207690	9062256	12963588	16510967	25648300	41177434	123336405	
T	108	7	11	22	27	32	37	42	
T	108	215424	9329456	13408727	17054760	26218598	42005471	123347411	
T	109	7	11	22	27	32	37	42	
T	109	215400	9459037	13708722	17438195	26598784	42599228	123465941	
T	110	7	11	22	27	32	37	42	
T	110	212473	9445725	13817954	17605895	26808001	42997568	123072645	
T	111	7	11	22	27	32	37	42	
T	111	214464	9628112	14149580	18134365	27476570	43997420	123102801	
T	112	7	11	22	27	32	37	42	
T	112	215452	9712000	14318810	18432856	27841648	44609741	123233310	
T	113	7	11	22	27	32	37	42	
T	113	215795	9833640	14590181	18870641	28460693	45582438	123292562	
T	114	7	11	22	27	32	37	42	
T	114	218170	9919013	14724402	19114896	28920516	46266405	123149237	
T	115	7	11	22	27	32	37	42	
T	115	221308	10068733	14999879	19504116	29611021	47302538	123176634	
T	116	7	11	22	27	32	37	42	
T	116	225335	10390070	15429610	20128383	30822444	49030723	123140118	
T	117	7	11	22	27	32	37	42	
T	117	227154	10533651	15736207	20586730	31685249	50237465	123307257	
T	118	7	11	22	27	32	37	42	
T	118	228019	10640291	15867415	20895907	32164509	50968838	123231814	
T	119	7	11	22	27	32	37	42	
T	119	231124	10799268	16045333	21216915	32734489	51777983	123130075	
T	120	7	11	22	27	32	37	42	
T	120	234056	10992323	16277247	21695449	33484622	52844915	123089810	
T	121	7	11	22	27	32	37	42	
T	121	238134	11227679	16564966	22316668	34287572	53938279	123162193	
T	122	7	11	22	27	32	37	42	
T	122	240700	11463478	16776460	22934253	35066877	55104222	123269325	
T	123	7	11	22	27	32	37	42	
T	123	245900	11719907	17066514	23523512	35807859	56115803	123218091	
T	124	7	11	22	27	32	37	42	
T	124	249564	12017776	17424618	24210933	36544953	56952076	123184212	
T	125	7	11	22	27	32	37	42	
T	125	253753	12323865	17728892	24915439	37290253	57930742	123218323	
T	126	7	11	22	27	32	37	42	
T	126	256623	12630667	18100923	25729253	38018666	58652334	123120605	
T	127	7	11	22	27	32	37	42	
T	127	259422	12961629	18519249	26563138	38883293	59657258	123232477	
T	128	7	11	22	27	32	37	42	
T	128	261389	13158298	18730155	27149049	39461656	60132323	123163653	
T	129	7	11	22	27	32	37	42	
T	129	268142	13464917	19085499	27778091	40253755	60947527	123163770	
T	130	7	11	22	27	32	37	42	
T	130	270339	13694342	19399829	28330609	40936392	61485825	123080307	
T	131	7	11	22	27	32	37	42	
T	131	274490	14084464	19800866	29091797	41984966	62547300	123192889	
T	132	7	11	22	27	32	37	42	
T	132	278903	14470280	20290235	29804551	43013916	63467675	123211763	
T	133	7	11	22	27	32	37	42	
T	133	284162	14805151	20758928	30489485	43919435	64366381	123166861	
T	134	7	11	22	27	32	37	42	
T	134	285942	14995547	21048197	31079566	44760032	65219344	123188446	
T	135	7	11	22	27	32	37	42	
T	135	290634	15287752	21440014	31615492	45648770	66038851	123231884	
T	136	7	11	22	27	32	37	42	
T	136	293058	15611859	21887042	32386878	46703702	66960819	123375061	
T	137	7	11	22	27	32	37	42	
T	137	299966	16057519	22581657	33213650	48002650	68069571	123300025	
T	138	7	11	22	27	32	37	42	
T	138	302724	16346408	22928022	33735369	48737616	68847360	123424800	
T	139	7	11	22	27	32	37	42	
T	139	305190	16497652	23300075	34279596	49763428	69776929	123462158	
T	140	7	11	22	27	32	37	42	
T	140	308974	16809318	23751923	34891107	50771134	70787334	123427236	
T	141	7	11	22	27	32	37	42	
T	141	312404	17136988	24190714	35509519	51743764	71791444	123556237	
T	142	7	11	22	27	32	37	42	
T	142	316876	17393691	24662288	36094082	52615154	72657664	123473017	
T	143	7	11	22	27	32	37	42	
T	143	318667	17621877	24992312	36561538	53378558	73360254	123526227	
T	144	7	11	22	27	32	37	42	
T	144	322946	17860082	25376784	37055204	54126655	74064392	123406022	
T	145	7	11	22	27	32	37	42	
T	145	327905	18325002	26021021	37890272	55126007	75088086	123498353	
T	146	7	11	22	27	32	37	42	
T	146	332595	18605013	26441774	38505143	56126705	76090789	123611621	
T	147	7	11	22	27	32	37	42	
T	147	338623	19106345	27118052	39386600	57179575	77122738	123706092	
T	148	7	11	22	27	32	37	42	
T	148	341233	19443463	27571283	40006105	58128109	78006441	123714609	
T	149	7	11	22	27	32	37	42	
T	149	344761	19828032	28066775	40623222	58847248	78680155	123706122	
T	150	7	11	22	27	32	37	42	
T	150	457984	31438316	44126107	60687533	80517695	96909965	125526862	
G	0	11	27	32	37	
G	0	1622650	4449053	72702959	72705095	
G	1	11	27	32	37	
G	1	1866970	4449736	80362524	80751715	
G	2	11	27	32	37	
G	2	2029002	4194714	10427083	78995563	
G	3	11	27	32	37	
G	3	1916998	3903837	7905871	79232651	
G	4	11	27	32	37	
G	4	1948345	3788742	7064764	83598103	
G	5	11	27	32	37	42	
G	5	1822140	3570378	6246817	14083565	84035048	
G	6	7	11	22	27	32	37	42	
G	6	469	1818072	1820216	3562257	6111058	12887246	84584557	
G	7	7	11	22	27	32	37	42	
G	7	4119	1709281	1728161	3119179	5106589	10224368	81743306	
G	8	7	11	22	27	32	37	42	
G	8	3260	1684316	1703391	3064741	4945081	9700548	81910325	
G	9	7	11	22	27	32	37	42	
G	9	9239	1622475	1669815	3067643	5039322	9918831	83813041	
G	10	7	11	22	27	32	37	42	
G	10	7970	1665145	1707484	3085896	4959277	9461217	82839975	
G	11	7	11	22	27	32	37	42	
G	11	20779	1633229	1721015	3054158	4905913	9462895	83441624	
G	12	7	11	22	27	32	37	42	
G	12	9373	1605010	1653889	2997524	4832974	9324202	82556273	
G	13	7	11	22	27	32	37	42	
G	13	16950	1655889	1734182	3074301	4950391	9571357	82731837	
G	14	7	11	22	27	32	37	42	
G	14	68483	1794580	2046084	3318598	5210317	9883656	83757231	
G	15	7	11	22	27	32	37	42	
G	15	113798	1863866	2228939	3428679	5298314	9684128	83301045	
G	16	7	11	22	27	32	37	42	
G	16	216164	1869301	2587114	3556467	5476447	10008276	83865772	
G	17	7	11	22	27	32	37	42	
G	17	238589	1993483	2749434	3758768	5672863	9973269	82993169	
G	18	7	11	22	27	32	37	42	
G	18	260271	1965685	2834926	3750635	5677477	10040274	83379608	
G	19	7	11	22	27	32	37	42	
G	19	284153	2023718	2975794	3866365	5862328	10302734	84499707	
G	20	7	11	22	27	32	37	42	
G	20	279386	1963185	2905180	3782694	5737488	10110369	84804856	
G	21	7	11	22	27	32	37	42	
G	21	301181	2018602	3025249	3861453	5799559	10163017	84886719	
G	22	7	11	22	27	32	37	42	
G	22	322446	2179154	3281849	4161339	6142741	10508176	84563356	
G	23	7	11	22	27	32	37	42	
G	23	301396	2042632	3075162	3916365	5934345	10435137	84569385	
G	24	7	11	22	27	32	37	42	
G	24	308182	2071212	3128160	3990565	5966050	10444857	84636550	
G	25	7	11	22	27	32	37	42	
G	25	335863	2238743	3391920	4310773	6400093	11014624	85825100	
G	26	7	11	22	27	32	37	42	
G	26	327802	2186080	3334992	4220314	6299093	10979352	85063277	
G	27	7	11	22	27	32	37	42	
G	27	354823	2302839	3482942	4393275	6513962	11127625	85875551	
G	28	7	11	22	27	32	37	42	
G	28	339280	2226742	3407609	4284459	6435743	11266292	85333834	
G	29	7	11	22	27	32	37	42	
G	29	363850	2363794	3613879	4512389	6694246	11521549	86318919	
G	30	7	11	22	27	32	37	42	
G	30	351955	2252120	3485697	4358153	6532109	11411654	85801823	
G	31	7	11	22	27	32	37	42	
G	31	351216	2311145	3564751	4462147	6680560	11655601	85720643	
G	32	7	11	22	27	32	37	42	
G	32	353395	2294657	3539457	4418717	6603263	11513619	85623620	
G	33	7	11	22	27	32	37	42	
G	33	358263	2380323	3661218	4584067	6861784	12056074	85732758	
G	34	7	11	22	27	32	37	42	
G	34	366288	2422099	3701979	4654495	6926464	12161302	86412355	
G	35	7	11	22	27	32	37	42	
G	35	369064	2467450	3801046	4755814	6991546	12107954	85904848	
G	36	7	11	22	27	32	37	42	
G	36	368480	2428045	3715884	4696912	6956312	12143917	86507742	
G	37	7	11	22	27	32	37	42	
G	37	403826	2691953	4087367	5116566	7410869	12606774	86339677	
G	38	7	11	22	27	32	37	42	
G	38	383032	2516444	3831854	4851695	7083602	12274686	86119497	
G	39	7	11	22	27	32	37	42	
G	39	393262	2571315	3910143	4947709	7247181	12631395	86882095	
G	40	7	11	22	27	32	37	42	
G	40	404563	2609674	3940217	4965303	7224297	12531699	86416943	
G	41	7	11	22	27	32	37	42	
G	41	417988	2718168	4106965	5175690	7568205	13263711	86933130	
G	42	7	11	22	27	32	37	42	
G	42	420820	2784404	4232231	5311164	7769714	13560202	86308988	
G	43	7	11	22	27	32	37	42	
G	43	429601	2873812	4339016	5444930	7984171	14080100	86348183	
G	44	7	11	22	27	32	37	42	
G	44	433578	2845954	4348898	5459091	8062522	14326893	86957775	
G	45	7	11	22	27	32	37	42	
G	45	445352	2912857	4446254	5566071	8177894	14469000	86500753	
G	46	7	11	22	27	32	37	42	
G	46	448501	2917464	4475759	5614420	8292311	14694447	86534101	
G	47	7	11	22	27	32	37	42	
G	47	460787	2993406	4562359	5719421	8436330	14955051	86561885	
G	48	7	11	22	27	32	37	42	
G	48	468659	3053303	4581808	5740735	8459157	14974144	86502454	
G	49	7	11	22	27	32	37	42	
G	49	472434	3083988	4595440	5764870	8532245	15162490	86478776	
G	50	7	11	22	27	32	37	42	
G	50	477755	3149375	4633799	5825552	8642192	15333629	87136483	
G	51	7	11	22	27	32	37	42	
G	51	493686	3280907	4795793	6008462	8866963	15621570	87354712	
G	52	7	11	22	27	32	37	42	
G	52	495500	3288422	4743778	5947980	8789074	15532525	86500151	
G	53	7	11	22	27	32	37	42	
G	53	510213	3460823	4957017	6190951	9111273	16070847	87339833	
G	54	7	11	22	27	32	37	42	
G	54	513736	3453790	4930522	6176933	9121263	16074423	87655454	
G	55	7	11	22	27	32	37	42	
G	55	516972	3472321	4900610	6141714	9077448	16029572	86905415	
G	56	7	11	22	27	32	37	42	
G	56	528486	3576039	4994422	6243345	9196825	16192102	86875887	
G	57	7	11	22	27	32	37	42	
G	57	538075	3664519	5107694	6380573	9410130	16528688	87329955	
G	58	7	11	22	27	32	37	42	
G	58	543498	3692468	5118803	6396397	9434111	16582210	86909399	
G	59	7	11	22	27	32	37	42	
G	59	550917	3742615	5206249	6494769	9554356	16768509	86781281	
G	60	7	11	22	27	32	37	42	
G	60	563217	3822743	5283879	6596594	9715084	17057871	87535454	
G	61	7	11	22	27	32	37	42	
G	61	585545	3845639	5312484	6618904	9726672	17007882	86758186	
G	62	7	11	22	27	32	37	42	
G	62	568767	3868266	5353893	6669972	9791201	17129396	86849326	
G	63	7	11	22	27	32	37	42	
G	63	579835	3934536	5457246	6790585	9946460	17317812	87013428	
G	64	7	11	22	27	32	37	42	
G	64	585201	3957073	5473898	6814133	10008330	17485212	87082897	
G	65	7	11	22	27	32	37	42	
G	65	590194	3971197	5481725	6826507	10017906	17499492	86953585	
G	66	7	11	22	27	32	37	42	
G	66	607050	4063400	5589140	6944774	10164236	17663323	86921851	
G	67	7	11	22	27	32	37	42	
G	67	606722	4050713	5589052	6954543	10206740	17810126	86691728	
G	68	7	11	22	27	32	37	42	
G	68	614979	4101311	5628620	7011767	10302646	17984302	86810877	
G	69	7	11	22	27	32	37	42	
G	69	624086	4184335	5732064	7126233	10447356	18185240	87131241	
G	70	7	11	22	27	32	37	42	
G	70	634608	4262733	5871680	7296430	10690084	18543130	87313496	
G	71	7	11	22	27	32	37	42	
G	71	646349	4358341	6014586	7448787	10875944	18821344	87262705	
G	72	7	11	22	27	32	37	42	
G	72	644607	4309462	5957916	7393397	10832515	18812486	87191712	
G	73	7	11	22	27	32	37	42	
G	73	649512	4355428	6015252	7461568	10917226	18961341	87223961	
G	74	7	11	22	27	32	37	42	
G	74	654660	4374988	6032784	7490824	10967723	18986627	87123832	
G	75	7	11	22	27	32	37	42	
G	75	689408	5156331	7607234	9701001	16177415	36931814	87113110	
G	76	7	11	22	27	32	37	42	
G	76	675460	4987330	6939734	8707008	13160331	25402158	87170960	
G	77	7	11	22	27	32	37	42	
G	77	667913	4633724	6382357	7988042	11910681	21581060	87015519	
G	78	7	11	22	27	32	37	42	
G	78	673237	4897550	6717374	8276457	12029534	20780115	87671214	
G	79	7	11	22	27	32	37	42	
G	79	678316	4732128	6458847	7986762	11671791	20076941	87348123	
G	80	7	11	22	27	32	37	42	
G	80	681446	4662136	6373629	7887870	11553425	19840818	87333964	
G	81	7	11	22	27	32	37	42	
G	81	772501	5292593	7227727	8780109	12529237	20774052	87861078	
G	82	7	11	22	27	32	37	42	
G	82	751656	4943118	6831523	8393757	12219891	20586109	87468271	
G	83	7	11	22	27	32	37	42	
G	83	811960	5109835	6969073	8552138	12420273	20911987	87837872	
G	84	7	11	22	27	32	37	42	
G	84	788550	5009492	6852183	8429088	12309551	20755205	87284468	
G	85	7	11	22	27	32	37	42	
G	85	754054	4946221	6766201	8340239	12241600	20695688	87068586	
G	86	7	11	22	27	32	37	42	
G	86	789403	5301738	7265293	8878455	12882874	21443030	87601603	
G	87	7	11	22	27	32	37	42	
G	87	762191	5093299	7017354	8630613	12668295	21313060	87293895	
G	88	7	11	22	27	32	37	42	
G	88	770970	5259984	7217396	8855339	12973203	21719031	87466424	
G	89	7	11	22	27	32	37	42	
G	89	759136	5188719	7142854	8786224	12938643	21717566	87298500	
G	90	7	11	22	27	32	37	42	
G	90	777194	5325976	7305806	8975242	13219845	22160419	87304254	
G	91	7	11	22	27	32	37	42	
G	91	785437	5335006	7349995	9039493	13352816	22326799	87232922	
G	92	7	11	22	27	32	37	42	
G	92	818662	5643808	7761629	9487337	13934735	23010917	87609152	
G	93	7	11	22	27	32	37	42	
G	93	868091	5743280	7902395	9664766	14197673	23356651	87776769	
G	94	7	11	22	27	32	37	42	
G	94	891769	5612298	7709424	9482031	14100054	23375324	87487184	
G	95	7	11	22	27	32	37	42	
G	95	919397	5884158	8051629	9878641	14627701	23994224	87830005	
G	96	7	11	22	27	32	37	42	
G	96	976405	5964781	8174116	10064647	14953443	24474580	87866588	
G	97	7	11	22	27	32	37	42	
G	97	972384	5911739	8065415	9962087	14928420	24589172	87538627	
G	98	7	11	22	27	32	37	42	
G	98	935472	6022676	8185861	10142131	15231494	25079541	87589598	
G	99	7	11	22	27	32	37	42	
G	99	988051	6267689	8491065	10535286	15820157	25909621	87959403	
G	100	7	11	22	27	32	37	42	
G	100	971955	6197408	8387845	10478232	15890625	26229834	87675287	
G	101	7	11	22	27	32	37	42	
G	101	964339	6249722	8451440	10645167	16240672	26866060	87467017	
G	102	7	11	22	27	32	37	42	
G	102	1053833	6620117	8839400	11111999	16825722	27654003	88010319	
G	103	7	11	22	27	32	37	42	
G	103	1034667	6574036	8778853	11118697	16941094	28041370	87674178	
G	104	7	11	22	27	32	37	42	
G	104	1019339	6764087	9079177	11510841	17483364	28816482	87756824	
G	105	7	11	22	27	32	37	42	
G	105	995696	6745641	9078692	11559567	17586935	29129908	87603602	
G	106	7	11	22	27	32	37	42	
G	106	971348	6791325	9251637	11767596	17874536	29593315	87559735	
G	107	7	11	22	27	32	37	42	
G	107	984736	6943096	9449457	12039965	18256496	30132998	87515829	
G	108	7	11	22	27	32	37	42	
G	108	973035	7059486	9711316	12384231	18697434	30804810	87621958	
G	109	7	11	22	27	32	37	42	
G	109	974481	7108616	9856923	12573131	18893685	31117910	87434432	
G	110	7	11	22	27	32	37	42	
G	110	980709	7214980	10067207	12837398	19249925	31651920	87574976	
G	111	7	11	22	27	32	37	42	
G	111	990578	7346457	10306948	13164075	19719405	32260210	87527086	
G	112	7	11	22	27	32	37	42	
G	112	989859	7387714	10419237	13332360	19988962	32616520	87427267	
G	113	7	11	22	27	32	37	42	
G	113	997638	7483820	10640933	13640600	20509092	33307584	87555519	
G	114	7	11	22	27	32	37	42	
G	114	1004835	7554581	10788581	13847117	20937001	33832956	87677440	
G	115	7	11	22	27	32	37	42	
G	115	1021200	7717729	11061345	14174477	21511180	34534061	87766073	
G	116	7	11	22	27	32	37	42	
G	116	1034275	7928880	11315527	14504731	22181623	35396564	87683355	
G	117	7	11	22	27	32	37	42	
G	117	1049970	8105073	11639565	14937279	22944356	36306232	87697091	
G	118	7	11	22	27	32	37	42	
G	118	1062319	8138727	11706854	15127292	23297903	36805085	87725490	
G	119	7	11	22	27	32	37	42	
G	119	1077847	8279640	11869008	15373695	23712035	37314484	87716894	
G	120	7	11	22	27	32	37	42	
G	120	1102946	8412622	12054506	15722921	24294878	38062074	87739928	
G	121	7	11	22	27	32	37	42	
G	121	1128974	8500698	12149149	16009790	24648752	38491615	87636003	
G	122	7	11	22	27	32	37	42	
G	122	1148382	8683656	12321753	16460315	25193164	39217974	87721561	
G	123	7	11	22	27	32	37	42	
G	123	1172754	8899220	12572422	16928684	25776360	39929930	87618640	
G	124	7	11	22	27	32	37	42	
G	124	1195006	9171566	12893262	17477917	26346091	40535680	87587087	
G	125	7	11	22	27	32	37	42	
G	125	1210631	9357847	13091901	17941576	26841611	41137483	87551518	
G	126	7	11	22	27	32	37	42	
G	126	1229532	9530328	13299605	18433353	27251994	41529217	87614696	
G	127	7	11	22	27	32	37	42	
G	127	1249882	9769994	13601114	19040267	27873685	42197201	87593704	
G	128	7	11	22	27	32	37	42	
G	128	1262826	9906182	13756896	19493009	28325645	42613177	87642805	
G	129	7	11	22	27	32	37	42	
G	129	1277939	10105353	14004982	19931303	28856830	43157260	87679461	
G	130	7	11	22	27	32	37	42	
G	130	1302579	10396734	14374033	20505490	29539756	43798598	87763291	
G	131	7	11	22	27	32	37	42	
G	131	1312825	10545241	14526479	20875294	30052293	44430483	87591461	
G	132	7	11	22	27	32	37	42	
G	132	1345206	10911086	14956154	21455081	30797019	45117366	87747911	
G	133	7	11	22	27	32	37	42	
G	133	1365985	11139866	15287645	21970379	31479184	45896530	87632265	
G	134	7	11	22	27	32	37	42	
G	134	1378503	11264503	15486873	22388364	32071745	46576294	87582798	
G	135	7	11	22	27	32	37	42	
G	135	1403116	11449911	15755659	22765370	32681709	47271863	87587095	
G	136	7	11	22	27	32	37	42	
G	136	1423971	11678328	16035631	23243895	33294547	47880710	87543430	
G	137	7	11	22	27	32	37	42	
G	137	1457365	12155712	16652466	23908234	34253370	49047731	87686450	
G	138	7	11	22	27	32	37	42	
G	138	1472949	12361977	16941952	24359402	34856942	49802640	87691691	
G	139	7	11	22	27	32	37	42	
G	139	1483250	12430776	17136054	24665610	35474024	50668265	87651732	
G	140	7	11	22	27	32	37	42	
G	140	1498649	12681081	17473271	25096726	36190724	51724569	87677640	
G	141	7	11	22	27	32	37	42	
G	141	1516829	12899676	17765095	25488747	36793144	52526629	87654735	
G	142	7	11	22	27	32	37	42	
G	142	1541723	13153108	18124020	25883426	37351807	53380308	87671553	
G	143	7	11	22	27	32	37	42	
G	143	1551568	13330046	18387401	26260745	37957222	54240659	87683078	
G	144	7	11	22	27	32	37	42	
G	144	1578407	13587858	18771954	26748115	38661366	55074906	87823270	
G	145	7	11	22	27	32	37	42	
G	145	1614387	13942284	19226390	27273678	39238741	55635757	87816190	
G	146	7	11	22	27	32	37	42	
G	146	1627694	14070817	19427525	27590216	39792070	56291206	87707178	
G	147	7	11	22	27	32	37	42	
G	147	1667645	14491106	19956049	28256273	40575892	57018314	87824754	
G	148	7	11	22	27	32	37	42	
G	148	1683645	14757129	20313415	28724445	41263854	57837026	87819355	
G	149	7	11	22	27	32	37	42	
G	149	1712320	15034824	20666086	29161067	41806122	58381052	87891993	
G	150	7	11	22	27	32	37	42	
G	150	2757434	22747468	31993888	43914635	57617229	72157868	88061760	
C	0	11	27	32	37	
C	0	3241937	10377097	88974584	88975306	
C	1	11	27	32	37	
C	1	2163868	5638532	75097827	75275092	
C	2	11	27	32	37	
C	2	2462421	5729126	14724494	88195662	
C	3	11	27	32	37	
C	3	2210469	4172676	7803557	84385101	
C	4	11	27	32	37	
C	4	1951672	3731588	6913473	76363875	
C	5	11	27	32	37	42	
C	5	1791552	3419995	5808460	12788192	82648143	
C	6	7	11	22	27	32	37	42	
C	6	520	1818382	1820979	3555019	5969392	12072190	80667111	
C	7	7	11	22	27	32	37	42	
C	7	4585	1833088	1858491	3510103	5794468	11561148	82725736	
C	8	7	11	22	27	32	37	42	
C	8	3550	1714109	1736467	3144572	5072393	9931947	82576156	
C	9	7	11	22	27	32	37	42	
C	9	10453	1706899	1757822	3172168	5094210	9749913	83268618	
C	10	7	11	22	27	32	37	42	
C	10	8890	1713526	1758012	3164250	5074349	9690417	84093824	
C	11	7	11	22	27	32	37	42	
C	11	22952	1744153	1839994	3254313	5164816	9727519	82887004	
C	12	7	11	22	27	32	37	42	
C	12	12201	1846975	1907046	3395398	5350970	9930637	82683203	
C	13	7	11	22	27	32	37	42	
C	13	20047	1797624	1885326	3324635	5271763	9966813	83505455	
C	14	7	11	22	27	32	37	42	
C	14	72589	1792570	2045219	3325701	5195357	9622070	83204771	
C	15	7	11	22	27	32	37	42	
C	15	115935	1854451	2231545	3443846	5306773	9708033	83119956	
C	16	7	11	22	27	32	37	42	
C	16	237120	1968792	2733873	3763432	5722022	10092326	83147842	
C	17	7	11	22	27	32	37	42	
C	17	252932	2006171	2774940	3777481	5692304	9980600	83912206	
C	18	7	11	22	27	32	37	42	
C	18	290784	2054904	2930001	3871615	5779673	9962904	83822045	
C	19	7	11	22	27	32	37	42	
C	19	323223	2104484	3059286	3967935	5922063	10111411	83968693	
C	20	7	11	22	27	32	37	42	
C	20	330547	2187261	3201808	4155912	6195446	10539449	83876776	
C	21	7	11	22	27	32	37	42	
C	21	345783	2180696	3279753	4209926	6300843	10795192	83956621	
C	22	7	11	22	27	32	37	42	
C	22	352663	2188471	3285723	4214724	6253371	10679832	84155973	
C	23	7	11	22	27	32	37	42	
C	23	356242	2239846	3366508	4303155	6459228	11048697	84469674	
C	24	7	11	22	27	32	37	42	
C	24	375870	2351599	3522069	4497402	6639585	11204393	84539492	
C	25	7	11	22	27	32	37	42	
C	25	373977	2268889	3399602	4349990	6442977	10951751	84533326	
C	26	7	11	22	27	32	37	42	
C	26	375583	2287632	3436390	4354399	6437109	10933568	85031969	
C	27	7	11	22	27	32	37	42	
C	27	380153	2286528	3442998	4371745	6491133	11027964	84967089	
C	28	7	11	22	27	32	37	42	
C	28	380196	2321425	3501343	4402578	6513136	11054442	84874645	
C	29	7	11	22	27	32	37	42	
C	29	394358	2344612	3546647	4444802	6559192	11146066	84973457	
C	30	7	11	22	27	32	37	42	
C	30	410459	2459288	3732785	4673862	6881828	11607682	85001944	
C	31	7	11	22	27	32	37	42	
C	31	405096	2436747	3695844	4617379	6801614	11475924	84977268	
C	32	7	11	22	27	32	37	42	
C	32	421072	2550533	3886594	4858504	7156499	12022033	85860886	
C	33	7	11	22	27	32	37	42	
C	33	413906	2541320	3839761	4798109	7047872	11865539	85086129	
C	34	7	11	22	27	32	37	42	
C	34	419671	2566835	3849359	4833111	7067011	11925192	85690329	
C	35	7	11	22	27	32	37	42	
C	35	433073	2692608	4034178	5057743	7343869	12260088	85540539	
C	36	7	11	22	27	32	37	42	
C	36	436730	2715702	4079917	5139960	7468971	12483179	85525163	
C	37	7	11	22	27	32	37	42	
C	37	441673	2734148	4125758	5184076	7505808	12614031	86225317	
C	38	7	11	22	27	32	37	42	
C	38	441023	2736765	4121794	5229389	7591865	12781292	86221670	
C	39	7	11	22	27	32	37	42	
C	39	445112	2730454	4081306	5151082	7429854	12473402	85701840	
C	40	7	11	22	27	32	37	42	
C	40	461277	2847202	4238225	5345796	7687789	12818665	85544128	
C	41	7	11	22	27	32	37	42	
C	41	466603	2869878	4289105	5399592	7784439	13015397	85764734	
C	42	7	11	22	27	32	37	42	
C	42	472517	2951274	4453201	5601631	8146664	13762450	85719295	
C	43	7	11	22	27	32	37	42	
C	43	477627	3042083	4580973	5771935	8442295	14387998	85930728	
C	44	7	11	22	27	32	37	42	
C	44	491502	3065536	4641728	5823178	8523427	14574509	86089843	
C	45	7	11	22	27	32	37	42	
C	45	496751	3113902	4728214	5922608	8637436	14740604	85885541	
C	46	7	11	22	27	32	37	42	
C	46	506016	3147269	4767403	5975699	8735790	14910121	85797695	
C	47	7	11	22	27	32	37	42	
C	47	515215	3250891	4926513	6179137	9053963	15536608	86670070	
C	48	7	11	22	27	32	37	42	
C	48	526102	3319669	4961599	6219301	9103802	15574799	86172257	
C	49	7	11	22	27	32	37	42	
C	49	534886	3389680	5038545	6327887	9299210	15938524	86769093	
C	50	7	11	22	27	32	37	42	
C	50	541683	3420601	5009187	6296550	9250797	15872712	86035878	
C	51	7	11	22	27	32	37	42	
C	51	551534	3517782	5108042	6404993	9381474	16019611	85884162	
C	52	7	11	22	27	32	37	42	
C	52	559029	3581973	5157103	6465337	9466639	16158453	85976596	
C	53	7	11	22	27	32	37	42	
C	53	566538	3667612	5231799	6549972	9573171	16331716	85939083	
C	54	7	11	22	27	32	37	42	
C	54	568239	3690534	5264916	6599045	9669710	16507662	85925519	
C	55	7	11	22	27	32	37	42	
C	55	579689	3736728	5276352	6617399	9708314	16606398	86017199	
C	56	7	11	22	27	32	37	42	
C	56	593673	3849814	5410565	6788758	10002088	17161708	86554407	
C	57	7	11	22	27	32	37	42	
C	57	596539	3894406	5442696	6810907	9967552	16954148	85973639	
C	58	7	11	22	27	32	37	42	
C	58	624936	4012218	5602121	7080969	10424809	17819640	86915912	
C	59	7	11	22	27	32	37	42	
C	59	619145	4042949	5645373	7077531	10385122	17781822	87160862	
C	60	7	11	22	27	32	37	42	
C	60	614717	4032790	5597043	7006474	10259916	17485229	86284996	
C	61	7	11	22	27	32	37	42	
C	61	619720	4065159	5648644	7063711	10335956	17589877	86316059	
C	62	7	11	22	27	32	37	42	
C	62	623293	4113645	5705439	7132723	10417894	17702869	86195662	
C	63	7	11	22	27	32	37	42	
C	63	635300	4186996	5818388	7260492	10585754	17924423	86165958	
C	64	7	11	22	27	32	37	42	
C	64	641435	4228894	5887719	7360215	10775140	18350861	86767988	
C	65	7	11	22	27	32	37	42	
C	65	645370	4236129	5886918	7353330	10746140	18230821	86237162	
C	66	7	11	22	27	32	37	42	
C	66	658387	4309004	5966766	7443432	10853669	18368937	86336974	
C	67	7	11	22	27	32	37	42	
C	67	666912	4346919	6026892	7514660	10958191	18533979	86425979	
C	68	7	11	22	27	32	37	42	
C	68	671683	4399371	6074152	7583859	11079144	18744201	86539875	
C	69	7	11	22	27	32	37	42	
C	69	680234	4455584	6144884	7668468	11200776	18948833	86365412	
C	70	7	11	22	27	32	37	42	
C	70	691654	4527407	6261386	7807545	11389404	19199983	86248171	
C	71	7	11	22	27	32	37	42	
C	71	703580	4614479	6383906	7947956	11575925	19495445	86248971	
C	72	7	11	22	27	32	37	42	
C	72	706465	4630777	6425937	7994743	11634660	19581582	86259857	
C	73	7	11	22	27	32	37	42	
C	73	714521	4669571	6465660	8042819	11703323	19692094	86191186	
C	74	7	11	22	27	32	37	42	
C	74	725309	4760437	6584182	8191019	11906149	20037063	86532942	
C	75	7	11	22	27	32	37	42	
C	75	742905	5069401	7191808	9176195	14653733	29969757	86479393	
C	76	7	11	22	27	32	37	42	
C	76	741416	4928557	6830228	8624311	12943613	23704197	86491215	
C	77	7	11	22	27	32	37	42	
C	77	730596	4795236	6599164	8274873	12233106	21373604	86529013	
C	78	7	11	22	27	32	37	42	
C	78	738225	4838781	6653813	8297279	12155903	20751096	86493312	
C	79	7	11	22	27	32	37	42	
C	79	747490	5075582	6968813	8600450	12436642	20837707	86922500	
C	80	7	11	22	27	32	37	42	
C	80	755744	5062324	6961594	8578551	12400492	20670634	86779779	
C	81	7	11	22	27	32	37	42	
C	81	781902	5072993	6970278	8598635	12455155	20667074	86302977	
C	82	7	11	22	27	32	37	42	
C	82	796515	5063239	7030539	8692823	12659135	21044595	86204112	
C	83	7	11	22	27	32	37	42	
C	83	798027	5059454	6969896	8637860	12640839	21148389	86519262	
C	84	7	11	22	27	32	37	42	
C	84	821883	5141132	7087108	8781803	12846462	21409180	86688472	
C	85	7	11	22	27	32	37	42	
C	85	827613	5194940	7148974	8855911	12962185	21547488	86692266	
C	86	7	11	22	27	32	37	42	
C	86	824193	5272659	7269133	8985686	13135410	21755973	86490597	
C	87	7	11	22	27	32	37	42	
C	87	835599	5340531	7389513	9136423	13371362	22115170	86699939	
C	88	7	11	22	27	32	37	42	
C	88	848574	5454493	7512725	9281934	13584493	22418283	86668078	
C	89	7	11	22	27	32	37	42	
C	89	867311	5656735	7804907	9604643	13992788	22911210	87026288	
C	90	7	11	22	27	32	37	42	
C	90	874503	5625276	7752182	9571469	14034622	23085277	86817067	
C	91	7	11	22	27	32	37	42	
C	91	909598	5832382	8042682	9894533	14452236	23562976	87059527	
C	92	7	11	22	27	32	37	42	
C	92	895057	5748102	7923769	9785314	14413665	23584443	86727868	
C	93	7	11	22	27	32	37	42	
C	93	913203	5833895	8069374	9965690	14680270	23971653	86845297	
C	94	7	11	22	27	32	37	42	
C	94	951273	5923095	8178677	10106402	14942812	24356135	86800948	
C	95	7	11	22	27	32	37	42	
C	95	938823	5959588	8212787	10169718	15089429	24582791	86688924	
C	96	7	11	22	27	32	37	42	
C	96	960789	6045671	8351448	10343550	15356449	24938698	86548083	
C	97	7	11	22	27	32	37	42	
C	97	996759	6195568	8517697	10567793	15724671	25504066	86721696	
C	98	7	11	22	27	32	37	42	
C	98	1080868	6499260	8847903	10976016	16270206	26267437	86903615	
C	99	7	11	22	27	32	37	42	
C	99	1009083	6430058	8780296	10962161	16408050	26599004	86730441	
C	100	7	11	22	27	32	37	42	
C	100	1145279	6741417	9129919	11400475	17011684	27490547	86984736	
C	101	7	11	22	27	32	37	42	
C	101	1162014	6856081	9261849	11628081	17404363	28174724	86989870	
C	102	7	11	22	27	32	37	42	
C	102	1051092	6752703	9129009	11525710	17393552	28358594	86586860	
C	103	7	11	22	27	32	37	42	
C	103	1092844	6922995	9327827	11806164	17800812	29054240	86791894	
C	104	7	11	22	27	32	37	42	
C	104	1094311	7095785	9582100	12144636	18271775	29751910	86697694	
C	105	7	11	22	27	32	37	42	
C	105	1085168	7163993	9742197	12342354	18533166	30217878	86647686	
C	106	7	11	22	27	32	37	42	
C	106	1144406	7440452	10157970	12799786	19069992	30911169	86740440	
C	107	7	11	22	27	32	37	42	
C	107	1107048	7472241	10246319	12962742	19371929	31422512	86580861	
C	108	7	11	22	27	32	37	42	
C	108	1095071	7551256	10470701	13260799	19767823	32021771	86688675	
C	109	7	11	22	27	32	37	42	
C	109	1100938	7651539	10698889	13542170	20083662	32459306	86701563	
C	110	7	11	22	27	32	37	42	
C	110	1116961	7783011	10940610	13819355	20445080	32917984	86667683	
C	111	7	11	22	27	32	37	42	
C	111	1128211	7915480	11197586	14173320	20940527	33545661	86642296	
C	112	7	11	22	27	32	37	42	
C	112	1128367	7980848	11346885	14379940	21273347	33956980	86578044	
C	113	7	11	22	27	32	37	42	
C	113	1138286	8097832	11592172	14703496	21812539	34527857	86461331	
C	114	7	11	22	27	32	37	42	
C	114	1148308	8204957	11809430	14997540	22374064	35179048	86573611	
C	115	7	11	22	27	32	37	42	
C	115	1166516	8334579	12029739	15263020	22906436	35784231	86459277	
C	116	7	11	22	27	32	37	42	
C	116	1186364	8577658	12348514	15688340	23719212	36767218	86671485	
C	117	7	11	22	27	32	37	42	
C	117	1201892	8739367	12655120	16091435	24456051	37549829	86590703	
C	118	7	11	22	27	32	37	42	
C	118	1220703	8863149	12847640	16421151	24959069	38175948	86665484	
C	119	7	11	22	27	32	37	42	
C	119	1242670	9039543	13079709	16781798	25560615	38910811	86795904	
C	120	7	11	22	27	32	37	42	
C	120	1270097	9197105	13298118	17163735	26145014	39554313	86809586	
C	121	7	11	22	27	32	37	42	
C	121	1299534	9345111	13467287	17549568	26600929	40045997	86621260	
C	122	7	11	22	27	32	37	42	
C	122	1321228	9565666	13683506	18082555	27196569	40789031	86628078	
C	123	7	11	22	27	32	37	42	
C	123	1344815	9774809	13973532	18617427	27832339	41526245	86842265	
C	124	7	11	22	27	32	37	42	
C	124	1373506	10058414	14324871	19239770	28488215	42231449	86884036	
C	125	7	11	22	27	32	37	42	
C	125	1390549	10253021	14540803	19749540	29010174	42811188	86822280	
C	126	7	11	22	27	32	37	42	
C	126	1415679	10457248	14786155	20315387	29424091	43189730	86712427	
C	127	7	11	22	27	32	37	42	
C	127	1442989	10751777	15151067	21013664	30094732	43872463	86686883	
C	128	7	11	22	27	32	37	42	
C	128	1460163	10951837	15409179	21611954	30624782	44401669	86851348	
C	129	7	11	22	27	32	37	42	
C	129	1477702	11164925	15674982	22104096	31172892	44944050	86733955	
C	130	7	11	22	27	32	37	42	
C	130	1500334	11392074	15983782	22605476	31703304	45450919	86703607	
C	131	7	11	22	27	32	37	42	
C	131	1524920	11643864	16243916	23109310	32330129	46261294	86731833	
C	132	7	11	22	27	32	37	42	
C	132	1556395	11988523	16675699	23740825	33093495	46991426	86713961	
C	133	7	11	22	27	32	37	42	
C	133	1584891	12306851	17119870	24394072	33913949	47990158	86873147	
C	134	7	11	22	27	32	37	42	
C	134	1606247	12518991	17430122	24943197	34591913	48759733	86916684	
C	135	7	11	22	27	32	37	42	
C	135	1627409	12694417	17675443	25276294	35065705	49260752	86711238	
C	136	7	11	22	27	32	37	42	
C	136	1653684	12945032	18002221	25814520	35699301	49946697	86650368	
C	137	7	11	22	27	32	37	42	
C	137	1679235	13332967	18501112	26359350	36524944	51090121	86610437	
C	138	7	11	22	27	32	37	42	
C	138	1702939	13622614	18879238	26881994	37158486	51841545	86556123	
C	139	7	11	22	27	32	37	42	
C	139	1727588	13842063	19244953	27366307	37912982	52925157	86563520	
C	140	7	11	22	27	32	37	42	
C	140	1741467	14078850	19566050	27746300	38537207	53929222	86437235	
C	141	7	11	22	27	32	37	42	
C	141	1770534	14349032	19917681	28194197	39146826	54748018	86334163	
C	142	7	11	22	27	32	37	42	
C	142	1793513	14628926	20308677	28635691	39824065	55799778	86394001	
C	143	7	11	22	27	32	37	42	
C	143	1807397	14882291	20638122	29055512	40410553	56661746	86397775	
C	144	7	11	22	27	32	37	42	
C	144	1835711	15124263	20992539	29484419	40981638	57342194	86309025	
C	145	7	11	22	27	32	37	42	
C	145	1878418	15485050	21469943	30060707	41643574	57960765	86163721	
C	146	7	11	22	27	32	37	42	
C	146	1899279	15684993	21753674	30448464	42218593	58648627	86145147	
C	147	7	11	22	27	32	37	42	
C	147	1936467	16025837	22193319	30994382	42826834	59133329	85952562	
C	148	7	11	22	27	32	37	42	
C	148	1970802	16433729	22693626	31593416	43612141	60050750	86010488	
C	149	7	11	22	27	32	37	42	
C	149	2005353	16736051	23086471	32075158	44166757	60546687	85935314	
C	150	7	11	22	27	32	37	42	
C	150	3084219	26544870	37386792	49994398	62921403	74464820	83900722	
N	0	2	
N	0	1372130	
N	1	2	
N	1	354659	
N	2	2	
N	2	42750	
N	3	2	
N	3	179395	
N	4	2	
N	4	19056	
N	5	2	
N	5	3822	
N	6	2	
N	6	850	
N	7	2	
N	7	5836	
N	8	2	
N	8	9283	
N	9	2	
N	9	4001	
N	10	2	
N	10	2095	
N	11	2	
N	11	2546	
N	12	2	
N	12	1823	
N	13	2	
N	13	2908	
N	14	2	
N	14	4099	
N	15	2	
N	15	7995	
N	16	2	
N	16	4693	
N	17	2	
N	17	5153	
N	18	2	
N	18	5407	
N	19	2	
N	19	8707	
N	20	2	
N	20	25391	
N	21	2	
N	21	22251	
N	22	2	
N	22	10116	
N	23	
N	23	
N	24	2	
N	24	1928	
N	25	2	
N	25	4853	
N	26	2	
N	26	271	
N	27	2	
N	27	5457	
N	28	2	
N	28	507	
N	29	2	
N	29	5409	
N	30	2	
N	30	9273	
N	31	2	
N	31	5289	
N	32	2	
N	32	15282	
N	33	2	
N	33	15127	
N	34	2	
N	34	9099	
N	35	2	
N	35	15200	
N	36	2	
N	36	703	
N	37	2	
N	37	10060	
N	38	2	
N	38	2279	
N	39	2	
N	39	8675	
N	40	2	
N	40	11852	
N	41	2	
N	41	11450	
N	42	2	
N	42	3379	
N	43	2	
N	43	4124	
N	44	2	
N	44	692	
N	45	2	
N	45	1755	
N	46	2	
N	46	4715	
N	47	2	
N	47	10250	
N	48	2	
N	48	2609	
N	49	2	
N	49	11609	
N	50	2	
N	50	545	
N	51	2	
N	51	17190	
N	52	2	
N	52	8383	
N	53	2	
N	53	16921	
N	54	2	
N	54	2786	
N	55	2	
N	55	30807	
N	56	2	
N	56	356	
N	57	2	
N	57	13313	
N	58	2	
N	58	4953	
N	59	2	
N	59	11249	
N	60	2	
N	60	2562	
N	61	2	
N	61	11658	
N	62	2	
N	62	809	
N	63	2	
N	63	22020	
N	64	2	
N	64	4932	
N	65	2	
N	65	9223	
N	66	2	
N	66	260	
N	67	2	
N	67	1687	
N	68	2	
N	68	994	
N	69	2	
N	69	386	
N	70	2	
N	70	4014	
N	71	2	
N	71	10010	
N	72	2	
N	72	141	
N	73	2	
N	73	9234	
N	74	2	
N	74	7472	
N	75	2	
N	75	6595	
N	76	2	
N	76	11759	
N	77	2	
N	77	9284	
N	78	2	
N	78	6751	
N	79	2	
N	79	5506	
N	80	2	
N	80	3541	
N	81	2	
N	81	4723	
N	82	2	
N	82	11978	
N	83	2	
N	83	6346	
N	84	2	
N	84	4265	
N	85	2	
N	85	2801	
N	86	2	
N	86	4681	
N	87	2	
N	87	756	
N	88	2	
N	88	7250	
N	89	2	
N	89	3836	
N	90	2	
N	90	11206	
N	91	2	
N	91	526	
N	92	2	
N	92	11928	
N	93	2	
N	93	12869	
N	94	2	
N	94	3168	
N	95	2	
N	95	10376	
N	96	2	
N	96	22931	
N	97	2	
N	97	1414	
N	98	2	
N	98	4782	
N	99	2	
N	99	8410	
N	100	2	
N	100	4096	
N	101	2	
N	101	11024	
N	102	2	
N	102	3531	
N	103	2	
N	103	2512	
N	104	2	
N	104	15424	
N	105	2	
N	105	2130	
N	106	2	
N	106	3932	
N	107	2	
N	107	510	
N	108	2	
N	108	2559	
N	109	2	
N	109	11007	
N	110	2	
N	110	3070	
N	111	2	
N	111	6055	
N	112	2	
N	112	5524	
N	113	2	
N	113	1612	
N	114	2	
N	114	2389	
N	115	2	
N	115	1960	
N	116	2	
N	116	94346	
N	117	2	
N	117	19872	
N	118	2	
N	118	455	
N	119	2	
N	119	1503	
N	120	2	
N	120	2091	
N	121	2	
N	121	17932	
N	122	2	
N	122	2474	
N	123	2	
N	123	2360	
N	124	2	
N	124	3197	
N	125	2	
N	125	3915	
N	126	2	
N	126	5145	
N	127	2	
N	127	546	
N	128	2	
N	128	1717	
N	129	2	
N	129	6105	
N	130	2	
N	130	3476	
N	131	2	
N	131	10304	
N	132	2	
N	132	7647	
N	133	2	
N	133	5392	
N	134	2	
N	134	6661	
N	135	2	
N	135	1060	
N	136	2	
N	136	1286	
N	137	2	
N	137	1562	
N	138	2	
N	138	10596	
N	139	2	
N	139	3403	
N	140	2	
N	140	730	
N	141	2	
N	141	4689	
N	142	2	
N	142	18564	
N	143	2	
N	143	2350	
N	144	2	
N	144	14796	
N	145	2	
N	145	2212	
N	146	2	
N	146	2873	
N	147	2	
N	147	10479	
N	148	2	
N	148	3924	
N	149	2	
N	149	19583	
N	150	2	
N	150	7386	
