.	0	2	11	27	32	37	
.	0	9571494	34123717	86340241	494293487	494298545	
.	1	2	11	27	32	37	
.	1	30567400	49402608	84359587	493847802	494298545	
.	2	2	11	27	32	37	
.	2	30422763	51692850	87991723	181797259	494298545	
.	3	2	11	27	32	37	
.	3	95139	19407139	44175679	121397806	494298545	
.	4	2	11	27	32	37	
.	4	14133	13819300	27662281	57916188	494298545	
.	5	2	7	11	22	27	32	37	42	
.	5	10122	68338	11675047	12209156	22990881	43045050	112833995	494298545	
.	6	2	7	11	22	27	32	37	42	
.	6	11347	310147	12326168	14965397	25533403	46880380	102154347	494298545	
.	7	2	7	11	22	27	32	37	42	
.	7	18727	311149	12034390	14776300	23497919	40244683	83554259	494298545	
.	8	2	7	11	22	27	32	37	42	
.	8	16179	138522	10958563	12452271	20371187	34220772	70534803	494298545	
.	9	2	7	11	22	27	32	37	42	
.	9	10272	195023	10236786	12275746	19069360	30703226	58713510	494298545	
.	10	2	7	11	22	27	32	37	42	
.	10	20538	142695	10656534	11956246	19365631	31743550	60300931	494298545	
.	11	2	7	11	22	27	32	37	42	
.	11	16337	295455	10374333	12860042	19287022	30526994	56586510	494298545	
.	12	2	7	11	22	27	32	37	42	
.	12	33544	112641	10498654	11247563	18886209	30761426	58523940	494298545	
.	13	2	7	11	22	27	32	37	42	
.	13	13674	212145	10300707	11766530	18847996	30173276	56214815	494298545	
.	14	2	7	11	22	27	32	37	42	
.	14	11417	522613	10883702	14411473	20360316	32150203	58711832	494298545	
.	15	2	7	11	22	27	32	37	42	
.	15	18486	782344	11593257	16092800	21773618	34210462	62427212	494298545	
.	16	2	7	11	22	27	32	37	42	
.	16	39983	988903	11207490	17068768	21743749	33181740	58654940	494298545	
.	17	2	7	11	22	27	32	37	42	
.	17	35142	1064403	11836790	17854248	22711037	34956844	62534539	494298545	
.	18	2	7	11	22	27	32	37	42	
.	18	25652	1041367	11044377	16882785	21291571	32226231	56351571	494298545	
.	19	2	7	11	22	27	32	37	42	
.	19	47900	1098392	11056538	16918197	21268506	32113095	55615996	494298545	
.	20	2	7	11	22	27	32	37	42	
.	20	24297	1054892	11636132	17614843	22222689	33747528	58824856	494298545	
.	21	2	7	11	22	27	32	37	42	
.	21	19205	1074300	11793976	18261167	23023787	34596032	59961382	494298545	
.	22	2	7	11	22	27	32	37	42	
.	22	24218	1107503	12196321	18786499	23469397	35658997	62748180	494298545	
.	23	2	7	11	22	27	32	37	42	
.	23	32266	1083788	11972630	18742469	23198332	35025813	61172563	494298545	
.	24	2	7	11	22	27	32	37	42	
.	24	19648	1096212	12083397	18808340	23385322	35531002	62550513	494298545	
.	25	2	7	11	22	27	32	37	42	
.	25	23649	1163274	12267700	19036994	23590276	35872120	63166017	494298545	
.	26	2	7	11	22	27	32	37	42	
.	26	21306	1131015	11890196	18645312	22963851	34514201	59915446	494298545	
.	27	2	7	11	22	27	32	37	42	
.	27	44950	1237291	12481175	19445399	23844309	36080493	62928743	494298545	
.	28	2	7	11	22	27	32	37	42	
.	28	21394	1188777	12450118	19410935	23844527	35589586	61612952	494298545	
.	29	2	7	11	22	27	32	37	42	
.	29	33051	1270579	12882581	20131625	24663590	37186772	64789198	494298545	
.	30	2	7	11	22	27	32	37	42	
.	30	23882	1295414	12996155	20448212	25034227	37682842	65923346	494298545	
.	31	2	7	11	22	27	32	37	42	
.	31	36151	1271301	13078967	20395497	25153154	37094019	63962505	494298545	
.	32	2	7	11	22	27	32	37	42	
.	32	41021	1326607	13369309	21032589	25904599	38552869	66816484	494298545	
.	33	2	7	11	22	27	32	37	42	
.	33	21883	1278112	13448940	20836767	26017193	38159477	66150346	494298545	
.	34	2	7	11	22	27	32	37	42	
.	34	48952	1339418	13928903	21494123	26787535	39156048	67496138	494298545	
.	35	2	7	11	22	27	32	37	42	
.	35	30286	1283091	13999264	22003722	27426584	40249811	69709858	494298545	
.	36	2	7	11	22	27	32	37	42	
.	36	37312	1306026	14106968	22160276	27597417	40724317	71116563	494298545	
.	37	2	7	11	22	27	32	37	42	
.	37	31784	1370031	14278655	22303428	27706722	40768834	70927594	494298545	
.	38	2	7	11	22	27	32	37	42	
.	38	29533	1346973	14116782	21988159	27387191	39828668	68368631	494298545	
.	39	2	7	11	22	27	32	37	42	
.	39	30461	1396145	14254062	22126381	27532565	40048022	68411221	494298545	
.	40	2	7	11	22	27	32	37	42	
.	40	35486	1465237	14752374	22886119	28359553	41400595	71024313	494298545	
.	41	2	7	11	22	27	32	37	42	
.	41	41457	1481282	15061794	23449875	29059404	42343038	72280048	494298545	
.	42	2	7	11	22	27	32	37	42	
.	42	27967	1539594	16874192	26186326	32224756	47320343	81271979	494298545	
.	43	2	7	11	22	27	32	37	42	
.	43	45427	1462070	16615357	26133638	32436564	48202080	84138445	494298545	
.	44	2	7	11	22	27	32	37	42	
.	44	22898	1484280	17216287	25827034	32276845	48374451	85596455	494298545	
.	45	2	7	11	22	27	32	37	42	
.	45	28336	1540512	17788508	26283377	32855102	49086681	86550789	494298545	
.	46	2	7	11	22	27	32	37	42	
.	46	19626	1536095	18212382	26577813	33159240	49458731	86969753	494298545	
.	47	2	7	11	22	27	32	37	42	
.	47	56177	1595236	18637859	27139096	33809721	50281242	88014794	494298545	
.	48	2	7	11	22	27	32	37	42	
.	48	30427	1591967	18668078	26856036	33605962	50148135	88157697	494298545	
.	49	2	7	11	22	27	32	37	42	
.	49	41351	1631723	19135625	27278086	34046517	50726418	88850742	494298545	
.	50	2	7	11	22	27	32	37	42	
.	50	51790	1661576	19356766	27442229	34229143	50955826	89183042	494298545	
.	51	2	7	11	22	27	32	37	42	
.	51	34610	1667825	19694639	27714617	34545269	51331264	89567776	494298545	
.	52	2	7	11	22	27	32	37	42	
.	52	46042	1749783	20241061	28398068	35284135	52189837	90461535	494298545	
.	53	2	7	11	22	27	32	37	42	
.	53	22980	1695063	20178223	28351581	35312164	52380234	90834408	494298545	
.	54	2	7	11	22	27	32	37	42	
.	54	38463	1746940	20636599	28733838	35716964	52823546	91617282	494298545	
.	55	2	7	11	22	27	32	37	42	
.	55	39614	1836092	20992050	29303830	36291271	53401880	91872807	494298545	
.	56	2	7	11	22	27	32	37	42	
.	56	27549	1841067	20976820	29299888	36320737	53491836	92035165	494298545	
.	57	2	7	11	22	27	32	37	42	
.	57	21573	1795542	21054834	29291979	36370868	53658922	92492262	494298545	
.	58	2	7	11	22	27	32	37	42	
.	58	31262	1918377	21318230	29574368	36682255	53952938	92659800	494298545	
.	59	2	7	11	22	27	32	37	42	
.	59	57116	1866223	21386191	29687876	36837222	54194064	93028411	494298545	
.	60	2	7	11	22	27	32	37	42	
.	60	44513	1909527	21813857	30197229	37385895	54802018	93707983	494298545	
.	61	2	7	11	22	27	32	37	42	
.	61	32689	2122539	22140941	30792148	38013873	55506213	94495636	494298545	
.	62	2	7	11	22	27	32	37	42	
.	62	15439	1922820	22066142	30654207	37924539	55621532	94972446	494298545	
.	63	2	7	11	22	27	32	37	42	
.	63	700749	2589575	23022917	31622478	38935679	56693440	96092434	494298545	
.	64	2	7	11	22	27	32	37	42	
.	64	37170	1948919	22634806	31428836	38782438	56688768	96295413	494298545	
.	65	2	7	11	22	27	32	37	42	
.	65	41915	1976679	23071785	32017158	39459841	57553295	97483294	494298545	
.	66	2	7	11	22	27	32	37	42	
.	66	28498	1965093	22890743	31934347	39380608	57516496	97540913	494298545	
.	67	2	7	11	22	27	32	37	42	
.	67	56779	2028175	23271393	32220793	39744439	58098439	98482052	494298545	
.	68	2	7	11	22	27	32	37	42	
.	68	34660	2031636	23658911	32691606	40289136	58739023	99182965	494298545	
.	69	2	7	11	22	27	32	37	42	
.	69	26353	2036746	23521366	32716315	40324244	58852331	99456485	494298545	
.	70	2	7	11	22	27	32	37	42	
.	70	46554	2080164	23778788	32861214	40505932	59134237	99946989	494298545	
.	71	2	7	11	22	27	32	37	42	
.	71	24002	2097201	24362030	33672552	41440600	60347723	101369053	494298545	
.	72	2	7	11	22	27	32	37	42	
.	72	55789	2150145	24591614	34034991	41865006	60965246	102371714	494298545	
.	73	2	7	11	22	27	32	37	42	
.	73	18655	2144644	25015034	34668890	42555982	61911723	103715243	494298545	
.	74	2	7	11	22	27	32	37	42	
.	74	36416	2186368	25385044	35390313	43445267	62986687	105480998	494298545	
.	75	2	7	11	22	27	32	37	42	
.	75	45791	2204161	27187264	40216073	50508271	81514473	169584108	494298545	
.	76	2	7	11	22	27	32	37	42	
.	76	30018	2213120	26404343	36925211	46234591	69729943	128116958	494298545	
.	77	2	7	11	22	27	32	37	42	
.	77	713741	2892078	26498699	36485529	44936276	65940682	113529054	494298545	
.	78	2	7	11	22	27	32	37	42	
.	78	34952	2192829	25225777	35166262	43315103	63481304	107317463	494298545	
.	79	2	7	11	22	27	32	37	42	
.	79	48477	2219657	25280751	34868937	42900127	62794337	105213579	494298545	
.	80	2	7	11	22	27	32	37	42	
.	80	25855	2244470	26007866	35745468	43761184	63558455	105353071	494298545	
.	81	2	7	11	22	27	32	37	42	
.	81	58812	2303021	26114869	36477778	44561708	64640376	106480365	494298545	
.	82	2	7	11	22	27	32	37	42	
.	82	50244	2325242	26360325	36521463	44680891	65131563	107463267	494298545	
.	83	2	7	11	22	27	32	37	42	
.	83	31933	2356389	26626594	36896245	45171132	65834180	108545583	494298545	
.	84	2	7	11	22	27	32	37	42	
.	84	47027	2402782	26802589	36992787	45411147	66401801	109186979	494298545	
.	85	2	7	11	22	27	32	37	42	
.	85	35817	2403184	27142970	37378130	45885583	67043599	110003610	494298545	
.	86	2	7	11	22	27	32	37	42	
.	86	46704	2426792	27274380	37572228	46261568	67872810	111034106	494298545	
.	87	2	7	11	22	27	32	37	42	
.	87	34181	2448615	27763394	38129908	46973359	68980707	112624686	494298545	
.	88	2	7	11	22	27	32	37	42	
.	88	56797	2517736	28529632	39131582	48174754	70655046	114901580	494298545	
.	89	2	7	11	22	27	32	37	42	
.	89	44126	2517319	28608528	39424048	48694990	71748196	116700895	494298545	
.	90	2	7	11	22	27	32	37	42	
.	90	45878	2538671	28873114	39472546	48954677	72468664	117808723	494298545	
.	91	2	7	11	22	27	32	37	42	
.	91	55930	2590090	29328854	40057968	49757769	73687547	119405650	494298545	
.	92	2	7	11	22	27	32	37	42	
.	92	46211	2610071	29839853	40683708	50645805	75092098	121491345	494298545	
.	93	2	7	11	22	27	32	37	42	
.	93	50728	2659424	30181138	41268586	51504246	76620290	123701974	494298545	
.	94	2	7	11	22	27	32	37	42	
.	94	48278	2712579	30841707	42161495	52719623	78501986	126234230	494298545	
.	95	2	7	11	22	27	32	37	42	
.	95	41103	2730541	31269507	42651523	53555614	79961904	128423368	494298545	
.	96	2	7	11	22	27	32	37	42	
.	96	39415	2808827	32233157	44162254	55330040	82300009	131570180	494298545	
.	97	2	7	11	22	27	32	37	42	
.	97	42506	2869690	32985204	45503708	57045333	84973613	135194731	494298545	
.	98	2	7	11	22	27	32	37	42	
.	98	73844	2903640	33052868	45430376	57430942	86194126	137452489	494298545	
.	99	2	7	11	22	27	32	37	42	
.	99	50618	2905484	33585265	46306261	58627200	88006808	140106479	494298545	
.	100	2	7	11	22	27	32	37	42	
.	100	31856	2952871	34016318	46939622	59671337	89612103	142614500	494298545	
.	101	2	7	11	22	27	32	37	42	
.	101	38246	2981157	34503421	47709809	60633578	90647541	144110344	494298545	
.	102	2	7	11	22	27	32	37	42	
.	102	70787	3036346	34961352	48715295	61961382	92365168	146467078	494298545	
.	103	2	7	11	22	27	32	37	42	
.	103	51879	3121938	36845029	51234057	64939555	96189774	151218617	494298545	
.	104	2	7	11	22	27	32	37	42	
.	104	45166	3093174	36771438	51981322	66318958	98051581	154075490	494298545	
.	105	2	7	11	22	27	32	37	42	
.	105	41131	3118144	37507840	52581014	67290413	99880818	157098654	494298545	
.	106	2	7	11	22	27	32	37	42	
.	106	44679	3115751	37643151	53153256	68193315	101299810	159271648	494298545	
.	107	2	7	11	22	27	32	37	42	
.	107	54941	3141397	38034060	53658587	69363251	103147016	161752435	494298545	
.	108	2	7	11	22	27	32	37	42	
.	108	45631	3147605	38493469	54356411	70573947	104726296	163945332	494298545	
.	109	2	7	11	22	27	32	37	42	
.	109	47438	3217886	40110079	56442480	73205457	108507214	168643376	494298545	
.	110	2	7	11	22	27	32	37	42	
.	110	33959	3194516	40226900	56908644	74580326	110261349	170981606	494298545	
.	111	2	7	11	22	27	32	37	42	
.	111	75686	3275031	40930064	57651953	76135929	112466190	174054682	494298545	
.	112	2	7	11	22	27	32	37	42	
.	112	63215	3282006	41573842	58560946	77666556	114403924	177138657	494298545	
.	113	2	7	11	22	27	32	37	42	
.	113	52822	3307556	42360521	59585955	79590902	116900455	180255657	494298545	
.	114	2	7	11	22	27	32	37	42	
.	114	31748	3339753	43576355	61344557	82074608	120575421	184633483	494298545	
.	115	2	7	11	22	27	32	37	42	
.	115	40059	3364817	44279484	61783425	83689677	122908288	187674197	494298545	
.	116	2	7	11	22	27	32	37	42	
.	116	45908	3410585	44909655	62782951	85288506	125290373	190748625	494298545	
.	117	2	7	11	22	27	32	37	42	
.	117	58325	3459252	45588891	63719908	87230813	128232876	194650852	494298545	
.	118	2	7	11	22	27	32	37	42	
.	118	52174	3534350	47275684	65749232	90033726	131637737	198706458	494298545	
.	119	2	7	11	22	27	32	37	42	
.	119	37712	3535051	47884494	66593922	91867493	134043788	201524490	494298545	
.	120	2	7	11	22	27	32	37	42	
.	120	71467	3643375	49194478	68282492	94589210	137580048	206024348	494298545	
.	121	2	7	11	22	27	32	37	42	
.	121	40899	3707580	51231118	70612600	97899105	141375677	210979630	494298545	
.	122	2	7	11	22	27	32	37	42	
.	122	39481	3720839	51883544	71508075	99734442	144191645	214445097	494298545	
.	123	2	7	11	22	27	32	37	42	
.	123	49247	3756623	52159837	71960224	101468545	146058882	217261889	494298545	
.	124	2	7	11	22	27	32	37	42	
.	124	45411	3808630	53037994	72725464	102853242	148000700	220429996	494298545	
.	125	2	7	11	22	27	32	37	42	
.	125	47275	3890090	54416118	74734840	105270407	151003970	224197019	494298545	
.	126	2	7	11	22	27	32	37	42	
.	126	48587	3915952	54988127	75779660	106938921	153439057	227267071	494298545	
.	127	2	7	11	22	27	32	37	42	
.	127	68351	4004182	56419513	77313006	109761838	156455465	231415492	494298545	
.	128	2	7	11	22	27	32	37	42	
.	128	46721	4032197	57559415	78718082	111940751	159363736	235472892	494298545	
.	129	2	7	11	22	27	32	37	42	
.	129	49120	4121740	59113060	80734837	114773301	163132662	239996336	494298545	
.	130	2	7	11	22	27	32	37	42	
.	130	46270	4163505	60366338	82442142	117395984	166362221	244050823	494298545	
.	131	2	7	11	22	27	32	37	42	
.	131	40425	4208667	61158694	83657413	118927063	169271227	247610224	494298545	
.	132	2	7	11	22	27	32	37	42	
.	132	63083	4298090	62228723	85052417	121072804	172518378	251354695	494298545	
.	133	2	7	11	22	27	32	37	42	
.	133	54618	4308702	62559923	85679567	121883537	174102976	253316581	494298545	
.	134	2	7	11	22	27	32	37	42	
.	134	54247	4367024	63594976	86861588	123377830	176238262	255924213	494298545	
.	135	2	7	11	22	27	32	37	42	
.	135	55354	4444419	65107030	89001644	126090638	179541918	259557126	494298545	
.	136	2	7	11	22	27	32	37	42	
.	136	62124	4505288	66155540	90674469	128303087	182821645	263016142	494298545	
.	137	2	7	11	22	27	32	37	42	
.	137	34559	4513043	66554899	91339789	129441077	184857294	265568545	494298545	
.	138	2	7	11	22	27	32	37	42	
.	138	43078	4577246	67683342	92924214	131414112	187573867	268278162	494298545	
.	139	2	7	11	22	27	32	37	42	
.	139	57867	4645297	68921761	94329865	133092107	189664993	270349473	494298545	
.	140	2	7	11	22	27	32	37	42	
.	140	38877	4649516	69467249	95050897	134308843	191553192	272615845	494298545	
.	141	2	7	11	22	27	32	37	42	
.	141	49602	4742602	70797762	96859849	136538122	194453413	275636142	494298545	
.	142	2	7	11	22	27	32	37	42	
.	142	103746	4833966	71718879	98103373	138160674	196693866	277975573	494298545	
.	143	2	7	11	22	27	32	37	42	
.	143	35486	4814115	72530615	99417427	140018100	199411879	280882716	494298545	
.	144	2	7	11	22	27	32	37	42	
.	144	53277	4895795	73463101	100767859	141597391	201476627	282882676	494298545	
.	145	2	7	11	22	27	32	37	42	
.	145	50087	4962808	74904522	102568746	143787259	203949015	285421293	494298545	
.	146	2	7	11	22	27	32	37	42	
.	146	39736	5048515	76939777	105197779	147039100	207910455	289218225	494298545	
.	147	2	7	11	22	27	32	37	42	
.	147	40123	5122125	78710254	107184311	149499948	210865147	291694882	494298545	
.	148	2	7	11	22	27	32	37	42	
.	148	52684	5177900	79854848	108625015	151495247	213659586	294483342	494298545	
.	149	2	7	11	22	27	32	37	42	
.	149	31181	5200617	80329812	109578330	152898689	215666203	296626835	494298545	
.	150	2	7	11	22	27	32	37	42	
.	150	260739	8215776	128965983	181533963	248179566	324155724	392977414	494298545	
A	0	11	27	32	37	
A	0	7487818	26889938	166343542	166344583	
A	1	11	27	32	37	
A	1	6057788	21717763	148940531	149070620	
A	2	11	27	32	37	
A	2	6124912	19201839	51869493	143987411	
A	3	11	27	32	37	
A	3	5760886	15342476	43715040	149867267	
A	4	11	27	32	37	
A	4	3359615	5758945	10540477	157319290	
A	5	7	11	22	27	32	37	42	
A	5	3803	3394719	3563995	6921927	13551477	35862917	151915569	
A	6	7	11	22	27	32	37	42	
A	6	20347	3492770	4343747	7612223	14901160	33721853	151546722	
A	7	7	11	22	27	32	37	42	
A	7	21763	3144109	3714868	5488021	8591926	16574131	151432932	
A	8	7	11	22	27	32	37	42	
A	8	6892	2729602	3107858	5173547	8915445	18529542	148051323	
A	9	7	11	22	27	32	37	42	
A	9	11114	2639338	3163619	4927392	8117955	15606999	149432174	
A	10	7	11	22	27	32	37	42	
A	10	7434	2676944	3016333	4959230	8395713	16287952	149921888	
A	11	7	11	22	27	32	37	42	
A	11	20301	2932937	3613582	5323423	8337934	14955199	150988860	
A	12	7	11	22	27	32	37	42	
A	12	5157	2769594	2976048	5110969	8705627	17001626	150520229	
A	13	7	11	22	27	32	37	42	
A	13	13384	2662465	3053454	4926175	8125873	15274827	149921933	
A	14	7	11	22	27	32	37	42	
A	14	31871	2727981	3676622	5239156	8491755	15784052	149964334	
A	15	7	11	22	27	32	37	42	
A	15	47554	2857740	4057107	5535145	8943289	16755965	149453653	
A	16	7	11	22	27	32	37	42	
A	16	93509	3095938	4736803	5945815	8916945	15304960	150012595	
A	17	7	11	22	27	32	37	42	
A	17	64797	2915975	4534768	5794945	9171908	16954053	148511453	
A	18	7	11	22	27	32	37	42	
A	18	84971	2854399	4480703	5674036	8734845	15421478	148404210	
A	19	7	11	22	27	32	37	42	
A	19	76689	2758748	4349793	5491031	8459982	14925396	148144156	
A	20	7	11	22	27	32	37	42	
A	20	72551	2963133	4658745	5897354	9221025	16521507	148252628	
A	21	7	11	22	27	32	37	42	
A	21	106872	3271395	5086638	6325450	9304560	15618755	148803172	
A	22	7	11	22	27	32	37	42	
A	22	73640	3127887	4939695	6193249	9574539	17143878	148184566	
A	23	7	11	22	27	32	37	42	
A	23	100692	3325470	5273729	6427129	9604723	16386676	148912614	
A	24	7	11	22	27	32	37	42	
A	24	76055	3155079	5096774	6334023	9945423	18130185	148036824	
A	25	7	11	22	27	32	37	42	
A	25	76407	3051496	4903768	6076573	9457862	17071438	147450292	
A	26	7	11	22	27	32	37	42	
A	26	81855	3012982	4891121	6024250	9238182	16245370	147295428	
A	27	7	11	22	27	32	37	42	
A	27	81071	3064904	4957049	6078258	9397757	16772374	147075736	
A	28	7	11	22	27	32	37	42	
A	28	84408	3057558	4933025	6061775	9242866	16292092	146857410	
A	29	7	11	22	27	32	37	42	
A	29	87144	3159891	5141098	6292827	9670351	17237669	146621083	
A	30	7	11	22	27	32	37	42	
A	30	92280	3247816	5365156	6550304	10173605	18385063	146672800	
A	31	7	11	22	27	32	37	42	
A	31	91164	3241386	5243611	6461975	9698243	17006836	146787054	
A	32	7	11	22	27	32	37	42	
A	32	92017	3307254	5500301	6774589	10393490	18607663	146706947	
A	33	7	11	22	27	32	37	42	
A	33	88983	3319221	5362262	6710393	10019425	17668438	146873650	
A	34	7	11	22	27	32	37	42	
A	34	94535	3419976	5490732	6871443	10227238	17972981	146002509	
A	35	7	11	22	27	32	37	42	
A	35	87234	3518023	5853267	7340740	11102768	19867701	146739114	
A	36	7	11	22	27	32	37	42	
A	36	87748	3518100	5847194	7306260	11139570	20093785	146338262	
A	37	7	11	22	27	32	37	42	
A	37	94133	3422661	5625008	7016363	10510914	18772181	146054443	
A	38	7	11	22	27	32	37	42	
A	38	124678	3737371	6012307	7421264	10705866	18206065	146788710	
A	39	7	11	22	27	32	37	42	
A	39	95932	3521186	5679178	7101656	10524459	18361578	145923911	
A	40	7	11	22	27	32	37	42	
A	40	100029	3678481	6023052	7495579	11262807	19924134	146346982	
A	41	7	11	22	27	32	37	42	
A	41	129510	4018727	6574971	8074081	11832265	20288262	147227507	
A	42	7	11	22	27	32	37	42	
A	42	110690	4227280	6783961	8370372	12515748	21949977	146045183	
A	43	7	11	22	27	32	37	42	
A	43	104619	4214866	6875617	8558383	12927050	22901839	146032166	
A	44	7	11	22	27	32	37	42	
A	44	109193	4383622	6761700	8465002	12900489	23210102	145760814	
A	45	7	11	22	27	32	37	42	
A	45	114479	4618724	7003468	8798869	13381584	23974870	146341243	
A	46	7	11	22	27	32	37	42	
A	46	115393	4668886	6968628	8712102	13220898	23672415	146124597	
A	47	7	11	22	27	32	37	42	
A	47	116129	4742261	7039648	8792958	13303575	23745865	145536800	
A	48	7	11	22	27	32	37	42	
A	48	118977	4771416	6983501	8762751	13293761	23792919	145667098	
A	49	7	11	22	27	32	37	42	
A	49	120379	4920434	7130349	8917538	13512065	24118939	145897757	
A	50	7	11	22	27	32	37	42	
A	50	122668	4986192	7175190	8969996	13577659	24222424	145840698	
A	51	7	11	22	27	32	37	42	
A	51	122836	5082094	7244224	9052900	13671900	24299501	145872875	
A	52	7	11	22	27	32	37	42	
A	52	123093	5160607	7341139	9155819	13790667	24421830	145739196	
A	53	7	11	22	27	32	37	42	
A	53	125842	5188888	7381327	9204843	13858097	24486271	145528341	
A	54	7	11	22	27	32	37	42	
A	54	127689	5304532	7475776	9322169	14014130	24775769	145676019	
A	55	7	11	22	27	32	37	42	
A	55	127876	5372177	7601816	9449398	14147534	24831485	145678221	
A	56	7	11	22	27	32	37	42	
A	56	128042	5374351	7601247	9450953	14158406	24868496	145767957	
A	57	7	11	22	27	32	37	42	
A	57	128021	5401714	7607694	9470307	14210244	25014830	145789405	
A	58	7	11	22	27	32	37	42	
A	58	130208	5415782	7605625	9462674	14165916	24858882	145387522	
A	59	7	11	22	27	32	37	42	
A	59	132423	5474308	7691983	9567037	14304240	25043160	145581272	
A	60	7	11	22	27	32	37	42	
A	60	136651	5602106	7846894	9745052	14529001	25374714	145852106	
A	61	7	11	22	27	32	37	42	
A	61	138045	5612040	7932807	9834166	14629805	25464198	145555115	
A	62	7	11	22	27	32	37	42	
A	62	173759	5747260	8090936	10037118	14949121	25948240	145883774	
A	63	7	11	22	27	32	37	42	
A	63	139740	5688379	7969878	9891258	14730570	25619577	145360579	
A	64	7	11	22	27	32	37	42	
A	64	140434	5769978	8103780	10039132	14918040	25852846	145462877	
A	65	7	11	22	27	32	37	42	
A	65	144209	5965389	8389205	10390895	15409288	26608301	145956007	
A	66	7	11	22	27	32	37	42	
A	66	142807	5854801	8276373	10240271	15200491	26288850	145596330	
A	67	7	11	22	27	32	37	42	
A	67	145221	5937586	8323669	10312096	15337775	26549008	145640204	
A	68	7	11	22	27	32	37	42	
A	68	146766	6058266	8472246	10499099	15566466	26808058	145658623	
A	69	7	11	22	27	32	37	42	
A	69	148664	6012034	8473734	10489337	15573328	26885573	145680372	
A	70	7	11	22	27	32	37	42	
A	70	151465	6107534	8548850	10584191	15715496	27117950	145935381	
A	71	7	11	22	27	32	37	42	
A	71	153263	6254376	8748947	10812572	16012349	27463989	145799217	
A	72	7	11	22	27	32	37	42	
A	72	155332	6280646	8812258	10887451	16123797	27683755	145767436	
A	73	7	11	22	27	32	37	42	
A	73	158020	6377867	8963768	11048519	16344666	27999835	145751676	
A	74	7	11	22	27	32	37	42	
A	74	159811	6515828	9231084	11372391	16770957	28677018	145482213	
A	75	7	11	22	27	32	37	42	
A	75	155833	6931069	10461640	13118135	20588080	42251026	145751753	
A	76	7	11	22	27	32	37	42	
A	76	164251	6860807	9731946	12243572	18507197	34480354	145718521	
A	77	7	11	22	27	32	37	42	
A	77	163819	6674738	9419175	11672722	17331851	30589127	145348244	
A	78	7	11	22	27	32	37	42	
A	78	160503	6461372	9144246	11307678	16748332	29011004	145387657	
A	79	7	11	22	27	32	37	42	
A	79	161226	6444061	9013317	11140838	16507369	28388784	145257067	
A	80	7	11	22	27	32	37	42	
A	80	166167	6665100	9282153	11414542	16774791	28534743	145462756	
A	81	7	11	22	27	32	37	42	
A	81	163418	6620960	9414573	11561582	17011891	28810838	145465149	
A	82	7	11	22	27	32	37	42	
A	82	165990	6677992	9413468	11571042	17090213	29007595	145394875	
A	83	7	11	22	27	32	37	42	
A	83	167550	6710953	9453012	11628352	17171517	29141979	144963877	
A	84	7	11	22	27	32	37	42	
A	84	172835	6758304	9483592	11707936	17356896	29365065	145259526	
A	85	7	11	22	27	32	37	42	
A	85	179071	6968820	9753753	12017806	17732043	29845379	145462419	
A	86	7	11	22	27	32	37	42	
A	86	174531	6912211	9683916	11998002	17838334	30020396	145475489	
A	87	7	11	22	27	32	37	42	
A	87	179235	7061232	9849036	12192940	18115279	30391133	145159200	
A	88	7	11	22	27	32	37	42	
A	88	181483	7195005	10027443	12420978	18469417	30889775	145014466	
A	89	7	11	22	27	32	37	42	
A	89	180766	7225020	10125170	12576451	18780349	31401969	145039166	
A	90	7	11	22	27	32	37	42	
A	90	182859	7329599	10178139	12701019	19052140	31771159	145024773	
A	91	7	11	22	27	32	37	42	
A	91	184290	7420577	10304423	12883017	19352065	32181139	145082023	
A	92	7	11	22	27	32	37	42	
A	92	185421	7519934	10422275	13063237	19668779	32645768	144929094	
A	93	7	11	22	27	32	37	42	
A	93	186668	7599061	10574333	13293620	20108701	33272485	144877426	
A	94	7	11	22	27	32	37	42	
A	94	191522	7786510	10840499	13658457	20688370	34032209	144994582	
A	95	7	11	22	27	32	37	42	
A	95	191667	7916224	10988248	13912617	21140735	34713480	145205066	
A	96	7	11	22	27	32	37	42	
A	96	196580	8150642	11388979	14375604	21802430	35592398	145145936	
A	97	7	11	22	27	32	37	42	
A	97	199387	8312400	11718367	14805479	22505420	36565501	145051673	
A	98	7	11	22	27	32	37	42	
A	98	200105	8320982	11666655	14881574	22813460	37070511	144974376	
A	99	7	11	22	27	32	37	42	
A	99	202959	8480540	11944286	15260762	23405318	37934896	144891570	
A	100	7	11	22	27	32	37	42	
A	100	207792	8625893	12143024	15597031	23929068	38760191	145141863	
A	101	7	11	22	27	32	37	42	
A	101	209095	8738979	12328432	15831171	24170258	39144288	145063414	
A	102	7	11	22	27	32	37	42	
A	102	208573	8815899	12549629	16135871	24590227	39811099	145061970	
A	103	7	11	22	27	32	37	42	
A	103	220809	9333368	13250329	16977345	25682267	41193165	144972782	
A	104	7	11	22	27	32	37	42	
A	104	232561	9393187	13553663	17474796	26319818	42172487	145175152	
A	105	7	11	22	27	32	37	42	
A	105	221622	9547268	13666929	17710122	26825670	43121385	145294660	
A	106	7	11	22	27	32	37	42	
A	106	216676	9597388	13839125	17971918	27237221	43831914	145277605	
A	107	7	11	22	27	32	37	42	
A	107	222066	9720227	13977145	18313265	27753031	44573434	145343067	
A	108	7	11	22	27	32	37	42	
A	108	219613	9778506	14073130	18555742	28063558	45106016	145137422	
A	109	7	11	22	27	32	37	42	
A	109	228366	10211333	14650662	19292660	29145617	46498970	145193048	
A	110	7	11	22	27	32	37	42	
A	110	226701	10377462	14937704	19886632	29880052	47492316	145392332	
A	111	7	11	22	27	32	37	42	
A	111	231040	10538648	15093119	20275810	30445220	48316985	145416100	
A	112	7	11	22	27	32	37	42	
A	112	230590	10678549	15307580	20660972	30941970	49169529	145397876	
A	113	7	11	22	27	32	37	42	
A	113	231912	10880562	15565965	21177789	31628947	50039164	145302964	
A	114	7	11	22	27	32	37	42	
A	114	235410	11210032	16057863	21889169	32708582	51367413	145242484	
A	115	7	11	22	27	32	37	42	
A	115	236660	11433170	16200973	22376029	33434070	52286376	145343050	
A	116	7	11	22	27	32	37	42	
A	116	238981	11584624	16464018	22815235	34120541	53180571	145263915	
A	117	7	11	22	27	32	37	42	
A	117	241932	11697500	16638687	23254026	34839968	54088477	145232540	
A	118	7	11	22	27	32	37	42	
A	118	248276	12094523	17118570	23962122	35754027	55243929	145112370	
A	119	7	11	22	27	32	37	42	
A	119	247476	12316364	17421988	24547712	36537618	56095005	145181098	
A	120	7	11	22	27	32	37	42	
A	120	253757	12706742	17931874	25376043	37637163	57363989	145163488	
A	121	7	11	22	27	32	37	42	
A	121	260228	13209959	18550233	26309360	38753977	58783067	145388783	
A	122	7	11	22	27	32	37	42	
A	122	262586	13394121	18775784	26764687	39484767	59534950	145265352	
A	123	7	11	22	27	32	37	42	
A	123	261687	13404665	18826591	27184402	39952054	60172821	145044092	
A	124	7	11	22	27	32	37	42	
A	124	265109	13632410	19028502	27578142	40531268	60979502	145187201	
A	125	7	11	22	27	32	37	42	
A	125	271744	14062540	19669017	28365018	41529283	62093021	145252852	
A	126	7	11	22	27	32	37	42	
A	126	274500	14199850	19959681	28849461	42285765	62945764	145383146	
A	127	7	11	22	27	32	37	42	
A	127	278400	14561891	20338063	29603106	43102293	63971328	145398500	
A	128	7	11	22	27	32	37	42	
A	128	280087	14879711	20706892	30181664	43879693	64846372	145139109	
A	129	7	11	22	27	32	37	42	
A	129	291603	15287548	21262430	30982866	44985048	66060133	145283554	
A	130	7	11	22	27	32	37	42	
A	130	292102	15648358	21787127	31809169	46032781	67312600	145383786	
A	131	7	11	22	27	32	37	42	
A	131	295425	15892812	22161271	32287290	46943704	68302548	145438671	
A	132	7	11	22	27	32	37	42	
A	132	299558	16124419	22471397	32810308	47831793	69239149	145269224	
A	133	7	11	22	27	32	37	42	
A	133	299396	16178352	22604879	32977920	48191638	69551313	145206789	
A	134	7	11	22	27	32	37	42	
A	134	304199	16439356	22908874	33379188	48793013	70193501	145209675	
A	135	7	11	22	27	32	37	42	
A	135	311440	16923868	23611094	34293494	49951758	71486298	145412921	
A	136	7	11	22	27	32	37	42	
A	136	314405	17193002	24038696	34883916	50863052	72382448	145304702	
A	137	7	11	22	27	32	37	42	
A	137	315824	17243463	24172904	35139303	51343976	72975568	145290739	
A	138	7	11	22	27	32	37	42	
A	138	324383	17502191	24567116	35626886	52059669	73668853	145194461	
A	139	7	11	22	27	32	37	42	
A	139	323647	17839524	24952720	36108570	52672495	74257880	145195657	
A	140	7	11	22	27	32	37	42	
A	140	326494	18090311	25272840	36605924	53394560	75047032	145402133	
A	141	7	11	22	27	32	37	42	
A	141	331469	18393070	25738183	37223882	54251703	75966815	145427368	
A	142	7	11	22	27	32	37	42	
A	142	334144	18601541	26036740	37631229	54823242	76535221	145396627	
A	143	7	11	22	27	32	37	42	
A	143	334505	18786584	26364773	38119107	55562430	77291822	145280947	
A	144	7	11	22	27	32	37	42	
A	144	341086	19064477	26793452	38638236	56254830	77939460	145376697	
A	145	7	11	22	27	32	37	42	
A	145	346044	19500173	27355532	39357689	57078314	78856339	145533209	
A	146	7	11	22	27	32	37	42	
A	146	353775	20068366	28095578	40286602	58231687	80021505	145488439	
A	147	7	11	22	27	32	37	42	
A	147	359579	20507091	28598756	40935492	59049307	80739136	145506338	
A	148	7	11	22	27	32	37	42	
A	148	361581	20792859	28959162	41448885	59801483	81508757	145381239	
A	149	7	11	22	27	32	37	42	
A	149	362508	20934485	29254707	41875581	60389709	82154456	145353084	
A	150	7	11	22	27	32	37	42	
A	150	499466	33932627	48538016	67655620	90352760	109335955	145449727	
T	0	11	27	32	37	
T	0	9634472	29094895	126270380	126271299	
T	1	11	27	32	37	
T	1	7849164	21555104	141659842	141746355	
T	2	11	27	32	37	
T	2	8528731	23147848	55357358	137294282	
T	3	11	27	32	37	
T	3	7769182	18117667	45807427	152161881	
T	4	11	27	32	37	
T	4	4921988	10336433	22093967	149926556	
T	5	7	11	22	27	32	37	42	
T	5	5889	3492405	3619043	6131230	10449799	24869642	149324086	
T	6	7	11	22	27	32	37	42	
T	6	29247	3576838	4100859	6231794	9801941	19433067	150351160	
T	7	7	11	22	27	32	37	42	
T	7	21837	4011204	4982853	8044891	14297035	30151558	152084674	
T	8	7	11	22	27	32	37	42	
T	8	9700	3777131	4369454	7329597	12901151	26781527	153423065	
T	9	7	11	22	27	32	37	42	
T	9	14072	3410274	4089720	6215370	9793971	17931472	150501193	
T	10	7	11	22	27	32	37	42	
T	10	9334	3536860	4012435	6586285	11204154	21573707	149636287	
T	11	7	11	22	27	32	37	42	
T	11	20105	3260665	4065951	6063562	9703450	18031059	149631681	
T	12	7	11	22	27	32	37	42	
T	12	6033	3408108	3658511	6207302	10317335	19612746	150406216	
T	13	7	11	22	27	32	37	42	
T	13	19979	3468060	3956544	6195085	9807452	17632858	150761547	
T	14	7	11	22	27	32	37	42	
T	14	36796	3538613	4826734	6842929	11229731	20870137	149001752	
T	15	7	11	22	27	32	37	42	
T	15	71269	3834369	5560697	7569846	12449142	23183402	149579311	
T	16	7	11	22	27	32	37	42	
T	16	74538	3392740	5373053	6815741	10643965	19131286	149409995	
T	17	7	11	22	27	32	37	42	
T	17	83006	3773941	6008483	7668837	12327044	22539628	149515347	
T	18	7	11	22	27	32	37	42	
T	18	102077	3538165	5594359	6967177	10555788	18317037	150033879	
T	19	7	11	22	27	32	37	42	
T	19	113727	3596438	5686177	7038875	10616157	18193265	149409467	
T	20	7	11	22	27	32	37	42	
T	20	79313	3514662	5554972	6986831	10873406	19201354	148467032	
T	21	7	11	22	27	32	37	42	
T	21	81048	3471902	5557095	6993596	10763522	18922535	148538269	
T	22	7	11	22	27	32	37	42	
T	22	81141	3662766	5981284	7453494	11822785	21356873	148194821	
T	23	7	11	22	27	32	37	42	
T	23	83260	3502829	5711277	7019240	10836166	19243726	147796502	
T	24	7	11	22	27	32	37	42	
T	24	82156	3550634	5792024	7179955	11159910	19893291	147718031	
T	25	7	11	22	27	32	37	42	
T	25	87005	3672137	6031720	7441223	11735213	21104317	147442226	
T	26	7	11	22	27	32	37	42	
T	26	118101	3756603	6087013	7344817	10980993	18741466	148228227	
T	27	7	11	22	27	32	37	42	
T	27	91095	3815966	6283091	7650449	12031249	21430876	147196806	
T	28	7	11	22	27	32	37	42	
T	28	127841	3999844	6444023	7748556	11457247	19333677	148412049	
T	29	7	11	22	27	32	37	42	
T	29	92628	3922535	6493984	7919745	12411254	22154498	146972659	
T	30	7	11	22	27	32	37	42	
T	30	98725	3878213	6435121	7830619	12082070	21406738	147022844	
T	31	7	11	22	27	32	37	42	
T	31	126217	4055606	6586037	7981257	11713693	19870496	147808443	
T	32	7	11	22	27	32	37	42	
T	32	100566	3975595	6554815	8011959	12143840	21267848	146719230	
T	33	7	11	22	27	32	37	42	
T	33	134047	4153843	6660930	8165464	11741916	19716988	147646542	
T	34	7	11	22	27	32	37	42	
T	34	132872	4283644	6839473	8402388	12089571	20277516	147255721	
T	35	7	11	22	27	32	37	42	
T	35	96236	4121413	6768380	8437298	12569745	21948476	146222341	
T	36	7	11	22	27	32	37	42	
T	36	99488	4142327	6823225	8482340	12701971	22352047	146330951	
T	37	7	11	22	27	32	37	42	
T	37	104235	4223835	7027679	8708744	13221509	23456846	146102004	
T	38	7	11	22	27	32	37	42	
T	38	109027	4034486	6587670	8183443	12033894	20896904	146267775	
T	39	7	11	22	27	32	37	42	
T	39	133208	4304955	6953596	8537444	12279778	20637030	146719413	
T	40	7	11	22	27	32	37	42	
T	40	114845	4353411	7064673	8736113	12871941	22162348	145932030	
T	41	7	11	22	27	32	37	42	
T	41	100255	4077584	6599023	8186475	12021438	20603278	145110323	
T	42	7	11	22	27	32	37	42	
T	42	156240	5113848	8312048	10166802	15030845	25508893	146719146	
T	43	7	11	22	27	32	37	42	
T	43	123846	4957841	8073332	9953632	14827832	25676986	146411497	
T	44	7	11	22	27	32	37	42	
T	44	122530	5121358	7899903	9815110	14737193	25909039	146110857	
T	45	7	11	22	27	32	37	42	
T	45	128154	5290508	8025605	9965813	14929050	26187549	145920836	
T	46	7	11	22	27	32	37	42	
T	46	127691	5528858	8236445	10213037	15249937	26609023	146268228	
T	47	7	11	22	27	32	37	42	
T	47	128118	5560088	8265887	10247053	15318076	26748647	146197018	
T	48	7	11	22	27	32	37	42	
T	48	133396	5650247	8305152	10340519	15488955	27091812	146239899	
T	49	7	11	22	27	32	37	42	
T	49	134185	5728266	8315438	10315410	15414096	26898199	145650751	
T	50	7	11	22	27	32	37	42	
T	50	136008	5798542	8367311	10374946	15498893	27061493	145883308	
T	51	7	11	22	27	32	37	42	
T	51	135021	5920052	8457747	10485081	15628345	27200114	145897564	
T	52	7	11	22	27	32	37	42	
T	52	137031	6144217	8784711	10854195	16123343	27842787	146315101	
T	53	7	11	22	27	32	37	42	
T	53	139231	6058328	8637038	10694706	15920301	27586397	146121800	
T	54	7	11	22	27	32	37	42	
T	54	141173	6142347	8678660	10734210	15935202	27607571	145487908	
T	55	7	11	22	27	32	37	42	
T	55	158035	6307213	8947742	11019392	16271742	27898243	145806103	
T	56	7	11	22	27	32	37	42	
T	56	144995	6235072	8839819	10907890	16139769	27777085	145629168	
T	57	7	11	22	27	32	37	42	
T	57	146420	6286846	8879213	10963375	16245358	28009681	145806196	
T	58	7	11	22	27	32	37	42	
T	58	146818	6314120	8896539	10972976	16231592	27909408	145612303	
T	59	7	11	22	27	32	37	42	
T	59	148895	6326219	8911265	10987354	16223155	27859991	145235682	
T	60	7	11	22	27	32	37	42	
T	60	153229	6425452	9027074	11116058	16373141	28054304	145110619	
T	61	7	11	22	27	32	37	42	
T	61	277700	6674154	9397263	11544235	16895127	28720335	145719873	
T	62	7	11	22	27	32	37	42	
T	62	157299	6556676	9240339	11377075	16766910	28695989	145662629	
T	63	7	11	22	27	32	37	42	
T	63	160412	6728429	9453298	11623984	17074814	29031900	145614465	
T	64	7	11	22	27	32	37	42	
T	64	157092	6685782	9406748	11548353	16959930	28855223	145382703	
T	65	7	11	22	27	32	37	42	
T	65	159598	6773451	9541660	11698412	17143546	29110934	145237980	
T	66	7	11	22	27	32	37	42	
T	66	158889	6859588	9706391	11907002	17448523	29561745	145665244	
T	67	7	11	22	27	32	37	42	
T	67	160700	6923944	9740634	11954445	17570689	29851380	145798345	
T	68	7	11	22	27	32	37	42	
T	68	163914	6986670	9798128	12008869	17579024	29739999	145351666	
T	69	7	11	22	27	32	37	42	
T	69	164402	6947144	9801989	12013161	17587636	29761158	145203924	
T	70	7	11	22	27	32	37	42	
T	70	167375	7005491	9819657	12035279	17621447	29808277	144967866	
T	71	7	11	22	27	32	37	42	
T	71	169612	7196545	10088344	12344886	18042616	30361108	145159127	
T	72	7	11	22	27	32	37	42	
T	72	172092	7275858	10222334	12510333	18284885	30764461	145263729	
T	73	7	11	22	27	32	37	42	
T	73	174387	7367839	10358001	12651879	18468514	31026306	145226463	
T	74	7	11	22	27	32	37	42	
T	74	177897	7449715	10506315	12852763	18752188	31587461	145135571	
T	75	7	11	22	27	32	37	42	
T	75	168078	7832798	11791465	14663421	22929308	47912420	145101483	
T	76	7	11	22	27	32	37	42	
T	76	180561	7704569	10951889	13660603	20452257	37428663	145265537	
T	77	7	11	22	27	32	37	42	
T	77	180823	7494300	10547611	13005699	19189209	33291964	145083656	
T	78	7	11	22	27	32	37	42	
T	78	178151	7349298	10417837	12793395	18787965	31924387	145139466	
T	79	7	11	22	27	32	37	42	
T	79	179209	7337894	10284244	12622794	18537363	31280819	144995852	
T	80	7	11	22	27	32	37	42	
T	80	180314	7477249	10450469	12783909	18673575	31273935	144932602	
T	81	7	11	22	27	32	37	42	
T	81	183107	7562807	10743128	13097381	19080247	31729916	145163056	
T	82	7	11	22	27	32	37	42	
T	82	185670	7701884	10861597	13244034	19356151	32200003	145450627	
T	83	7	11	22	27	32	37	42	
T	83	186868	7720733	10890554	13302518	19447810	32371509	145171645	
T	84	7	11	22	27	32	37	42	
T	84	197185	7832130	10978953	13431859	19663628	32550079	145160806	
T	85	7	11	22	27	32	37	42	
T	85	191954	7864962	11006663	13485460	19753563	32696676	145193804	
T	86	7	11	22	27	32	37	42	
T	86	191918	7912429	11076000	13610315	20015414	32995390	145152675	
T	87	7	11	22	27	32	37	42	
T	87	195850	8042478	11231172	13819111	20358423	33495896	145152975	
T	88	7	11	22	27	32	37	42	
T	88	201929	8296654	11558868	14205772	20877555	34157451	145183271	
T	89	7	11	22	27	32	37	42	
T	89	201942	8291635	11610956	14321885	21150398	34593499	145093129	
T	90	7	11	22	27	32	37	42	
T	90	204682	8424756	11684795	14462570	21425699	34926798	145263745	
T	91	7	11	22	27	32	37	42	
T	91	206832	8515819	11817725	14676129	21806890	35432885	145209085	
T	92	7	11	22	27	32	37	42	
T	92	208970	8673788	12013235	14954515	22267319	36068267	145377575	
T	93	7	11	22	27	32	37	42	
T	93	212912	8751498	12142239	15158182	22635340	36533482	145126561	
T	94	7	11	22	27	32	37	42	
T	94	223542	8966895	12437114	15547838	23234582	37281713	145104358	
T	95	7	11	22	27	32	37	42	
T	95	221195	9030033	12497495	15714998	23581661	37771555	144836119	
T	96	7	11	22	27	32	37	42	
T	96	225952	9277156	12896534	16201650	24266041	38664484	144919516	
T	97	7	11	22	27	32	37	42	
T	97	239119	9554327	13370065	16802916	25189847	39880082	145083870	
T	98	7	11	22	27	32	37	42	
T	98	232005	9569076	13351197	16930710	25581139	40497960	145044315	
T	99	7	11	22	27	32	37	42	
T	99	234310	9679656	13538582	17197956	26004486	41096311	144982802	
T	100	7	11	22	27	32	37	42	
T	100	238460	9803199	13717159	17497279	26457449	41788266	144738346	
T	101	7	11	22	27	32	37	42	
T	101	240547	9967886	13979875	17846433	26869455	42423052	145030318	
T	102	7	11	22	27	32	37	42	
T	102	244342	10106480	14282676	18251322	27392100	43183756	144948975	
T	103	7	11	22	27	32	37	42	
T	103	274416	10589090	14924771	19020442	28370002	44389605	144832542	
T	104	7	11	22	27	32	37	42	
T	104	250701	10570542	15142459	19410853	28873412	45225465	144759362	
T	105	7	11	22	27	32	37	42	
T	105	259967	10820276	15342313	19741029	29430115	46178470	144827581	
T	106	7	11	22	27	32	37	42	
T	106	253788	10908738	15566447	20090530	29962491	47005173	145065860	
T	107	7	11	22	27	32	37	42	
T	107	252996	11022070	15705268	20440294	30519508	47851578	145093982	
T	108	7	11	22	27	32	37	42	
T	108	258291	11219412	15952111	20831979	30956036	48453567	144945918	
T	109	7	11	22	27	32	37	42	
T	109	265427	11568044	16401313	21443613	31901739	49729890	144908415	
T	110	7	11	22	27	32	37	42	
T	110	260185	11624015	16550641	21858301	32382037	50359766	144778815	
T	111	7	11	22	27	32	37	42	
T	111	264774	11819290	16745278	22319965	33057105	51324347	144782513	
T	112	7	11	22	27	32	37	42	
T	112	265675	12071783	17085905	22865739	33739696	52384325	144995413	
T	113	7	11	22	27	32	37	42	
T	113	267659	12301884	17394661	23430615	34473767	53271421	145132416	
T	114	7	11	22	27	32	37	42	
T	114	270713	12601739	17822813	24041183	35410912	54362102	144827289	
T	115	7	11	22	27	32	37	42	
T	115	271877	12786733	17890638	24449826	36048844	55191156	144831930	
T	116	7	11	22	27	32	37	42	
T	116	273854	13036223	18280242	25037882	36903132	56208107	144905298	
T	117	7	11	22	27	32	37	42	
T	117	277739	13280474	18612878	25682137	37895926	57419526	145041241	
T	118	7	11	22	27	32	37	42	
T	118	282638	13649536	19038395	26302411	38669704	58320248	144845121	
T	119	7	11	22	27	32	37	42	
T	119	283845	13878919	19339637	26875878	39403233	59085857	144786476	
T	120	7	11	22	27	32	37	42	
T	120	287936	14191544	19729092	27547096	40323415	60122067	144719558	
T	121	7	11	22	27	32	37	42	
T	121	293185	14748950	20385611	28532391	41502667	61520149	144764115	
T	122	7	11	22	27	32	37	42	
T	122	296700	15064663	20817102	29248117	42557885	62663768	144978129	
T	123	7	11	22	27	32	37	42	
T	123	298066	15113046	20873605	29636124	42955259	63160918	144960311	
T	124	7	11	22	27	32	37	42	
T	124	301498	15330400	21041450	29983658	43457059	63828911	144887718	
T	125	7	11	22	27	32	37	42	
T	125	308395	15673464	21561448	30616677	44265507	64679189	144831913	
T	126	7	11	22	27	32	37	42	
T	126	309090	15877689	21905962	31133445	45001089	65391774	144776562	
T	127	7	11	22	27	32	37	42	
T	127	312995	16306520	22388655	32031854	46009947	66560841	144823116	
T	128	7	11	22	27	32	37	42	
T	128	315445	16565340	22694108	32527876	46698615	67365810	144863880	
T	129	7	11	22	27	32	37	42	
T	129	327215	16963324	23227906	33286248	47738570	68472966	144659817	
T	130	7	11	22	27	32	37	42	
T	130	328154	17344907	23733381	34064100	48700238	69547271	144695268	
T	131	7	11	22	27	32	37	42	
T	131	332116	17639359	24162938	34592060	49640778	70556578	144798665	
T	132	7	11	22	27	32	37	42	
T	132	335957	17931408	24552618	35209818	50632021	71547665	144880896	
T	133	7	11	22	27	32	37	42	
T	133	336528	18038099	24736935	35426136	51065427	71975918	144886496	
T	134	7	11	22	27	32	37	42	
T	134	341998	18248392	24986508	35750159	51567658	72496432	144732026	
T	135	7	11	22	27	32	37	42	
T	135	348498	18681006	25597425	36533669	52525730	73537194	144803482	
T	136	7	11	22	27	32	37	42	
T	136	350903	19052508	26192771	37335801	53710993	74769613	145136737	
T	137	7	11	22	27	32	37	42	
T	137	354371	19211207	26449481	37739702	54410335	75586608	145166411	
T	138	7	11	22	27	32	37	42	
T	138	361081	19441305	26766528	38162462	55022779	76144337	145041312	
T	139	7	11	22	27	32	37	42	
T	139	363020	19800227	27188428	38654547	55651798	76772451	145128044	
T	140	7	11	22	27	32	37	42	
T	140	362729	19951097	27381986	39006573	56213652	77406745	145136813	
T	141	7	11	22	27	32	37	42	
T	141	371382	20371113	27969181	39734678	57148061	78340807	145215408	
T	142	7	11	22	27	32	37	42	
T	142	373248	20654898	28351990	40248863	57872877	79086988	145234212	
T	143	7	11	22	27	32	37	42	
T	143	373314	20855739	28706318	40745722	58596723	79816303	145237175	
T	144	7	11	22	27	32	37	42	
T	144	380674	21049429	28993127	41082882	59057353	80248542	145090065	
T	145	7	11	22	27	32	37	42	
T	145	386424	21494510	29545325	41758605	59826747	81065716	145148439	
T	146	7	11	22	27	32	37	42	
T	146	393461	22054604	30293242	42719972	61039645	82309382	145297090	
T	147	7	11	22	27	32	37	42	
T	147	397802	22602062	30913272	43487933	61944391	83112881	145334598	
T	148	7	11	22	27	32	37	42	
T	148	400793	22945672	31341613	44085618	62795007	83986890	145508947	
T	149	7	11	22	27	32	37	42	
T	149	401630	23080252	31608693	44486639	63415687	84696837	145550092	
T	150	7	11	22	27	32	37	42	
T	150	530048	37678687	52537010	71752144	94484862	112973826	148126881	
G	0	11	27	32	37	
G	0	2479235	4111775	85995401	85997784	
G	1	11	27	32	37	
G	1	2192638	5585467	88846946	88957864	
G	2	11	27	32	37	
G	2	2865118	4861944	14112759	87818185	
G	3	11	27	32	37	
G	3	2500376	5243679	16775216	91864096	
G	4	11	27	32	37	
G	4	2552260	5322681	11654801	96849092	
G	5	7	11	22	27	32	37	42	
G	5	23415	2410028	2528515	5003460	9728554	26820037	97195939	
G	6	7	11	22	27	32	37	42	
G	6	122719	2663727	3319921	6046525	11802162	26594305	98686646	
G	7	7	11	22	27	32	37	42	
G	7	106950	2222287	2731480	4424897	7640526	16399621	93720373	
G	8	7	11	22	27	32	37	42	
G	8	47916	2321856	2573960	3964530	6074446	11808330	95939784	
G	9	7	11	22	27	32	37	42	
G	9	73209	2065453	2495103	3980693	6519455	13072570	96980268	
G	10	7	11	22	27	32	37	42	
G	10	49399	2311392	2552680	3966516	6057570	10956720	97225718	
G	11	7	11	22	27	32	37	42	
G	11	106999	1976633	2438951	3702631	5876571	11260413	96729965	
G	12	7	11	22	27	32	37	42	
G	12	29509	1859081	2000736	3393186	5435940	10573789	95997110	
G	13	7	11	22	27	32	37	42	
G	13	75240	2003639	2295980	3754812	6031090	11767608	96369472	
G	14	7	11	22	27	32	37	42	
G	14	223808	2455672	3113230	4315687	6384000	11131080	98035792	
G	15	7	11	22	27	32	37	42	
G	15	350776	2626485	3423622	4502660	6507232	11124851	97877694	
G	16	7	11	22	27	32	37	42	
G	16	375769	2262026	3315081	4280906	6515322	11734202	97669004	
G	17	7	11	22	27	32	37	42	
G	17	463963	2711176	3797395	4732310	6723299	11230618	97981213	
G	18	7	11	22	27	32	37	42	
G	18	401269	2266668	3353436	4264122	6444886	11485665	97458119	
G	19	7	11	22	27	32	37	42	
G	19	417754	2298035	3406262	4338157	6548272	11508432	98277243	
G	20	7	11	22	27	32	37	42	
G	20	387758	2317125	3396932	4332677	6495375	11448192	98645234	
G	21	7	11	22	27	32	37	42	
G	21	401297	2365433	3539253	4490480	6701948	11908709	98742778	
G	22	7	11	22	27	32	37	42	
G	22	466995	2845071	4074762	5011148	7114098	11864920	99536507	
G	23	7	11	22	27	32	37	42	
G	23	404269	2432052	3649429	4561513	6814231	12115379	98945003	
G	24	7	11	22	27	32	37	42	
G	24	400908	2372961	3566662	4480159	6693490	11816772	98968072	
G	25	7	11	22	27	32	37	42	
G	25	483889	2874159	4165597	5129741	7392276	12486394	100401152	
G	26	7	11	22	27	32	37	42	
G	26	431320	2502031	3782078	4733641	7116487	12675292	99251162	
G	27	7	11	22	27	32	37	42	
G	27	517931	2920366	4252105	5194631	7433685	12414023	100454771	
G	28	7	11	22	27	32	37	42	
G	28	459180	2710133	4068504	5080125	7605915	13565211	99698631	
G	29	7	11	22	27	32	37	42	
G	29	531812	3018450	4407496	5380183	7721723	12860886	100988076	
G	30	7	11	22	27	32	37	42	
G	30	486636	2691054	4063735	5052195	7495499	13187074	100383283	
G	31	7	11	22	27	32	37	42	
G	31	478495	2819925	4240881	5315222	7883733	13980286	100159513	
G	32	7	11	22	27	32	37	42	
G	32	477046	2705461	4108590	5133989	7580523	13284802	100111937	
G	33	7	11	22	27	32	37	42	
G	33	479858	2905504	4360906	5538174	8288260	15001932	100122008	
G	34	7	11	22	27	32	37	42	
G	34	492792	3030130	4542639	5733393	8515128	15210283	100559294	
G	35	7	11	22	27	32	37	42	
G	35	465118	2860148	4345714	5450081	7953577	13954733	100291459	
G	36	7	11	22	27	32	37	42	
G	36	470262	2894115	4395520	5539551	8145611	14492648	100662651	
G	37	7	11	22	27	32	37	42	
G	37	550977	3313137	4824552	5959155	8415388	14234162	101449621	
G	38	7	11	22	27	32	37	42	
G	38	495335	2984417	4443328	5562465	8062357	14031638	100704122	
G	39	7	11	22	27	32	37	42	
G	39	534046	3096794	4633856	5831457	8545402	14887328	101133004	
G	40	7	11	22	27	32	37	42	
G	40	545502	3054141	4569165	5699234	8284729	14402704	101118271	
G	41	7	11	22	27	32	37	42	
G	41	565014	3399695	5087317	6373919	9312282	16149358	101319261	
G	42	7	11	22	27	32	37	42	
G	42	590475	3669761	5410810	6662975	9643543	16817538	101043799	
G	43	7	11	22	27	32	37	42	
G	43	553766	3576138	5406773	6725778	9920736	17639775	101118739	
G	44	7	11	22	27	32	37	42	
G	44	566678	3659415	5341354	6710009	10027304	18083309	101373660	
G	45	7	11	22	27	32	37	42	
G	45	585520	3712448	5336284	6691531	9948208	17882090	101144847	
G	46	7	11	22	27	32	37	42	
G	46	589749	3809032	5431927	6802174	10098318	18072569	101239628	
G	47	7	11	22	27	32	37	42	
G	47	602133	3907784	5573441	6963913	10286720	18263188	101304879	
G	48	7	11	22	27	32	37	42	
G	48	609365	3888940	5466256	6855949	10158940	18160618	101286262	
G	49	7	11	22	27	32	37	42	
G	49	616909	3965288	5542745	6935357	10273291	18271635	101298275	
G	50	7	11	22	27	32	37	42	
G	50	624585	4035412	5623410	7043620	10431324	18500046	101512166	
G	51	7	11	22	27	32	37	42	
G	51	637843	4104687	5694156	7113061	10514786	18616886	101803959	
G	52	7	11	22	27	32	37	42	
G	52	692267	4241741	5828396	7247316	10617387	18601657	101347422	
G	53	7	11	22	27	32	37	42	
G	53	654484	4236383	5864158	7342032	10852742	19015752	101769928	
G	54	7	11	22	27	32	37	42	
G	54	672263	4364348	5987816	7456424	10966897	19268369	102243170	
G	55	7	11	22	27	32	37	42	
G	55	733763	4454708	6098717	7555717	11013648	19159153	101861928	
G	56	7	11	22	27	32	37	42	
G	56	694149	4383467	6034928	7494242	10959600	19071801	101731786	
G	57	7	11	22	27	32	37	42	
G	57	701281	4470652	6121511	7628162	11170028	19383946	101773886	
G	58	7	11	22	27	32	37	42	
G	58	718385	4490907	6125838	7601573	11092561	19270002	101780359	
G	59	7	11	22	27	32	37	42	
G	59	706720	4496464	6147014	7631971	11136771	19284520	101523157	
G	60	7	11	22	27	32	37	42	
G	60	752106	4679012	6376556	7910496	11479118	19689357	102062249	
G	61	7	11	22	27	32	37	42	
G	61	846185	4755846	6477218	7978489	11510288	19665223	101748867	
G	62	7	11	22	27	32	37	42	
G	62	743130	4648390	6339999	7845036	11397900	19602826	101598591	
G	63	7	11	22	27	32	37	42	
G	63	747514	4740478	6452674	7977150	11576163	19874711	101674681	
G	64	7	11	22	27	32	37	42	
G	64	755814	4830136	6598939	8139578	11781534	20144661	102000029	
G	65	7	11	22	27	32	37	42	
G	65	764765	4925055	6710242	8261939	11926676	20303360	101858194	
G	66	7	11	22	27	32	37	42	
G	66	765586	4824710	6614336	8162687	11828451	20252459	101774423	
G	67	7	11	22	27	32	37	42	
G	67	780284	4923275	6693127	8257900	11952358	20378265	101520879	
G	68	7	11	22	27	32	37	42	
G	68	794910	5064679	6868669	8449609	12190993	20702484	101766977	
G	69	7	11	22	27	32	37	42	
G	69	799040	5009303	6845925	8438940	12215388	20784189	102097641	
G	70	7	11	22	27	32	37	42	
G	70	806738	5048930	6858685	8462906	12271429	20927269	102206986	
G	71	7	11	22	27	32	37	42	
G	71	822400	5190881	7054560	8683477	12536895	21174938	102146708	
G	72	7	11	22	27	32	37	42	
G	72	831850	5241274	7122663	8759596	12653480	21345364	102129181	
G	73	7	11	22	27	32	37	42	
G	73	843835	5371932	7322090	8982726	12959897	21787722	102195831	
G	74	7	11	22	27	32	37	42	
G	74	851919	5430580	7483130	9157279	13091451	21859033	102209131	
G	75	7	11	22	27	32	37	42	
G	75	865276	6116417	9076383	11488463	19883311	43975991	101969058	
G	76	7	11	22	27	32	37	42	
G	76	865981	5772434	7959771	9953337	15230092	28882368	101894919	
G	77	7	11	22	27	32	37	42	
G	77	865571	5678793	7739207	9541377	14074171	24505542	101865750	
G	78	7	11	22	27	32	37	42	
G	78	853596	5527588	7558202	9282225	13540767	22837060	102352457	
G	79	7	11	22	27	32	37	42	
G	79	857970	5498783	7439672	9132337	13297655	22167841	102281596	
G	80	7	11	22	27	32	37	42	
G	80	882126	5756285	7759621	9447210	13583017	22250536	102425908	
G	81	7	11	22	27	32	37	42	
G	81	896577	5810456	7960366	9668142	13862196	22519947	102362171	
G	82	7	11	22	27	32	37	42	
G	82	903587	5779550	7842705	9564722	13840603	22584714	102322596	
G	83	7	11	22	27	32	37	42	
G	83	933472	5912667	8019774	9774667	14123036	22971800	102595032	
G	84	7	11	22	27	32	37	42	
G	84	930925	5834308	7891513	9659574	14050844	22883483	102066861	
G	85	7	11	22	27	32	37	42	
G	85	931220	5896490	7953044	9735930	14168274	23024205	101957386	
G	86	7	11	22	27	32	37	42	
G	86	948214	6022433	8127568	9961751	14518702	23439384	102160927	
G	87	7	11	22	27	32	37	42	
G	87	953269	6088404	8183687	10042822	14668785	23682015	102227659	
G	88	7	11	22	27	32	37	42	
G	88	970098	6251872	8405973	10310341	15044842	24214455	102371084	
G	89	7	11	22	27	32	37	42	
G	89	963839	6177569	8344506	10290185	15131660	24443878	102187319	
G	90	7	11	22	27	32	37	42	
G	90	974298	6228625	8351900	10341198	15285988	24721550	102149691	
G	91	7	11	22	27	32	37	42	
G	91	987494	6316251	8453762	10473385	15474518	24977586	102119911	
G	92	7	11	22	27	32	37	42	
G	92	1007647	6527617	8711461	10808584	15933866	25635902	102245115	
G	93	7	11	22	27	32	37	42	
G	93	1026928	6591378	8826752	10980093	16246450	26124198	102372496	
G	94	7	11	22	27	32	37	42	
G	94	1045808	6695068	8952553	11167175	16539169	26575096	102367684	
G	95	7	11	22	27	32	37	42	
G	95	1065625	6851312	9137626	11431360	16948486	27185421	102450087	
G	96	7	11	22	27	32	37	42	
G	96	1109319	7134306	9552084	11910850	17522587	27950011	102638136	
G	97	7	11	22	27	32	37	42	
G	97	1119350	7245088	9759224	12186746	17960043	28572300	102484106	
G	98	7	11	22	27	32	37	42	
G	98	1100413	7147715	9606877	12121595	18065005	29021776	102432109	
G	99	7	11	22	27	32	37	42	
G	99	1129699	7350972	9885867	12474662	18536710	29664809	102638707	
G	100	7	11	22	27	32	37	42	
G	100	1132363	7373327	9940309	12608403	18792017	30142826	102550668	
G	101	7	11	22	27	32	37	42	
G	101	1139109	7468440	10081561	12772214	18936957	30329135	102377764	
G	102	7	11	22	27	32	37	42	
G	102	1180115	7652751	10397385	13177833	19440845	30945270	102731202	
G	103	7	11	22	27	32	37	42	
G	103	1205770	8112892	10990328	13854072	20289880	31981153	102719475	
G	104	7	11	22	27	32	37	42	
G	104	1190099	7966102	10993027	13988433	20530910	32399155	102560880	
G	105	7	11	22	27	32	37	42	
G	105	1205811	8177152	11181117	14239488	20963814	33048900	102552643	
G	106	7	11	22	27	32	37	42	
G	106	1194758	8089474	11166803	14268581	21074358	33250798	102457549	
G	107	7	11	22	27	32	37	42	
G	107	1205753	8175501	11285046	14514373	21470537	33724687	102408019	
G	108	7	11	22	27	32	37	42	
G	108	1211582	8273060	11446578	14774640	21844114	34219213	102521528	
G	109	7	11	22	27	32	37	42	
G	109	1246152	8766489	12062645	15505157	22811696	35351011	102558678	
G	110	7	11	22	27	32	37	42	
G	110	1234611	8627098	11969634	15562227	22953190	35584296	102536568	
G	111	7	11	22	27	32	37	42	
G	111	1251404	8793259	12151472	15888822	23422250	36248181	102525629	
G	112	7	11	22	27	32	37	42	
G	112	1261187	8938791	12356401	16217703	23831734	36854143	102435895	
G	113	7	11	22	27	32	37	42	
G	113	1273909	9074389	12516884	16546099	24272066	37431269	102404962	
G	114	7	11	22	27	32	37	42	
G	114	1295550	9369224	12944020	17122446	25099854	38424153	102765748	
G	115	7	11	22	27	32	37	42	
G	115	1303043	9534610	13068773	17495623	25635391	39153969	102714471	
G	116	7	11	22	27	32	37	42	
G	116	1312699	9574499	13148049	17650414	25884758	39507339	102559862	
G	117	7	11	22	27	32	37	42	
G	117	1325322	9738275	13359714	18081577	26550942	40489739	102516992	
G	118	7	11	22	27	32	37	42	
G	118	1363812	10260844	13998772	18879257	27458311	41524387	102833888	
G	119	7	11	22	27	32	37	42	
G	119	1359126	10211713	13949991	19014722	27702647	41889916	102592799	
G	120	7	11	22	27	32	37	42	
G	120	1390980	10536588	14375033	19658585	28520472	43009774	102689063	
G	121	7	11	22	27	32	37	42	
G	121	1432732	11075001	14941890	20378454	29303249	44113424	102728262	
G	122	7	11	22	27	32	37	42	
G	122	1433247	11100678	15009867	20638877	29774716	44824041	102654765	
G	123	7	11	22	27	32	37	42	
G	123	1443498	11168995	15122532	21021041	30200776	45535185	102618087	
G	124	7	11	22	27	32	37	42	
G	124	1460115	11339865	15246133	21243403	30524048	46218116	102454052	
G	125	7	11	22	27	32	37	42	
G	125	1495382	11675919	15717412	21785188	31173923	47130062	102492071	
G	126	7	11	22	27	32	37	42	
G	126	1503984	11793736	15924819	22135150	31685756	47902737	102625993	
G	127	7	11	22	27	32	37	42	
G	127	1528914	12026013	16155342	22593620	32164308	48720491	102481248	
G	128	7	11	22	27	32	37	42	
G	128	1549523	12324399	16543200	23157806	32909406	49873180	102602986	
G	129	7	11	22	27	32	37	42	
G	129	1583060	12700860	16993632	23772726	33751474	51019184	102812941	
G	130	7	11	22	27	32	37	42	
G	130	1594673	12902922	17272534	24214917	34288823	51790741	102691895	
G	131	7	11	22	27	32	37	42	
G	131	1617008	13032231	17480006	24476337	34829495	52558558	102615903	
G	132	7	11	22	27	32	37	42	
G	132	1640586	13264553	17772107	24907841	35435589	53333589	102620134	
G	133	7	11	22	27	32	37	42	
G	133	1647548	13322496	17890764	25084110	35811155	53883516	102529789	
G	134	7	11	22	27	32	37	42	
G	134	1672297	13588544	18179175	25442022	36325459	54589757	102590567	
G	135	7	11	22	27	32	37	42	
G	135	1705827	13908411	18632778	25987643	36945483	55255195	102580672	
G	136	7	11	22	27	32	37	42	
G	136	1729128	14134295	18983131	26424806	37589803	55986925	102575274	
G	137	7	11	22	27	32	37	42	
G	137	1739702	14150476	19016464	26565783	37951083	56516484	102490406	
G	138	7	11	22	27	32	37	42	
G	138	1768580	14537473	19543595	27181319	38726777	57357110	102793363	
G	139	7	11	22	27	32	37	42	
G	139	1785978	14705782	19704031	27392134	39015252	57661048	102637005	
G	140	7	11	22	27	32	37	42	
G	140	1797184	14819164	19865970	27657021	39426624	58188040	102623837	
G	141	7	11	22	27	32	37	42	
G	141	1833177	15129761	20245189	28092155	39972103	58801907	102671646	
G	142	7	11	22	27	32	37	42	
G	142	1846669	15254292	20431000	28349317	40364750	59260837	102614390	
G	143	7	11	22	27	32	37	42	
G	143	1865117	15463648	20733538	28776774	40998109	59985766	102723797	
G	144	7	11	22	27	32	37	42	
G	144	1894303	15706066	21073429	29162736	41485997	60510632	102846746	
G	145	7	11	22	27	32	37	42	
G	145	1917902	15975604	21398528	29550324	41947277	60973296	102804881	
G	146	7	11	22	27	32	37	42	
G	146	1956845	16439827	21987295	30256060	42778566	61697739	102768484	
G	147	7	11	22	27	32	37	42	
G	147	1984294	16795720	22361768	30725114	43361353	62215141	102840909	
G	148	7	11	22	27	32	37	42	
G	148	2005682	17074474	22721540	31216537	44035391	62882696	102934684	
G	149	7	11	22	27	32	37	42	
G	149	2020330	17121255	22856258	31434093	44353043	63226657	102942008	
G	150	7	11	22	27	32	37	42	
G	150	3326163	26462124	36863468	50417055	66101405	83774268	103222605	
C	0	11	27	32	37	
C	0	4950698	16672139	106112670	106113385	
C	1	11	27	32	37	
C	1	2735618	4933853	83833083	83956306	
C	2	11	27	32	37	
C	2	3751326	10357329	30034886	94775904	
C	3	11	27	32	37	
C	3	3281556	5376718	15004984	100310162	
C	4	11	27	32	37	
C	4	2971304	6230089	13612810	90189474	
C	5	7	11	22	27	32	37	42	
C	5	25109	2367773	2487481	4924142	9305098	25271277	95852829	
C	6	7	11	22	27	32	37	42	
C	6	126487	2581486	3189523	5631514	10363770	22393775	93702670	
C	7	7	11	22	27	32	37	42	
C	7	141872	2638063	3328372	5521383	9696469	20410222	97041839	
C	8	7	11	22	27	32	37	42	
C	8	57835	2113795	2384820	3887334	6313551	13399225	96868194	
C	9	7	11	22	27	32	37	42	
C	9	86356	2111449	2517032	3935633	6261573	12092197	97374638	
C	10	7	11	22	27	32	37	42	
C	10	55990	2110800	2354260	3833062	6065575	11462014	97494114	
C	11	7	11	22	27	32	37	42	
C	11	131713	2187761	2725221	4181069	6592702	12323502	96931702	
C	12	7	11	22	27	32	37	42	
C	12	38398	2428327	2578724	4141208	6268980	11302235	97341446	
C	13	7	11	22	27	32	37	42	
C	13	89868	2152869	2446878	3958250	6195187	11525848	97231919	
C	14	7	11	22	27	32	37	42	
C	14	218721	2150019	2783470	3951127	6033300	10915146	97285250	
C	15	7	11	22	27	32	37	42	
C	15	294259	2256177	3032888	4147481	6292313	11344508	97369401	
C	16	7	11	22	27	32	37	42	
C	16	405104	2416803	3603848	4661304	7065525	12444509	97166968	
C	17	7	11	22	27	32	37	42	
C	17	417495	2400556	3478460	4479803	6699451	11775098	98255390	
C	18	7	11	22	27	32	37	42	
C	18	427398	2359493	3428635	4360584	6465060	11101739	98376685	
C	19	7	11	22	27	32	37	42	
C	19	442322	2355417	3428065	4352543	6440784	10941003	98419779	
C	20	7	11	22	27	32	37	42	
C	20	490973	2816915	3979897	4981530	7133425	11629506	98909354	
C	21	7	11	22	27	32	37	42	
C	21	465878	2666041	4058976	5195056	7806797	13492178	98195121	
C	22	7	11	22	27	32	37	42	
C	22	461509	2536379	3766540	4787288	7123357	12358291	98358433	
C	23	7	11	22	27	32	37	42	
C	23	463301	2680013	4075768	5158184	7738427	13394516	98612160	
C	24	7	11	22	27	32	37	42	
C	24	517445	2985075	4333232	5371537	7712531	12690617	99555970	
C	25	7	11	22	27	32	37	42	
C	25	492324	2646259	3912260	4919090	7263120	12480219	98981226	
C	26	7	11	22	27	32	37	42	
C	26	478433	2597274	3863794	4839837	7157233	12232012	99502422	
C	27	7	11	22	27	32	37	42	
C	27	502244	2634989	3908204	4876021	7172852	12266520	99526282	
C	28	7	11	22	27	32	37	42	
C	28	495954	2661189	3943989	4932677	7262164	12400578	99309061	
C	29	7	11	22	27	32	37	42	
C	29	525944	2748654	4055996	5037784	7350393	12503094	99683676	
C	30	7	11	22	27	32	37	42	
C	30	593891	3155190	4560318	5577227	7907786	12920589	100195736	
C	31	7	11	22	27	32	37	42	
C	31	539274	2925899	4288817	5358549	7762199	13068736	99507384	
C	32	7	11	22	27	32	37	42	
C	32	615957	3339978	4827862	5943041	8393995	13615150	100719410	
C	33	7	11	22	27	32	37	42	
C	33	553341	3048489	4430786	5581279	8087993	13741105	99634462	
C	34	7	11	22	27	32	37	42	
C	34	570267	3146201	4572327	5731359	8275159	13986406	100432069	
C	35	7	11	22	27	32	37	42	
C	35	604217	3469394	5006075	6168179	8593435	13908662	101015345	
C	36	7	11	22	27	32	37	42	
C	36	611216	3515114	5057025	6231954	8699853	14140771	100929369	
C	37	7	11	22	27	32	37	42	
C	37	588902	3287238	4794405	5990676	8589239	14432621	100660693	
C	38	7	11	22	27	32	37	42	
C	38	588400	3330975	4915321	6190486	8997018	15204491	100508405	
C	39	7	11	22	27	32	37	42	
C	39	602498	3300666	4829290	6031547	8667922	14494824	100491756	
C	40	7	11	22	27	32	37	42	
C	40	669375	3630855	5193743	6393141	8945632	14499641	100865776	
C	41	7	11	22	27	32	37	42	
C	41	645046	3524331	5147107	6383472	9135596	15197693	100599997	
C	42	7	11	22	27	32	37	42	
C	42	654222	3835336	5651540	6996640	10102240	16967604	100462450	
C	43	7	11	22	27	32	37	42	
C	43	634412	3821085	5732489	7153344	10481035	17874418	100690716	
C	44	7	11	22	27	32	37	42	
C	44	662981	4028994	5801179	7263826	10686567	18371107	101030316	
C	45	7	11	22	27	32	37	42	
C	45	684023	4138492	5889684	7370553	10799503	18477944	100863283	
C	46	7	11	22	27	32	37	42	
C	46	683636	4185980	5921187	7412301	10869952	18596120	100646466	
C	47	7	11	22	27	32	37	42	
C	47	692679	4371549	6203943	7749620	11316694	19200917	101203671	
C	48	7	11	22	27	32	37	42	
C	48	699802	4327048	6070700	7616316	11176052	19081921	101074859	
C	49	7	11	22	27	32	37	42	
C	49	718899	4480286	6248203	7836861	11485615	19520618	101410411	
C	50	7	11	22	27	32	37	42	
C	50	726525	4484830	6224528	7788791	11396160	19347289	101010583	
C	51	7	11	22	27	32	37	42	
C	51	737515	4553196	6283880	7859617	11481623	19416665	100689537	
C	52	7	11	22	27	32	37	42	
C	52	751350	4648454	6397780	7980763	11612398	19549219	100850784	
C	53	7	11	22	27	32	37	42	
C	53	752526	4671644	6446078	8047603	11726114	19723008	100855496	
C	54	7	11	22	27	32	37	42	
C	54	767352	4786909	6553123	8165698	11868854	19927110	100852985	
C	55	7	11	22	27	32	37	42	
C	55	776804	4818338	6615941	8227150	11929342	19944312	100912679	
C	56	7	11	22	27	32	37	42	
C	56	846332	4956381	6796345	8440103	12206512	20290234	101142085	
C	57	7	11	22	27	32	37	42	
C	57	798247	4874049	6661988	8287451	12011719	20062232	100907485	
C	58	7	11	22	27	32	37	42	
C	58	891704	5066159	6915104	8613770	12431607	20590246	101487099	
C	59	7	11	22	27	32	37	42	
C	59	821069	5032084	6880498	8593744	12472782	20783624	101901318	
C	60	7	11	22	27	32	37	42	
C	60	823028	5062774	6902192	8569776	12376245	20545095	101229058	
C	61	7	11	22	27	32	37	42	
C	61	827920	5066212	6952171	8624294	12438304	20613191	101242001	
C	62	7	11	22	27	32	37	42	
C	62	833193	5098377	6967494	8649871	12492162	20709952	101138112	
C	63	7	11	22	27	32	37	42	
C	63	841160	5164882	7045879	8742538	12611144	20865497	100948071	
C	64	7	11	22	27	32	37	42	
C	64	858409	5311740	7282199	9018205	12992094	21405513	101415766	
C	65	7	11	22	27	32	37	42	
C	65	866192	5365975	7334136	9066680	13031870	21418784	101204449	
C	66	7	11	22	27	32	37	42	
C	66	869313	5323146	7308749	9042150	13010533	21409361	101234050	
C	67	7	11	22	27	32	37	42	
C	67	885191	5429809	7406584	9163219	13180838	21646620	101282338	
C	68	7	11	22	27	32	37	42	
C	68	891386	5514636	7517903	9296899	13367880	21897764	101486619	
C	69	7	11	22	27	32	37	42	
C	69	898287	5526532	7568314	9356453	13449626	21999212	101290255	
C	70	7	11	22	27	32	37	42	
C	70	908032	5570279	7587468	9377002	13479311	22046939	101141758	
C	71	7	11	22	27	32	37	42	
C	71	927924	5696226	7756699	9575663	13731861	22345016	101169491	
C	72	7	11	22	27	32	37	42	
C	72	935082	5738047	7821947	9651837	13847295	22522345	101082410	
C	73	7	11	22	27	32	37	42	
C	73	949747	5878741	8006376	9854203	14119991	22882725	101105920	
C	74	7	11	22	27	32	37	42	
C	74	960325	5952505	8133368	10026418	14335675	23321070	101435214	
C	75	7	11	22	27	32	37	42	
C	75	969183	6261189	8840794	11192461	18067983	35398880	101430460	
C	76	7	11	22	27	32	37	42	
C	76	972309	6036515	8251587	10347061	15510379	27295555	101389550	
C	77	7	11	22	27	32	37	42	
C	77	968124	5937127	8065795	10002737	14631710	24428680	101287154	
C	78	7	11	22	27	32	37	42	
C	78	965627	5852567	8011025	9896853	14369288	23510060	101384013	
C	79	7	11	22	27	32	37	42	
C	79	972775	5951536	8083227	9955681	14403473	23327658	101715553	
C	80	7	11	22	27	32	37	42	
C	80	990008	6083377	8227370	10089668	14501217	23268002	101451424	
C	81	7	11	22	27	32	37	42	
C	81	1001107	6061834	8300899	10175791	14627230	23360852	101249357	
C	82	7	11	22	27	32	37	42	
C	82	1019751	6150655	8353449	10250849	14794352	23620711	101080203	
C	83	7	11	22	27	32	37	42	
C	83	1036566	6250308	8500972	10433662	15059884	24028362	101536058	
C	84	7	11	22	27	32	37	42	
C	84	1054810	6330820	8591702	10564751	15283406	24341325	101764325	
C	85	7	11	22	27	32	37	42	
C	85	1065122	6376881	8628853	10610570	15353902	24401533	101649119	
C	86	7	11	22	27	32	37	42	
C	86	1065425	6380603	8638040	10644796	15453656	24532232	101462750	
C	87	7	11	22	27	32	37	42	
C	87	1086080	6537099	8831832	10884305	15804039	25021461	101724530	
C	88	7	11	22	27	32	37	42	
C	88	1107429	6729304	9082501	11180866	16206435	25583102	101672927	
C	89	7	11	22	27	32	37	42	
C	89	1126646	6870178	9299290	11462343	16641663	26217423	101934805	
C	90	7	11	22	27	32	37	42	
C	90	1130954	6844256	9211834	11404012	16658959	26343338	101814458	
C	91	7	11	22	27	32	37	42	
C	91	1155544	7020277	9426128	11669308	16998144	26758110	101831596	
C	92	7	11	22	27	32	37	42	
C	92	1161822	7072303	9490526	11773258	17175923	27095197	101700550	
C	93	7	11	22	27	32	37	42	
C	93	1182188	7188473	9674534	12021623	17579071	27721081	101871334	
C	94	7	11	22	27	32	37	42	
C	94	1203429	7344956	9883051	12297875	17991587	28296934	101783643	
C	95	7	11	22	27	32	37	42	
C	95	1210951	7430835	9987051	12455536	18249919	28711809	101766170	
C	96	7	11	22	27	32	37	42	
C	96	1237561	7631638	10285242	12802521	18669536	29323872	101555542	
C	97	7	11	22	27	32	37	42	
C	97	1269328	7830883	10613546	13207686	19275797	30134342	101636390	
C	98	7	11	22	27	32	37	42	
C	98	1297273	7941251	10731803	13423219	19660678	30788398	101773901	
C	99	7	11	22	27	32	37	42	
C	99	1287898	8023479	10886908	13643202	20009676	31359845	101734848	
C	100	7	11	22	27	32	37	42	
C	100	1342400	8182043	11107274	13936768	20401713	31891361	101835812	
C	101	7	11	22	27	32	37	42	
C	101	1354160	8289870	11281695	14145514	20632625	32175623	101788803	
C	102	7	11	22	27	32	37	42	
C	102	1332529	8315435	11414818	14325569	20871209	32456166	101485611	
C	103	7	11	22	27	32	37	42	
C	103	1369064	8757800	12016750	15035817	21795746	33602815	101721867	
C	104	7	11	22	27	32	37	42	
C	104	1374647	8796441	12247007	15399710	22282275	34233217	101757985	
C	105	7	11	22	27	32	37	42	
C	105	1389613	8922013	12349524	15558643	22620088	34708768	101582530	
C	106	7	11	22	27	32	37	42	
C	106	1405850	9002872	12536202	15817607	22981061	35139084	101452852	
C	107	7	11	22	27	32	37	42	
C	107	1405641	9061321	12636187	16040378	23348999	35547795	101398536	
C	108	7	11	22	27	32	37	42	
C	108	1412488	9176860	12838961	16365955	23816957	36120905	101648046	
C	109	7	11	22	27	32	37	42	
C	109	1430503	9516775	13280422	16916589	24600724	37016067	101590966	
C	110	7	11	22	27	32	37	42	
C	110	1439060	9564366	13416706	17239207	25012111	37511269	101556871	
C	111	7	11	22	27	32	37	42	
C	111	1452127	9703181	13586398	17575646	25465929	38089483	101498617	
C	112	7	11	22	27	32	37	42	
C	112	1461339	9821504	13747845	17858927	25827309	38667445	101406146	
C	113	7	11	22	27	32	37	42	
C	113	1481254	10050864	14055623	18383577	26472853	39460981	101405381	
C	114	7	11	22	27	32	37	42	
C	114	1506332	10363612	14488113	18990062	27324325	40448067	101431276	
C	115	7	11	22	27	32	37	42	
C	115	1513178	10484912	14582982	19328140	27749924	41002637	101369035	
C	116	7	11	22	27	32	37	42	
C	116	1539143	10668401	14844734	19739067	28336034	41806700	101523562	
C	117	7	11	22	27	32	37	42	
C	117	1555934	10814317	15050304	20154748	28887715	42594785	101449447	
C	118	7	11	22	27	32	37	42	
C	118	1587450	11218607	15541321	20837762	29703521	43565720	101454992	
C	119	7	11	22	27	32	37	42	
C	119	1606892	11439786	15844594	21391469	30362578	44416000	101700460	
C	120	7	11	22	27	32	37	42	
C	120	1639235	11688137	16175026	21936019	31027531	45457051	101654969	
C	121	7	11	22	27	32	37	42	
C	121	1680536	12156309	16693967	22638001	31774885	46522091	101376486	
C	122	7	11	22	27	32	37	42	
C	122	1688825	12284601	16865841	23043280	32334796	47382857	101360818	
C	123	7	11	22	27	32	37	42	
C	123	1704125	12423884	17088249	23577731	32901546	48343718	101626808	
C	124	7	11	22	27	32	37	42	
C	124	1736497	12689908	17363968	24002628	33442914	49358056	101724163	
C	125	7	11	22	27	32	37	42	
C	125	1767294	12956920	17739688	24456249	33987982	50247472	101674434	
C	126	7	11	22	27	32	37	42	
C	126	1779791	13068265	17940611	24772278	34417860	50978209	101464257	
C	127	7	11	22	27	32	37	42	
C	127	1815522	13456738	18362595	25464907	35110566	52094481	101527330	
C	128	7	11	22	27	32	37	42	
C	128	1840421	13743244	18727161	26026684	35829301	53340809	101645849	
C	129	7	11	22	27	32	37	42	
C	129	1870742	14112208	19201749	26682341	36608450	54394933	101493113	
C	130	7	11	22	27	32	37	42	
C	130	1902306	14423881	19602830	27261528	37294109	55353941	101481326	
C	131	7	11	22	27	32	37	42	
C	131	1923693	14553867	19812773	27530951	37816825	56152115	101404881	
C	132	7	11	22	27	32	37	42	
C	132	1958906	14845260	20193212	28081754	38555892	57171209	101465208	
C	133	7	11	22	27	32	37	42	
C	133	1970612	14966358	20392371	28340753	38980138	57851216	101620853	
C	134	7	11	22	27	32	37	42	
C	134	1994283	15264437	20732784	28752214	39497885	58590276	101712030	
C	135	7	11	22	27	32	37	42	
C	135	2023300	15538391	21104993	29220478	40063593	59223085	101446116	
C	136	7	11	22	27	32	37	42	
C	136	2048728	15713611	21397747	29596440	40595673	59815032	101219708	
C	137	7	11	22	27	32	37	42	
C	137	2068587	15915194	21666381	29961730	41117341	60455326	101316430	
C	138	7	11	22	27	32	37	42	
C	138	2080124	16159295	22003897	30400367	41721564	61064784	101226331	
C	139	7	11	22	27	32	37	42	
C	139	2114785	16518361	22426819	30878989	42267581	61600227	101279972	
C	140	7	11	22	27	32	37	42	
C	140	2124232	16567800	22491224	31000448	42479479	61935151	101096885	
C	141	7	11	22	27	32	37	42	
C	141	2156972	16854216	22857694	31437805	43031944	62477011	100934521	
C	142	7	11	22	27	32	37	42	
C	142	2176159	17104402	23179897	31827519	43529251	62988781	100949570	
C	143	7	11	22	27	32	37	42	
C	143	2205693	17389158	23577312	32341011	44219131	63753339	101021140	
C	144	7	11	22	27	32	37	42	
C	144	2226455	17589852	23854574	32660260	44625170	64130765	100931760	
C	145	7	11	22	27	32	37	42	
C	145	2262351	17884148	24219274	33070554	45046590	64475855	100761929	
C	146	7	11	22	27	32	37	42	
C	146	2304698	18337244	24781928	33736730	45820821	65149863	100704796	
C	147	7	11	22	27	32	37	42	
C	147	2340327	18765258	25270392	34311286	46469973	65587601	100576577	
C	148	7	11	22	27	32	37	42	
C	148	2357160	18989159	25550016	34691523	46975021	66052315	100420991	
C	149	7	11	22	27	32	37	42	
C	149	2384968	19162639	25827491	35071195	47476583	66517704	100422180	
C	150	7	11	22	27	32	37	42	
C	150	3599360	30631806	43334730	58094008	72955958	86632626	97238593	
N	0	2	
N	0	9571494	
N	1	2	
N	1	30567400	
N	2	2	
N	2	30422763	
N	3	2	
N	3	95139	
N	4	2	
N	4	14133	
N	5	2	
N	5	10122	
N	6	2	
N	6	11347	
N	7	2	
N	7	18727	
N	8	2	
N	8	16179	
N	9	2	
N	9	10272	
N	10	2	
N	10	20538	
N	11	2	
N	11	16337	
N	12	2	
N	12	33544	
N	13	2	
N	13	13674	
N	14	2	
N	14	11417	
N	15	2	
N	15	18486	
N	16	2	
N	16	39983	
N	17	2	
N	17	35142	
N	18	2	
N	18	25652	
N	19	2	
N	19	47900	
N	20	2	
N	20	24297	
N	21	2	
N	21	19205	
N	22	2	
N	22	24218	
N	23	2	
N	23	32266	
N	24	2	
N	24	19648	
N	25	2	
N	25	23649	
N	26	2	
N	26	21306	
N	27	2	
N	27	44950	
N	28	2	
N	28	21394	
N	29	2	
N	29	33051	
N	30	2	
N	30	23882	
N	31	2	
N	31	36151	
N	32	2	
N	32	41021	
N	33	2	
N	33	21883	
N	34	2	
N	34	48952	
N	35	2	
N	35	30286	
N	36	2	
N	36	37312	
N	37	2	
N	37	31784	
N	38	2	
N	38	29533	
N	39	2	
N	39	30461	
N	40	2	
N	40	35486	
N	41	2	
N	41	41457	
N	42	2	
N	42	27967	
N	43	2	
N	43	45427	
N	44	2	
N	44	22898	
N	45	2	
N	45	28336	
N	46	2	
N	46	19626	
N	47	2	
N	47	56177	
N	48	2	
N	48	30427	
N	49	2	
N	49	41351	
N	50	2	
N	50	51790	
N	51	2	
N	51	34610	
N	52	2	
N	52	46042	
N	53	2	
N	53	22980	
N	54	2	
N	54	38463	
N	55	2	
N	55	39614	
N	56	2	
N	56	27549	
N	57	2	
N	57	21573	
N	58	2	
N	58	31262	
N	59	2	
N	59	57116	
N	60	2	
N	60	44513	
N	61	2	
N	61	32689	
N	62	2	
N	62	15439	
N	63	2	
N	63	700749	
N	64	2	
N	64	37170	
N	65	2	
N	65	41915	
N	66	2	
N	66	28498	
N	67	2	
N	67	56779	
N	68	2	
N	68	34660	
N	69	2	
N	69	26353	
N	70	2	
N	70	46554	
N	71	2	
N	71	24002	
N	72	2	
N	72	55789	
N	73	2	
N	73	18655	
N	74	2	
N	74	36416	
N	75	2	
N	75	45791	
N	76	2	
N	76	30018	
N	77	2	
N	77	713741	
N	78	2	
N	78	34952	
N	79	2	
N	79	48477	
N	80	2	
N	80	25855	
N	81	2	
N	81	58812	
N	82	2	
N	82	50244	
N	83	2	
N	83	31933	
N	84	2	
N	84	47027	
N	85	2	
N	85	35817	
N	86	2	
N	86	46704	
N	87	2	
N	87	34181	
N	88	2	
N	88	56797	
N	89	2	
N	89	44126	
N	90	2	
N	90	45878	
N	91	2	
N	91	55930	
N	92	2	
N	92	46211	
N	93	2	
N	93	50728	
N	94	2	
N	94	48278	
N	95	2	
N	95	41103	
N	96	2	
N	96	39415	
N	97	2	
N	97	42506	
N	98	2	
N	98	73844	
N	99	2	
N	99	50618	
N	100	2	
N	100	31856	
N	101	2	
N	101	38246	
N	102	2	
N	102	70787	
N	103	2	
N	103	51879	
N	104	2	
N	104	45166	
N	105	2	
N	105	41131	
N	106	2	
N	106	44679	
N	107	2	
N	107	54941	
N	108	2	
N	108	45631	
N	109	2	
N	109	47438	
N	110	2	
N	110	33959	
N	111	2	
N	111	75686	
N	112	2	
N	112	63215	
N	113	2	
N	113	52822	
N	114	2	
N	114	31748	
N	115	2	
N	115	40059	
N	116	2	
N	116	45908	
N	117	2	
N	117	58325	
N	118	2	
N	118	52174	
N	119	2	
N	119	37712	
N	120	2	
N	120	71467	
N	121	2	
N	121	40899	
N	122	2	
N	122	39481	
N	123	2	
N	123	49247	
N	124	2	
N	124	45411	
N	125	2	
N	125	47275	
N	126	2	
N	126	48587	
N	127	2	
N	127	68351	
N	128	2	
N	128	46721	
N	129	2	
N	129	49120	
N	130	2	
N	130	46270	
N	131	2	
N	131	40425	
N	132	2	
N	132	63083	
N	133	2	
N	133	54618	
N	134	2	
N	134	54247	
N	135	2	
N	135	55354	
N	136	2	
N	136	62124	
N	137	2	
N	137	34559	
N	138	2	
N	138	43078	
N	139	2	
N	139	57867	
N	140	2	
N	140	38877	
N	141	2	
N	141	49602	
N	142	2	
N	142	103746	
N	143	2	
N	143	35486	
N	144	2	
N	144	53277	
N	145	2	
N	145	50087	
N	146	2	
N	146	39736	
N	147	2	
N	147	40123	
N	148	2	
N	148	52684	
N	149	2	
N	149	31181	
N	150	2	
N	150	260739	
