.	0	2	11	27	32	37	
.	0	8290986	11589828	23217996	494298083	494298545	
.	1	2	11	27	32	37	
.	1	268119	3203977	14818734	492856444	494298545	
.	2	2	11	27	32	37	
.	2	25574	2844041	11910953	44214534	494298545	
.	3	2	11	27	32	37	
.	3	37981	2232708	8203020	22491512	494298545	
.	4	2	11	27	32	37	
.	4	711	1464922	5876315	16643420	494298545	
.	5	2	11	27	32	37	42	
.	5	730	1394472	5223095	14266574	40251103	494298545	
.	6	2	11	27	32	37	42	
.	6	149	940028	4316512	12490043	33990578	494298545	
.	7	2	11	22	27	32	37	42	
.	7	540	936878	939758	4234808	11924387	31679385	494298545	
.	8	11	22	27	32	37	42	
.	8	949029	958573	4143690	11555708	30238182	494298545	
.	9	2	11	22	27	32	37	42	
.	9	1677	859672	878468	3990387	11243614	29460378	494298545	
.	10	2	11	22	27	32	37	42	
.	10	24	842587	871205	3962128	11024558	28902882	494298545	
.	11	2	11	22	27	32	37	42	
.	11	317	848210	884773	3973571	10919767	28734835	494298545	
.	12	11	22	27	32	37	42	
.	12	849983	893269	3999710	10940042	28742778	494298545	
.	13	2	11	22	27	32	37	42	
.	13	1012	876991	926048	4069449	11006213	28903099	494298545	
.	14	2	7	11	22	27	32	37	42	
.	14	3311	3401	1074386	1131097	4291554	11193519	28980536	494298545	
.	15	2	7	11	22	27	32	37	42	
.	15	23	526	886101	963357	4099497	11189762	28973027	494298545	
.	16	2	7	11	22	27	32	37	42	
.	16	25	1957	902159	1027634	4154939	11093777	29061868	494298545	
.	17	2	7	11	22	27	32	37	42	
.	17	1075	4047	1006530	1166951	4300114	11247786	29129036	494298545	
.	18	2	7	11	22	27	32	37	42	
.	18	224	4662	909764	1125486	4221320	11255431	29080887	494298545	
.	19	2	7	11	22	27	32	37	42	
.	19	325	8778	920828	1278533	4338428	11303417	29053389	494298545	
.	20	2	7	11	22	27	32	37	42	
.	20	718	14398	965811	1501674	4527542	11577732	29431942	494298545	
.	21	7	11	22	27	32	37	42	
.	21	23945	1003466	1869280	4746545	11760272	29388446	494298545	
.	22	2	7	11	22	27	32	37	42	
.	22	75	31949	1034794	2152636	4951901	12050362	29753497	494298545	
.	23	2	7	11	22	27	32	37	42	
.	23	20	44960	1107200	2613394	5307776	12512120	30175298	494298545	
.	24	2	7	11	22	27	32	37	42	
.	24	1854	54270	1156059	2828928	5461762	12688722	30549317	494298545	
.	25	2	7	11	22	27	32	37	42	
.	25	3996	101447	1863040	3803338	6353852	13451820	31043598	494298545	
.	26	2	7	11	22	27	32	37	42	
.	26	264	110534	1989905	4175769	6710026	13935185	31619554	494298545	
.	27	2	7	11	22	27	32	37	42	
.	27	4547	126904	2068247	4384059	6900792	14163203	31865567	494298545	
.	28	2	7	11	22	27	32	37	42	
.	28	4133	134905	2175082	4586252	7134087	14503368	32458662	494298545	
.	29	2	7	11	22	27	32	37	42	
.	29	5035	141861	2224829	4682240	7244774	14681680	32715063	494298545	
.	30	2	7	11	22	27	32	37	42	
.	30	1695	146015	2295607	4802931	7385369	14864987	33000145	494298545	
.	31	2	7	11	22	27	32	37	42	
.	31	2270	154565	2356030	4900021	7476087	14968381	33180383	494298545	
.	32	2	7	11	22	27	32	37	42	
.	32	1974	170076	2606967	5268548	7907130	15563510	33986434	494298545	
.	33	2	7	11	22	27	32	37	42	
.	33	5598	175949	2534965	5228922	7951343	15635371	34168065	494298545	
.	34	2	7	11	22	27	32	37	42	
.	34	2572	183352	2600085	5327707	7975092	15713224	34532967	494298545	
.	35	2	7	11	22	27	32	37	42	
.	35	543	189652	2717559	5494114	8189907	15962280	34765588	494298545	
.	36	2	7	11	22	27	32	37	42	
.	36	3215	197222	2722696	5562904	8268697	16099983	35029111	494298545	
.	37	2	7	11	22	27	32	37	42	
.	37	8516	212946	2792747	5627585	8384889	16205798	35239996	494298545	
.	38	2	7	11	22	27	32	37	42	
.	38	3060	232655	3216644	6205261	9066586	17045975	36382590	494298545	
.	39	2	7	11	22	27	32	37	42	
.	39	4096	227676	2984004	6172710	9021437	17016359	36367491	494298545	
.	40	2	7	11	22	27	32	37	42	
.	40	3422	236569	3067421	6067718	8984872	16951447	36484318	494298545	
.	41	2	7	11	22	27	32	37	42	
.	41	541	246717	3223937	6303294	9306274	17332369	36860334	494298545	
.	42	2	7	11	22	27	32	37	42	
.	42	4458	256535	3267594	6332574	9394778	17462108	37224254	494298545	
.	43	2	7	11	22	27	32	37	42	
.	43	3005	267114	3582328	6812714	9977353	18129256	38205209	494298545	
.	44	2	7	11	22	27	32	37	42	
.	44	1558	268263	3390936	6556978	9741275	17877979	38005557	494298545	
.	45	2	7	11	22	27	32	37	42	
.	45	268	278013	3491641	6685930	9943903	18053786	38216888	494298545	
.	46	2	7	11	22	27	32	37	42	
.	46	1166	288326	3592720	6846304	10149952	18347160	38620843	494298545	
.	47	2	7	11	22	27	32	37	42	
.	47	3872	298385	3633885	6890043	10213973	18393030	38736606	494298545	
.	48	2	7	11	22	27	32	37	42	
.	48	1223	306170	3724694	7022001	10398700	18658352	39172066	494298545	
.	49	2	7	11	22	27	32	37	42	
.	49	5841	327432	3904800	7321516	10791068	19304923	40289861	494298545	
.	50	2	7	11	22	27	32	37	42	
.	50	2883	331453	3927569	7345720	10807437	19287723	40333388	494298545	
.	51	2	7	11	22	27	32	37	42	
.	51	140	345168	4064843	7541231	11022707	19551215	40665008	494298545	
.	52	2	7	11	22	27	32	37	42	
.	52	11221	368150	4136699	7717244	11241028	19908915	41262872	494298545	
.	53	2	7	11	22	27	32	37	42	
.	53	5936	395849	4554683	8268212	11828550	20580558	42130768	494298545	
.	54	2	7	11	22	27	32	37	42	
.	54	8890	398484	4338936	8280132	11894154	20799023	42583325	494298545	
.	55	2	7	11	22	27	32	37	42	
.	55	238	406411	4531673	8304917	11920138	20864053	42901619	494298545	
.	56	2	7	11	22	27	32	37	42	
.	56	3623	419662	4620920	8533338	12171198	21133668	43189756	494298545	
.	57	2	7	11	22	27	32	37	42	
.	57	1467	421408	4563984	8495182	12167279	21247129	43512557	494298545	
.	58	2	7	11	22	27	32	37	42	
.	58	216	446052	4922407	8842720	12583523	21805335	44466827	494298545	
.	59	2	7	11	22	27	32	37	42	
.	59	10725	456733	4814511	8873084	12611288	21833450	44327106	494298545	
.	60	2	7	11	22	27	32	37	42	
.	60	20873	489132	5066539	8986470	12777533	22109722	44972220	494298545	
.	61	2	7	11	22	27	32	37	42	
.	61	3000	480128	5146945	9190979	13036683	22495453	45464996	494298545	
.	62	2	7	11	22	27	32	37	42	
.	62	8949	497689	5250549	9211838	13055119	22516527	45637461	494298545	
.	63	2	7	11	22	27	32	37	42	
.	63	9903	506671	5327745	9278139	13137101	22656404	45747571	494298545	
.	64	2	7	11	22	27	32	37	42	
.	64	4861	519841	5592118	9619394	13566460	23266041	46714789	494298545	
.	65	2	7	11	22	27	32	37	42	
.	65	3223	538082	5930308	10015172	14001606	23848480	47718815	494298545	
.	66	2	7	11	22	27	32	37	42	
.	66	3891	542286	5855760	10043217	14049337	23945718	47812643	494298545	
.	67	2	7	11	22	27	32	37	42	
.	67	2691	568844	6345391	10450123	14520348	24559916	48903838	494298545	
.	68	2	7	11	22	27	32	37	42	
.	68	3063	569564	6274347	10475991	14565899	24660239	48920788	494298545	
.	69	2	7	11	22	27	32	37	42	
.	69	9245	586694	6415259	10433908	14559105	24726339	49341872	494298545	
.	70	2	7	11	22	27	32	37	42	
.	70	9152	603197	6771867	10894323	15077378	25375732	50085094	494298545	
.	71	2	7	11	22	27	32	37	42	
.	71	3314	609298	7017701	11234913	15440524	25790026	50581448	494298545	
.	72	2	7	11	22	27	32	37	42	
.	72	4799	623712	7270069	11427813	15668645	26093205	51107097	494298545	
.	73	2	7	11	22	27	32	37	42	
.	73	3359	628061	7342518	11459720	15711015	26183425	51255490	494298545	
.	74	2	7	11	22	27	32	37	42	
.	74	6893	644102	7308856	11643495	15975333	26595731	52068367	494298545	
.	75	2	7	11	22	27	32	37	42	
.	75	1919	673224	8736238	13668981	19292562	34327957	89370343	494298545	
.	76	2	7	11	22	27	32	37	42	
.	76	15703	699232	8331899	12737767	17940170	30402231	65617429	494298545	
.	77	2	7	11	22	27	32	37	42	
.	77	5415	694061	7958171	12056748	16806641	28240467	57493205	494298545	
.	78	2	7	11	22	27	32	37	42	
.	78	5535	705343	7910047	11943420	16487105	27480982	54476468	494298545	
.	79	2	7	11	22	27	32	37	42	
.	79	1	714496	7971442	11991796	16448563	27284838	53447686	494298545	
.	80	2	7	11	22	27	32	37	42	
.	80	4450	733950	8005835	12132469	16581031	27416782	53366395	494298545	
.	81	2	7	11	22	27	32	37	42	
.	81	6339	752424	8117524	12238570	16708797	27661979	53826078	494298545	
.	82	2	7	11	22	27	32	37	42	
.	82	4220	771982	8430948	12612116	17120188	28142769	54394248	494298545	
.	83	2	7	11	22	27	32	37	42	
.	83	12645	787150	8481683	12836623	17403746	28603826	55129702	494298545	
.	84	2	7	11	22	27	32	37	42	
.	84	5132	797658	8639345	12966979	17584308	28910372	55680808	494298545	
.	85	2	7	11	22	27	32	37	42	
.	85	5234	812458	8825289	13229766	17912956	29382757	56413217	494298545	
.	86	2	7	11	22	27	32	37	42	
.	86	8294	830985	8962793	13413391	18130566	29690237	56892002	494298545	
.	87	2	7	11	22	27	32	37	42	
.	87	926	846703	9219471	13743172	18498339	30187603	57661375	494298545	
.	88	2	7	11	22	27	32	37	42	
.	88	12186	881171	9384774	14144178	18983311	30910493	58835776	494298545	
.	89	2	7	11	22	27	32	37	42	
.	89	1120	886584	9621208	14355441	19241207	31297749	59463719	494298545	
.	90	2	7	11	22	27	32	37	42	
.	90	3016	896764	9575159	14430322	19334732	31457325	59773882	494298545	
.	91	2	7	11	22	27	32	37	42	
.	91	7475	927067	9897555	14834514	19834149	32200142	61008682	494298545	
.	92	2	7	11	22	27	32	37	42	
.	92	6046	938979	10007551	15038067	20073597	32582007	61560469	494298545	
.	93	2	7	11	22	27	32	37	42	
.	93	9740	960020	10128641	15165294	20252100	32870972	62047810	494298545	
.	94	2	7	11	22	27	32	37	42	
.	94	3576	980368	10384909	15512728	20662981	33492909	62942323	494298545	
.	95	2	7	11	22	27	32	37	42	
.	95	4701	1000554	10536394	15716346	20929346	33952793	63746828	494298545	
.	96	2	7	11	22	27	32	37	42	
.	96	1553	1013724	10704665	15920001	21170599	34325838	64420302	494298545	
.	97	2	7	11	22	27	32	37	42	
.	97	15685	1043535	10899470	16168015	21484807	34826326	65114989	494298545	
.	98	2	7	11	22	27	32	37	42	
.	98	461	1053444	11201733	16626163	22057374	35743431	66668139	494298545	
.	99	2	7	11	22	27	32	37	42	
.	99	3160	1077823	11445485	16980792	22497817	36407719	67694795	494298545	
.	100	2	7	11	22	27	32	37	42	
.	100	6866	1098739	11582642	17152793	22716779	36810942	68436627	494298545	
.	101	2	7	11	22	27	32	37	42	
.	101	10679	1121738	11775636	17391395	23003605	37251119	69056388	494298545	
.	102	2	7	11	22	27	32	37	42	
.	102	10549	1146669	11973507	17729440	23440035	37986380	70150971	494298545	
.	103	2	7	11	22	27	32	37	42	
.	103	7011	1169901	12310086	18137944	23998494	38955813	71721959	494298545	
.	104	2	7	11	22	27	32	37	42	
.	104	5095	1182379	12489526	18378078	24318314	39551678	72726857	494298545	
.	105	2	7	11	22	27	32	37	42	
.	105	4816	1202732	12833828	18829078	24880260	40400245	74012154	494298545	
.	106	2	7	11	22	27	32	37	42	
.	106	6895	1218352	13027381	19194469	25373822	41270710	75470960	494298545	
.	107	2	7	11	22	27	32	37	42	
.	107	4472	1230917	13310163	19571899	25832349	42047396	76633421	494298545	
.	108	2	7	11	22	27	32	37	42	
.	108	7728	1248130	13599026	19979638	26365317	42948281	77957800	494298545	
.	109	2	7	11	22	27	32	37	42	
.	109	13412	1270879	13842806	20444884	26946148	43850462	79428308	494298545	
.	110	2	7	11	22	27	32	37	42	
.	110	3877	1282885	14263504	20973153	27646535	45009212	81103545	494298545	
.	111	2	7	11	22	27	32	37	42	
.	111	10046	1308890	14628545	21470779	28253704	45884538	82580087	494298545	
.	112	2	7	11	22	27	32	37	42	
.	112	13861	1331709	14801713	21935915	28881015	46905359	84083644	494298545	
.	113	2	7	11	22	27	32	37	42	
.	113	13735	1349303	15118576	22337977	29391403	47770762	85552567	494298545	
.	114	2	7	11	22	27	32	37	42	
.	114	8754	1357795	15406423	22732291	29996180	48891599	87186840	494298545	
.	115	2	7	11	22	27	32	37	42	
.	115	12460	1402522	16310998	23954762	31526932	51334409	90664325	494298545	
.	116	2	7	11	22	27	32	37	42	
.	116	4837	1416499	16642661	24757959	32644589	52937094	92836972	494298545	
.	117	2	7	11	22	27	32	37	42	
.	117	20547	1417139	16335235	24398586	32421087	53373877	94011702	494298545	
.	118	2	7	11	22	27	32	37	42	
.	118	12640	1442151	16803775	24849204	32933631	54164655	95506607	494298545	
.	119	2	7	11	22	27	32	37	42	
.	119	11272	1469428	17312137	25850283	34127422	55613989	97461432	494298545	
.	120	2	7	11	22	27	32	37	42	
.	120	8741	1473658	17359389	26052842	34535125	56608333	99100635	494298545	
.	121	2	7	11	22	27	32	37	42	
.	121	8164	1504206	17736948	26656464	35395077	57962853	101493178	494298545	
.	122	2	7	11	22	27	32	37	42	
.	122	3448	1527237	18117496	27225411	36332927	59533671	103836870	494298545	
.	123	2	7	11	22	27	32	37	42	
.	123	5058	1557474	18514165	27764507	37215494	60939084	105932000	494298545	
.	124	2	7	11	22	27	32	37	42	
.	124	12422	1598376	19050608	28517790	38326655	62636285	108395732	494298545	
.	125	2	7	11	22	27	32	37	42	
.	125	1910	1606928	19351734	29096073	39330824	64329671	110946184	494298545	
.	126	2	7	11	22	27	32	37	42	
.	126	8590	1639009	19751872	29549414	40341671	65708677	113106714	494298545	
.	127	2	7	11	22	27	32	37	42	
.	127	13341	1679329	20225443	30343339	41496022	67431203	115709522	494298545	
.	128	2	7	11	22	27	32	37	42	
.	128	7103	1700138	20556126	30993459	42436704	68868621	117829750	494298545	
.	129	2	7	11	22	27	32	37	42	
.	129	14987	1751786	21350192	32144254	43934813	70950337	120878279	494298545	
.	130	2	7	11	22	27	32	37	42	
.	130	6533	1771637	21834036	32974218	45212407	72954295	123873456	494298545	
.	131	2	7	11	22	27	32	37	42	
.	131	19959	1813976	22096161	33497804	46084215	74581983	126183994	494298545	
.	132	2	7	11	22	27	32	37	42	
.	132	15855	1846855	22714043	34425627	47532641	76608879	129053802	494298545	
.	133	2	7	11	22	27	32	37	42	
.	133	20548	1877691	23098756	35134316	48771515	78514981	132069116	494298545	
.	134	2	7	11	22	27	32	37	42	
.	134	23065	1898118	23469149	35665462	49979102	80105364	134454325	494298545	
.	135	2	7	11	22	27	32	37	42	
.	135	10167	1918001	24094112	36566837	51649724	81893922	137031272	494298545	
.	136	2	7	11	22	27	32	37	42	
.	136	26484	1981165	25075267	37953612	53751587	84522962	140682784	494298545	
.	137	2	7	11	22	27	32	37	42	
.	137	17809	2004344	25719106	38875052	55439479	86747691	144205701	494298545	
.	138	2	7	11	22	27	32	37	42	
.	138	6021	2010494	26093788	39466302	56803494	88426854	146878345	494298545	
.	139	2	7	11	22	27	32	37	42	
.	139	19751	2055896	26589144	40188919	58138124	90309535	149556394	494298545	
.	140	2	7	11	22	27	32	37	42	
.	140	19982	2084322	27137050	40952649	59301414	92469457	152636116	494298545	
.	141	2	7	11	22	27	32	37	42	
.	141	29667	2130614	27747863	41825842	60885981	94796226	155973365	494298545	
.	142	2	7	11	22	27	32	37	42	
.	142	32214	2169697	28608517	42892217	62548465	97566429	159778231	494298545	
.	143	2	7	11	22	27	32	37	42	
.	143	14938	2175459	28992505	43445461	63620150	99604390	162623040	494298545	
.	144	2	7	11	22	27	32	37	42	
.	144	9413	2217880	29715449	44525275	65410615	102383110	166629922	494298545	
.	145	2	7	11	22	27	32	37	42	
.	145	20208	2263486	30414356	45448658	66939233	104807045	170173715	494298545	
.	146	2	7	11	22	27	32	37	42	
.	146	14369	2305062	31317622	46861751	68885037	107787965	174332532	494298545	
.	147	2	7	11	22	27	32	37	42	
.	147	31220	2348547	32098178	47750369	70717116	110063574	177410533	494298545	
.	148	2	7	11	22	27	32	37	42	
.	148	33595	2378354	32600862	48486736	71992338	112444266	181113629	494298545	
.	149	2	7	11	22	27	32	37	42	
.	149	15148	2402657	33457205	49536152	74069195	114351275	184332389	494298545	
.	150	2	7	11	22	27	32	37	42	
.	150	545698	4466884	59570628	93957292	141870950	208655972	298209284	494298545	
A	0	11	27	32	37	
A	0	1062452	5100543	166207955	166208071	
A	1	11	27	32	37	
A	1	882911	4670664	154952452	155454680	
A	2	11	27	32	37	
A	2	861212	3730874	13638548	151735314	
A	3	11	27	32	37	
A	3	657857	2505098	6849732	150093197	
A	4	11	27	32	37	
A	4	453623	1833151	5141606	153599509	
A	5	11	27	32	37	42	
A	5	412340	1542544	4292922	11465471	151598679	
A	6	11	27	32	37	42	
A	6	277287	1264447	3719495	9697081	152057471	
A	7	11	27	32	37	42	
A	7	242164	1113305	3267398	8373927	148661310	
A	8	11	22	27	32	37	42	
A	8	262835	264539	1158781	3323881	8307771	147516480	
A	9	11	22	27	32	37	42	
A	9	243555	247499	1125216	3230608	8076141	148911274	
A	10	11	22	27	32	37	42	
A	10	252196	258835	1161190	3285795	8170890	149454195	
A	11	11	22	27	32	37	42	
A	11	251461	259824	1158127	3231026	8081613	149757382	
A	12	11	22	27	32	37	42	
A	12	240858	250588	1129055	3177634	7982888	149712735	
A	13	11	22	27	32	37	42	
A	13	249171	260629	1166735	3252962	8159126	149576564	
A	14	7	11	22	27	32	37	42	
A	14	12	287893	300950	1152866	3113813	7784057	149321434	
A	15	7	11	22	27	32	37	42	
A	15	48	242313	261586	1120489	3167956	7890792	149007445	
A	16	7	11	22	27	32	37	42	
A	16	148	246931	280040	1141115	3145075	7929722	148693026	
A	17	7	11	22	27	32	37	42	
A	17	235	276457	319327	1173655	3163504	7897906	148108010	
A	18	7	11	22	27	32	37	42	
A	18	377	250143	308732	1158444	3171531	7883713	147630239	
A	19	7	11	22	27	32	37	42	
A	19	747	250256	347440	1173906	3144604	7824040	147785011	
A	20	7	11	22	27	32	37	42	
A	20	1280	265096	414908	1252090	3293785	8130631	148112116	
A	21	7	11	22	27	32	37	42	
A	21	2233	271009	509893	1292562	3284625	8024862	147564878	
A	22	7	11	22	27	32	37	42	
A	22	3139	279345	589242	1349163	3353240	8099339	147387423	
A	23	7	11	22	27	32	37	42	
A	23	4354	297878	712060	1442428	3461633	8196779	146996397	
A	24	7	11	22	27	32	37	42	
A	24	5036	306925	768334	1472391	3472661	8252049	147085507	
A	25	7	11	22	27	32	37	42	
A	25	9161	500382	1039385	1727569	3704831	8455252	146897393	
A	26	7	11	22	27	32	37	42	
A	26	10326	548417	1166095	1857646	3890737	8703757	146724315	
A	27	7	11	22	27	32	37	42	
A	27	11019	542714	1172963	1840802	3828762	8582956	146596566	
A	28	7	11	22	27	32	37	42	
A	28	11786	558352	1202377	1863276	3847799	8622393	146402144	
A	29	7	11	22	27	32	37	42	
A	29	12273	579152	1246482	1922919	3954388	8789613	146080587	
A	30	7	11	22	27	32	37	42	
A	30	12658	600955	1285187	1971067	4033388	8941973	146531391	
A	31	7	11	22	27	32	37	42	
A	31	13417	614106	1303582	1976746	4012216	8866346	146181911	
A	32	7	11	22	27	32	37	42	
A	32	14667	658968	1360504	2036842	4075123	8947162	146102169	
A	33	7	11	22	27	32	37	42	
A	33	14482	650177	1372053	2091928	4185129	9169822	146324360	
A	34	7	11	22	27	32	37	42	
A	34	15336	659845	1391862	2078961	4171966	9241940	145859514	
A	35	7	11	22	27	32	37	42	
A	35	16158	687585	1429242	2129038	4226839	9252991	146016084	
A	36	7	11	22	27	32	37	42	
A	36	16370	683501	1443189	2144413	4256281	9309060	145878006	
A	37	7	11	22	27	32	37	42	
A	37	16815	694378	1451985	2172208	4286555	9356702	145536684	
A	38	7	11	22	27	32	37	42	
A	38	19002	811516	1610038	2349853	4489229	9624523	145458548	
A	39	7	11	22	27	32	37	42	
A	39	18579	729728	1586910	2324974	4469986	9621407	145397498	
A	40	7	11	22	27	32	37	42	
A	40	19036	771212	1603069	2379522	4566288	9846187	146152616	
A	41	7	11	22	27	32	37	42	
A	41	20315	770499	1582627	2363146	4517659	9758882	145678710	
A	42	7	11	22	27	32	37	42	
A	42	20703	786117	1604928	2399775	4560263	9811064	145203616	
A	43	7	11	22	27	32	37	42	
A	43	21605	812427	1654859	2470574	4645257	10000201	144987439	
A	44	7	11	22	27	32	37	42	
A	44	22088	801193	1633623	2454197	4586877	9866577	144956590	
A	45	7	11	22	27	32	37	42	
A	45	23028	826098	1671883	2515404	4661147	9970006	145291226	
A	46	7	11	22	27	32	37	42	
A	46	24135	852059	1718591	2579136	4761552	10164522	145355408	
A	47	7	11	22	27	32	37	42	
A	47	24627	858684	1725369	2594777	4783339	10210449	145061995	
A	48	7	11	22	27	32	37	42	
A	48	25503	873711	1743254	2620631	4807450	10233191	144975007	
A	49	7	11	22	27	32	37	42	
A	49	27349	919613	1823982	2730592	4999259	10592955	145173185	
A	50	7	11	22	27	32	37	42	
A	50	27361	925191	1830587	2733361	4989732	10578247	145026086	
A	51	7	11	22	27	32	37	42	
A	51	28904	956309	1872383	2780052	5046160	10663813	145095949	
A	52	7	11	22	27	32	37	42	
A	52	29393	960518	1898707	2814362	5105055	10759705	145018127	
A	53	7	11	22	27	32	37	42	
A	53	31535	1053591	2009956	2926098	5222637	10905912	144689872	
A	54	7	11	22	27	32	37	42	
A	54	31578	1005673	2050567	2983540	5335633	11116502	144949231	
A	55	7	11	22	27	32	37	42	
A	55	32486	1052740	2036705	2977452	5341018	11199490	144909593	
A	56	7	11	22	27	32	37	42	
A	56	33315	1081652	2112916	3057714	5429923	11285919	144923161	
A	57	7	11	22	27	32	37	42	
A	57	33218	1061870	2095189	3045722	5441240	11352029	144959429	
A	58	7	11	22	27	32	37	42	
A	58	35228	1144762	2162129	3125644	5555670	11561340	144572039	
A	59	7	11	22	27	32	37	42	
A	59	34827	1112429	2178492	3142319	5573614	11526127	144778102	
A	60	7	11	22	27	32	37	42	
A	60	36592	1181262	2208704	3191547	5670965	11772337	145060041	
A	61	7	11	22	27	32	37	42	
A	61	37094	1189217	2244361	3237348	5733702	11839643	144768050	
A	62	7	11	22	27	32	37	42	
A	62	38243	1220910	2244931	3237638	5729224	11846885	144745416	
A	63	7	11	22	27	32	37	42	
A	63	38554	1241212	2263984	3256771	5749376	11845540	144703780	
A	64	7	11	22	27	32	37	42	
A	64	40446	1350639	2423782	3466598	6062360	12353549	145079209	
A	65	7	11	22	27	32	37	42	
A	65	42315	1418041	2493388	3532783	6164937	12622436	145255955	
A	66	7	11	22	27	32	37	42	
A	66	41890	1383360	2481310	3519867	6139599	12500321	145143606	
A	67	7	11	22	27	32	37	42	
A	67	44775	1508995	2571886	3624616	6278019	12769414	145230613	
A	68	7	11	22	27	32	37	42	
A	68	44479	1487905	2584664	3643585	6318445	12774059	144880716	
A	69	7	11	22	27	32	37	42	
A	69	45239	1523607	2565899	3634518	6330395	12890943	144879659	
A	70	7	11	22	27	32	37	42	
A	70	47561	1679144	2824657	3928954	6713005	13368912	145146413	
A	71	7	11	22	27	32	37	42	
A	71	48060	1764854	2941222	4032993	6787042	13403275	144933222	
A	72	7	11	22	27	32	37	42	
A	72	49004	1808742	2915918	4014053	6779126	13460141	144847031	
A	73	7	11	22	27	32	37	42	
A	73	50225	1801859	2878843	3979599	6755743	13454303	144822108	
A	74	7	11	22	27	32	37	42	
A	74	50398	1781822	2921375	4039434	6851130	13671864	144520744	
A	75	7	11	22	27	32	37	42	
A	75	51708	2117049	3316717	4720887	8246515	19926317	144830996	
A	76	7	11	22	27	32	37	42	
A	76	54391	2030247	3146251	4512237	7728696	16799273	144831139	
A	77	7	11	22	27	32	37	42	
A	77	54460	1913560	2950914	4192365	7187038	14933444	144639618	
A	78	7	11	22	27	32	37	42	
A	78	56077	1898851	2922700	4100440	6988110	14161902	144591186	
A	79	7	11	22	27	32	37	42	
A	79	56060	1900652	2922758	4075534	6929972	13894518	144490286	
A	80	7	11	22	27	32	37	42	
A	80	57026	1909353	2964025	4120228	6988675	13930308	144702645	
A	81	7	11	22	27	32	37	42	
A	81	60174	1959198	3017547	4177404	7079485	14086031	144815962	
A	82	7	11	22	27	32	37	42	
A	82	61366	2020094	3088508	4254569	7168471	14194088	144695533	
A	83	7	11	22	27	32	37	42	
A	83	60156	2008858	3118541	4295146	7244564	14319974	144278870	
A	84	7	11	22	27	32	37	42	
A	84	61745	2056208	3158077	4350907	7347395	14518982	144596278	
A	85	7	11	22	27	32	37	42	
A	85	62388	2106733	3235093	4449497	7493296	14757958	144688010	
A	86	7	11	22	27	32	37	42	
A	86	63338	2135530	3273926	4498835	7567854	14879786	144787898	
A	87	7	11	22	27	32	37	42	
A	87	65069	2185754	3339498	4564516	7643678	14993994	144395438	
A	88	7	11	22	27	32	37	42	
A	88	69348	2237449	3461057	4706548	7855003	15337301	144368534	
A	89	7	11	22	27	32	37	42	
A	89	68540	2287487	3497914	4758037	7936804	15498791	144344110	
A	90	7	11	22	27	32	37	42	
A	90	68536	2273737	3518197	4786136	7988393	15590911	144351708	
A	91	7	11	22	27	32	37	42	
A	91	69745	2341128	3600512	4889820	8156021	15930977	144360986	
A	92	7	11	22	27	32	37	42	
A	92	70833	2365200	3651398	4944905	8239770	16033424	144272381	
A	93	7	11	22	27	32	37	42	
A	93	71135	2377421	3658902	4963341	8267180	16084096	144154190	
A	94	7	11	22	27	32	37	42	
A	94	73816	2456028	3769467	5096187	8474966	16422858	144317349	
A	95	7	11	22	27	32	37	42	
A	95	75933	2517466	3856710	5206760	8656935	16750063	144541216	
A	96	7	11	22	27	32	37	42	
A	96	76931	2542920	3883601	5240766	8710299	16859570	144473093	
A	97	7	11	22	27	32	37	42	
A	97	77315	2571503	3918514	5287507	8794550	16986619	144362306	
A	98	7	11	22	27	32	37	42	
A	98	78544	2646598	4033642	5431529	9029709	17436955	144268296	
A	99	7	11	22	27	32	37	42	
A	99	79525	2703928	4120044	5541404	9192387	17686298	144200341	
A	100	7	11	22	27	32	37	42	
A	100	80363	2752999	4187670	5627788	9338537	17970747	144446951	
A	101	7	11	22	27	32	37	42	
A	101	81472	2794841	4241506	5693068	9442969	18136446	144345947	
A	102	7	11	22	27	32	37	42	
A	102	83230	2830200	4312509	5786235	9607631	18396842	144394385	
A	103	7	11	22	27	32	37	42	
A	103	85010	2911182	4411909	5924522	9859248	18831572	144294278	
A	104	7	11	22	27	32	37	42	
A	104	86478	2959158	4478900	6011773	10010187	19084107	144348116	
A	105	7	11	22	27	32	37	42	
A	105	89168	3085428	4651752	6227979	10343338	19609601	144575398	
A	106	7	11	22	27	32	37	42	
A	106	89804	3116070	4722574	6324253	10522080	19936698	144542256	
A	107	7	11	22	27	32	37	42	
A	107	90563	3174295	4802492	6417248	10701182	20235050	144485793	
A	108	7	11	22	27	32	37	42	
A	108	91312	3241053	4898555	6539894	10909001	20520689	144351841	
A	109	7	11	22	27	32	37	42	
A	109	92752	3309086	5037878	6716285	11189232	21010212	144474315	
A	110	7	11	22	27	32	37	42	
A	110	94421	3435335	5196665	6927562	11556950	21560471	144595510	
A	111	7	11	22	27	32	37	42	
A	111	95454	3515168	5324610	7083864	11771941	21920709	144592947	
A	112	7	11	22	27	32	37	42	
A	112	97744	3548933	5435574	7228390	12027328	22321174	144581423	
A	113	7	11	22	27	32	37	42	
A	113	99444	3625899	5534359	7354712	12242902	22731632	144455577	
A	114	7	11	22	27	32	37	42	
A	114	100307	3692425	5630753	7507440	12537669	23116992	144407087	
A	115	7	11	22	27	32	37	42	
A	115	104315	3963433	6013044	7984540	13318180	24233520	144469921	
A	116	7	11	22	27	32	37	42	
A	116	104482	4011538	6195619	8256782	13718090	24840016	144437056	
A	117	7	11	22	27	32	37	42	
A	117	103111	3920693	6069121	8149574	13756766	25007566	144390985	
A	118	7	11	22	27	32	37	42	
A	118	105767	4025969	6170201	8266274	13970186	25474965	144333231	
A	119	7	11	22	27	32	37	42	
A	119	107818	4189479	6453422	8604658	14381197	26040913	144303988	
A	120	7	11	22	27	32	37	42	
A	120	108145	4200099	6535715	8750960	14728733	26602649	144417772	
A	121	7	11	22	27	32	37	42	
A	121	110719	4292983	6702420	8992469	15116306	27326407	144699945	
A	122	7	11	22	27	32	37	42	
A	122	111989	4354422	6800440	9179636	15459306	27875064	144423142	
A	123	7	11	22	27	32	37	42	
A	123	113967	4453669	6923684	9400106	15834681	28426418	144267904	
A	124	7	11	22	27	32	37	42	
A	124	116288	4588608	7132030	9722692	16364473	29264197	144414120	
A	125	7	11	22	27	32	37	42	
A	125	117869	4688148	7324679	10044083	16910203	30082508	144502912	
A	126	7	11	22	27	32	37	42	
A	126	119644	4796757	7446639	10329056	17290280	30701327	144657404	
A	127	7	11	22	27	32	37	42	
A	127	122200	4884254	7617057	10599675	17735869	31469998	144598085	
A	128	7	11	22	27	32	37	42	
A	128	122768	4952771	7767370	10819907	18070343	31958773	144381704	
A	129	7	11	22	27	32	37	42	
A	129	127096	5161618	8078099	11227809	18666546	32877499	144468128	
A	130	7	11	22	27	32	37	42	
A	130	128173	5323674	8356215	11652645	19334662	33916630	144651255	
A	131	7	11	22	27	32	37	42	
A	131	131666	5379373	8481914	11864252	19755799	34558486	144587553	
A	132	7	11	22	27	32	37	42	
A	132	133575	5512229	8690737	12223631	20284149	35348157	144438932	
A	133	7	11	22	27	32	37	42	
A	133	136105	5593133	8866340	12548020	20795267	36147086	144374273	
A	134	7	11	22	27	32	37	42	
A	134	137552	5715129	9032219	12931198	21291061	36887368	144360577	
A	135	7	11	22	27	32	37	42	
A	135	139809	5917351	9327994	13470618	21884668	37728283	144602759	
A	136	7	11	22	27	32	37	42	
A	136	143344	6151170	9674152	14022220	22572601	38685214	144547570	
A	137	7	11	22	27	32	37	42	
A	137	145582	6270597	9852952	14429244	23118844	39536650	144383053	
A	138	7	11	22	27	32	37	42	
A	138	147021	6370170	10017892	14810229	23596426	40268413	144346440	
A	139	7	11	22	27	32	37	42	
A	139	148513	6501797	10211329	15186275	24119355	41002311	144344803	
A	140	7	11	22	27	32	37	42	
A	140	151249	6697159	10488371	15608597	24900507	42072866	144579516	
A	141	7	11	22	27	32	37	42	
A	141	153701	6827704	10696542	16018365	25513009	42946332	144624566	
A	142	7	11	22	27	32	37	42	
A	142	157126	7035412	10952380	16445645	26292210	43913011	144553697	
A	143	7	11	22	27	32	37	42	
A	143	157960	7130727	11084358	16719825	26863342	44685726	144380953	
A	144	7	11	22	27	32	37	42	
A	144	160204	7324046	11399486	17260458	27731065	45906250	144549161	
A	145	7	11	22	27	32	37	42	
A	145	163761	7536418	11690127	17751864	28515607	46973191	144654342	
A	146	7	11	22	27	32	37	42	
A	146	166850	7778622	12091026	18309034	29391191	48123775	144708667	
A	147	7	11	22	27	32	37	42	
A	147	168762	7933861	12265010	18751275	29960642	48841012	144657873	
A	148	7	11	22	27	32	37	42	
A	148	172350	8059192	12448968	19088685	30627617	49772579	144571091	
A	149	7	11	22	27	32	37	42	
A	149	174422	8296638	12758586	19719299	31209615	50550852	144533741	
A	150	7	11	22	27	32	37	42	
A	150	303684	15279498	25135593	39080014	58689827	83473395	143967309	
T	0	11	27	32	37	
T	0	1243197	5153118	126504341	126504467	
T	1	11	27	32	37	
T	1	1348350	5942491	155484061	155829751	
T	2	11	27	32	37	
T	2	1279227	4825314	16098468	151157960	
T	3	11	27	32	37	
T	3	903348	3182787	8326706	155574294	
T	4	11	27	32	37	
T	4	665927	2478166	6494845	151300302	
T	5	11	27	32	37	42	
T	5	505742	1820669	4837166	13288241	148582176	
T	6	11	27	32	37	42	
T	6	402221	1644324	4516256	11757663	148398710	
T	7	11	27	32	37	42	
T	7	445377	1771866	4691211	11889397	153246757	
T	8	11	22	27	32	37	42	
T	8	414930	417524	1648988	4380886	11038006	154243729	
T	9	11	22	27	32	37	42	
T	9	375378	380484	1554885	4180882	10523290	149961418	
T	10	11	22	27	32	37	42	
T	10	350213	358300	1470615	3947599	9972964	150030652	
T	11	11	22	27	32	37	42	
T	11	365727	376983	1525347	4031631	10172122	149824114	
T	12	11	22	27	32	37	42	
T	12	359819	372891	1498229	3953747	9971016	150469768	
T	13	11	22	27	32	37	42	
T	13	376226	391200	1547458	4030130	10154239	150118856	
T	14	7	11	22	27	32	37	42	
T	14	9	430392	447802	1623204	4119023	10252999	149425610	
T	15	7	11	22	27	32	37	42	
T	15	70	379081	403739	1554215	4083156	10184828	149959417	
T	16	7	11	22	27	32	37	42	
T	16	234	393368	435044	1599801	4113532	10301581	150212667	
T	17	7	11	22	27	32	37	42	
T	17	339	402612	456410	1605680	4091929	10213519	150007640	
T	18	7	11	22	27	32	37	42	
T	18	610	387559	463524	1604752	4138515	10283000	150239790	
T	19	7	11	22	27	32	37	42	
T	19	1221	382380	509244	1601268	4047187	10015406	149264497	
T	20	7	11	22	27	32	37	42	
T	20	2009	398846	595639	1675844	4153710	10182654	149006876	
T	21	7	11	22	27	32	37	42	
T	21	3741	407796	730110	1736431	4170006	10077562	149087664	
T	22	7	11	22	27	32	37	42	
T	22	4911	410329	822922	1780938	4215908	10138174	148899923	
T	23	7	11	22	27	32	37	42	
T	23	6648	437127	1000013	1920957	4415209	10362054	148694490	
T	24	7	11	22	27	32	37	42	
T	24	7685	448472	1069224	1955386	4432773	10396709	148230330	
T	25	7	11	22	27	32	37	42	
T	25	13222	708954	1433849	2289100	4722127	10632559	148204096	
T	26	7	11	22	27	32	37	42	
T	26	14448	733716	1538324	2370415	4812861	10701314	148164624	
T	27	7	11	22	27	32	37	42	
T	27	15847	758374	1607993	2429421	4871910	10756609	148032717	
T	28	7	11	22	27	32	37	42	
T	28	16829	811316	1717462	2569934	5111481	11185226	148324874	
T	29	7	11	22	27	32	37	42	
T	29	17157	814248	1723613	2564124	5083214	11095026	147882938	
T	30	7	11	22	27	32	37	42	
T	30	17791	825616	1737014	2569615	5063968	11040026	147386338	
T	31	7	11	22	27	32	37	42	
T	31	18470	850252	1785645	2623199	5146271	11178465	147454394	
T	32	7	11	22	27	32	37	42	
T	32	20372	941251	1936220	2812057	5448112	11636507	147688149	
T	33	7	11	22	27	32	37	42	
T	33	20934	901340	1881092	2759449	5329366	11448871	147411321	
T	34	7	11	22	27	32	37	42	
T	34	21985	925861	1925991	2781777	5384989	11608247	147086312	
T	35	7	11	22	27	32	37	42	
T	35	22878	966220	1992848	2873053	5519996	11788387	147260694	
T	36	7	11	22	27	32	37	42	
T	36	23765	962650	2005222	2878430	5511247	11779538	147048154	
T	37	7	11	22	27	32	37	42	
T	37	24520	977932	2015590	2901261	5513716	11760439	147091403	
T	38	7	11	22	27	32	37	42	
T	38	26204	1065513	2145723	3066143	5735409	12109979	146939751	
T	39	7	11	22	27	32	37	42	
T	39	26361	1024071	2162425	3065886	5699192	11999289	146727596	
T	40	7	11	22	27	32	37	42	
T	40	27476	1041608	2110889	3031110	5635374	11947351	146278979	
T	41	7	11	22	27	32	37	42	
T	41	29248	1159629	2324597	3307209	6017130	12451249	146930037	
T	42	7	11	22	27	32	37	42	
T	42	29611	1124662	2248710	3235542	5903848	12371830	146926319	
T	43	7	11	22	27	32	37	42	
T	43	30519	1306354	2536660	3579777	6311555	12928957	147037496	
T	44	7	11	22	27	32	37	42	
T	44	30853	1156252	2308571	3331409	5985056	12491474	146586943	
T	45	7	11	22	27	32	37	42	
T	45	31842	1173440	2327068	3367730	6010150	12513226	146374577	
T	46	7	11	22	27	32	37	42	
T	46	33591	1224630	2421299	3500228	6226544	12894887	146767413	
T	47	7	11	22	27	32	37	42	
T	47	33547	1223058	2408174	3482873	6163064	12779010	146765978	
T	48	7	11	22	27	32	37	42	
T	48	34356	1249738	2453259	3552636	6275876	12996361	146625237	
T	49	7	11	22	27	32	37	42	
T	49	35190	1286161	2511327	3623708	6387961	13175159	146045107	
T	50	7	11	22	27	32	37	42	
T	50	36111	1296812	2525818	3635385	6391961	13175537	146362218	
T	51	7	11	22	27	32	37	42	
T	51	37480	1337980	2586752	3706916	6485203	13318670	146309932	
T	52	7	11	22	27	32	37	42	
T	52	38648	1356056	2633240	3767183	6584172	13491986	146478939	
T	53	7	11	22	27	32	37	42	
T	53	41472	1495654	2844514	4007039	6895009	13902908	146774404	
T	54	7	11	22	27	32	37	42	
T	54	41806	1401319	2778671	3922489	6771206	13724856	145854603	
T	55	7	11	22	27	32	37	42	
T	55	45285	1481802	2837663	4006103	6940517	14069584	146310226	
T	56	7	11	22	27	32	37	42	
T	56	44918	1479257	2853498	4023674	6926678	14072159	146413768	
T	57	7	11	22	27	32	37	42	
T	57	45929	1476045	2859775	4033767	6971554	14132979	146338839	
T	58	7	11	22	27	32	37	42	
T	58	47510	1577465	2968223	4186120	7199892	14560304	146429021	
T	59	7	11	22	27	32	37	42	
T	59	47143	1529318	2925460	4104986	7042965	14196535	145743300	
T	60	7	11	22	27	32	37	42	
T	60	49294	1593575	2945811	4136504	7100018	14332574	145510606	
T	61	7	11	22	27	32	37	42	
T	61	50097	1679580	3110514	4354567	7439051	14856743	146321777	
T	62	7	11	22	27	32	37	42	
T	62	50684	1680578	3061314	4295387	7363544	14854227	146396861	
T	63	7	11	22	27	32	37	42	
T	63	51790	1697562	3060795	4279436	7325797	14674208	145937070	
T	64	7	11	22	27	32	37	42	
T	64	53369	1760707	3136902	4377978	7476091	14942780	145819051	
T	65	7	11	22	27	32	37	42	
T	65	54622	1847357	3233179	4488793	7626154	15197812	145668452	
T	66	7	11	22	27	32	37	42	
T	66	55225	1857793	3280607	4545460	7708756	15298414	145725749	
T	67	7	11	22	27	32	37	42	
T	67	56756	1979011	3363085	4647917	7863299	15618954	145811865	
T	68	7	11	22	27	32	37	42	
T	68	57293	1985497	3398613	4683161	7899193	15605566	145841658	
T	69	7	11	22	27	32	37	42	
T	69	57939	2034141	3386008	4680534	7910543	15708787	145635571	
T	70	7	11	22	27	32	37	42	
T	70	59905	2103126	3451763	4754307	8004273	15813830	145399330	
T	71	7	11	22	27	32	37	42	
T	71	60386	2178554	3549583	4868914	8157293	16008875	145664975	
T	72	7	11	22	27	32	37	42	
T	72	61459	2243869	3602580	4933118	8245599	16162856	145707435	
T	73	7	11	22	27	32	37	42	
T	73	62712	2291859	3650353	4982823	8318331	16256831	145697298	
T	74	7	11	22	27	32	37	42	
T	74	64393	2271898	3714915	5080995	8480555	16631943	145729986	
T	75	7	11	22	27	32	37	42	
T	75	63026	2621559	4125175	5750953	9903232	23908475	145529793	
T	76	7	11	22	27	32	37	42	
T	76	69116	2616227	4048572	5660554	9462415	19862753	145804755	
T	77	7	11	22	27	32	37	42	
T	77	70519	2500306	3854918	5344631	8941578	17954643	145937583	
T	78	7	11	22	27	32	37	42	
T	78	69352	2463316	3794463	5222291	8700705	17132319	145565419	
T	79	7	11	22	27	32	37	42	
T	79	69953	2464357	3789695	5188222	8622938	16844597	145436160	
T	80	7	11	22	27	32	37	42	
T	80	71407	2489835	3851899	5246216	8686860	16863553	145526474	
T	81	7	11	22	27	32	37	42	
T	81	72409	2521827	3886237	5293552	8790686	17074252	145679977	
T	82	7	11	22	27	32	37	42	
T	82	75212	2620941	4013920	5440889	8979181	17323902	145928399	
T	83	7	11	22	27	32	37	42	
T	83	76100	2639784	4077340	5512289	9087671	17491630	145751704	
T	84	7	11	22	27	32	37	42	
T	84	77365	2670936	4094012	5539538	9127119	17551934	145484736	
T	85	7	11	22	27	32	37	42	
T	85	77536	2718202	4165095	5631318	9267541	17773978	145627816	
T	86	7	11	22	27	32	37	42	
T	86	78340	2758085	4217950	5693476	9351681	17914074	145637214	
T	87	7	11	22	27	32	37	42	
T	87	80675	2837813	4324054	5815025	9527214	18180914	145620414	
T	88	7	11	22	27	32	37	42	
T	88	82409	2869498	4417350	5925199	9689381	18447258	145540877	
T	89	7	11	22	27	32	37	42	
T	89	85793	2953269	4499905	6019546	9818470	18631823	145564696	
T	90	7	11	22	27	32	37	42	
T	90	85411	2931781	4511538	6034770	9839159	18683194	145592698	
T	91	7	11	22	27	32	37	42	
T	91	88012	3022721	4624230	6177236	10068313	19092293	145692863	
T	92	7	11	22	27	32	37	42	
T	92	89435	3071516	4716306	6287436	10235129	19330087	145904864	
T	93	7	11	22	27	32	37	42	
T	93	90750	3093806	4731890	6311150	10269198	19399250	145595699	
T	94	7	11	22	27	32	37	42	
T	94	95430	3181111	4843796	6437505	10442889	19625128	145523712	
T	95	7	11	22	27	32	37	42	
T	95	96940	3203000	4873578	6477530	10521128	19784050	145307650	
T	96	7	11	22	27	32	37	42	
T	96	100104	3279282	4970344	6590946	10683027	20064371	145472041	
T	97	7	11	22	27	32	37	42	
T	97	102005	3344010	5053909	6700597	10856833	20334405	145570850	
T	98	7	11	22	27	32	37	42	
T	98	103374	3406744	5151808	6824148	11067583	20701435	145467965	
T	99	7	11	22	27	32	37	42	
T	99	106219	3482455	5260037	6953699	11249301	20975995	145397108	
T	100	7	11	22	27	32	37	42	
T	100	106908	3500543	5279193	6978566	11301632	21084725	145161193	
T	101	7	11	22	27	32	37	42	
T	101	110499	3570437	5375536	7099679	11491472	21384169	145514962	
T	102	7	11	22	27	32	37	42	
T	102	113058	3644518	5494444	7248920	11739007	21743878	145402556	
T	103	7	11	22	27	32	37	42	
T	103	117443	3744313	5609599	7406549	12006824	22144942	145355535	
T	104	7	11	22	27	32	37	42	
T	104	117756	3780883	5655101	7470753	12140507	22361703	145246677	
T	105	7	11	22	27	32	37	42	
T	105	118775	3854753	5758966	7603222	12341734	22675995	145232746	
T	106	7	11	22	27	32	37	42	
T	106	121610	3950915	5920969	7816923	12712277	23277098	145509048	
T	107	7	11	22	27	32	37	42	
T	107	121519	4020871	6010037	7934248	12919954	23594906	145570613	
T	108	7	11	22	27	32	37	42	
T	108	122577	4086191	6114038	8070528	13153183	23880510	145218779	
T	109	7	11	22	27	32	37	42	
T	109	125010	4169237	6263082	8254299	13436795	24346459	145378897	
T	110	7	11	22	27	32	37	42	
T	110	126009	4273508	6388443	8427059	13726527	24720735	145107850	
T	111	7	11	22	27	32	37	42	
T	111	127864	4368338	6527306	8605787	14008487	25211454	145211520	
T	112	7	11	22	27	32	37	42	
T	112	128814	4456671	6715227	8857179	14401824	25754818	145423010	
T	113	7	11	22	27	32	37	42	
T	113	130625	4530520	6814631	8988549	14625209	26143629	145548212	
T	114	7	11	22	27	32	37	42	
T	114	131317	4595137	6877390	9102203	14874207	26434401	145226174	
T	115	7	11	22	27	32	37	42	
T	115	134521	4797603	7195610	9514077	15579627	27421754	145194869	
T	116	7	11	22	27	32	37	42	
T	116	135052	4932210	7464339	9889559	16112638	28153319	145232918	
T	117	7	11	22	27	32	37	42	
T	117	134142	4913099	7462890	9951840	16412417	28696572	145426129	
T	118	7	11	22	27	32	37	42	
T	118	137683	5010397	7516239	10008324	16527149	28967587	145263554	
T	119	7	11	22	27	32	37	42	
T	119	138884	5132125	7795897	10335830	16901962	29450530	145139385	
T	120	7	11	22	27	32	37	42	
T	120	140297	5152183	7850971	10444890	17170623	29868267	145012573	
T	121	7	11	22	27	32	37	42	
T	121	143479	5298343	8079145	10769118	17680575	30717793	145185326	
T	122	7	11	22	27	32	37	42	
T	122	145728	5440034	8294546	11116821	18267852	31586757	145361080	
T	123	7	11	22	27	32	37	42	
T	123	146346	5531800	8411513	11323108	18606239	32082078	145249994	
T	124	7	11	22	27	32	37	42	
T	124	150474	5664924	8597049	11616103	19046289	32681027	145221878	
T	125	7	11	22	27	32	37	42	
T	125	152610	5772620	8781596	11933514	19590799	33500883	145247674	
T	126	7	11	22	27	32	37	42	
T	126	154436	5894972	8912337	12238154	20010342	34143484	145172786	
T	127	7	11	22	27	32	37	42	
T	127	157502	6065468	9194081	12647380	20615752	35048940	145260596	
T	128	7	11	22	27	32	37	42	
T	128	160088	6142304	9350640	12868128	20953625	35570961	145194129	
T	129	7	11	22	27	32	37	42	
T	129	163192	6333696	9642741	13259314	21511741	36433783	145050691	
T	130	7	11	22	27	32	37	42	
T	130	164394	6484779	9888153	13627359	22085523	37315586	145039180	
T	131	7	11	22	27	32	37	42	
T	131	168817	6584582	10070503	13931363	22642997	38123677	145214931	
T	132	7	11	22	27	32	37	42	
T	132	170990	6780249	10368850	14389310	23287619	39017072	145250718	
T	133	7	11	22	27	32	37	42	
T	133	173143	6883998	10553768	14719364	23798433	39823341	145194302	
T	134	7	11	22	27	32	37	42	
T	134	175129	6968204	10664221	15025145	24164618	40384037	145162910	
T	135	7	11	22	27	32	37	42	
T	135	177261	7151592	10919866	15519100	24679548	41075454	145165448	
T	136	7	11	22	27	32	37	42	
T	136	180893	7449403	11356347	16217644	25584931	42319199	145396269	
T	137	7	11	22	27	32	37	42	
T	137	184433	7655449	11642850	16745026	26255830	43267178	145518441	
T	138	7	11	22	27	32	37	42	
T	138	185129	7782770	11826048	17136289	26730184	43985283	145480160	
T	139	7	11	22	27	32	37	42	
T	139	187046	7896394	11986886	17480551	27222007	44672696	145454154	
T	140	7	11	22	27	32	37	42	
T	140	189828	8060424	12209439	17820741	27864889	45515110	145414968	
T	141	7	11	22	27	32	37	42	
T	141	193652	8267975	12501410	18348044	28663044	46588042	145514456	
T	142	7	11	22	27	32	37	42	
T	142	196018	8511626	12813084	18834200	29502874	47574811	145538307	
T	143	7	11	22	27	32	37	42	
T	143	197765	8625143	12963134	19118741	30079523	48330937	145616296	
T	144	7	11	22	27	32	37	42	
T	144	201452	8789319	13213321	19556353	30790881	49304248	145327811	
T	145	7	11	22	27	32	37	42	
T	145	204769	9009131	13491845	20004482	31529143	50268885	145482497	
T	146	7	11	22	27	32	37	42	
T	146	207991	9293718	13948429	20662400	32543292	51591374	145622808	
T	147	7	11	22	27	32	37	42	
T	147	211012	9542551	14232368	21228490	33264755	52450339	145725720	
T	148	7	11	22	27	32	37	42	
T	148	212625	9677280	14440274	21593990	33967724	53405082	145762573	
T	149	7	11	22	27	32	37	42	
T	149	214971	9900993	14696448	22135583	34451624	54076730	145717138	
T	150	7	11	22	27	32	37	42	
T	150	350544	17829149	27764213	41690204	61525463	86192852	146497770	
G	0	11	27	32	37	
G	0	363316	1832122	85656678	85656783	
G	1	11	27	32	37	
G	1	294523	1781228	93806388	94218799	
G	2	11	27	32	37	
G	2	274143	1446714	6621136	89531178	
G	3	11	27	32	37	
G	3	311703	1193761	3534620	91655137	
G	4	11	27	32	37	
G	4	174023	827865	2656935	98363128	
G	5	11	27	32	37	42	
G	5	261257	942455	2576380	7864619	97880283	
G	6	11	27	32	37	42	
G	6	116468	653872	2047280	6275997	99464769	
G	7	11	22	27	32	37	42	
G	7	103967	105028	585230	1819550	5467974	94672522	
G	8	11	22	27	32	37	42	
G	8	125805	128092	599728	1790874	5278249	95553775	
G	9	11	22	27	32	37	42	
G	9	107089	111567	613843	1856638	5429826	97728156	
G	10	11	22	27	32	37	42	
G	10	106890	113840	619115	1808641	5303444	96923435	
G	11	11	22	27	32	37	42	
G	11	104399	112762	611439	1776848	5207376	97079633	
G	12	11	22	27	32	37	42	
G	12	114603	124790	649630	1837156	5333137	96651576	
G	13	11	22	27	32	37	42	
G	13	111079	121603	614570	1737974	5157171	97138157	
G	14	7	11	22	27	32	37	42	
G	14	27	179798	192322	728707	1909075	5377241	97464010	
G	15	7	11	22	27	32	37	42	
G	15	200	125098	141692	688905	1942950	5482188	97644358	
G	16	7	11	22	27	32	37	42	
G	16	843	121521	147443	678759	1878023	5418272	97790844	
G	17	7	11	22	27	32	37	42	
G	17	1258	159781	191315	722363	1913151	5397519	97499143	
G	18	7	11	22	27	32	37	42	
G	18	1684	124055	163881	684707	1895696	5394518	97934341	
G	19	7	11	22	27	32	37	42	
G	19	3104	134205	201105	754579	2022630	5633081	98661552	
G	20	7	11	22	27	32	37	42	
G	20	4870	141309	234106	770672	2024527	5569119	98655012	
G	21	7	11	22	27	32	37	42	
G	21	8289	153538	303335	830936	2113088	5656779	98829260	
G	22	7	11	22	27	32	37	42	
G	22	10859	163256	355821	876981	2185687	5746334	98964014	
G	23	7	11	22	27	32	37	42	
G	23	14959	178348	440167	954086	2304453	5874903	99476842	
G	24	7	11	22	27	32	37	42	
G	24	17405	190920	479847	986129	2344225	5936784	99448900	
G	25	7	11	22	27	32	37	42	
G	25	33306	315529	647956	1141216	2481525	6009393	99675942	
G	26	7	11	22	27	32	37	42	
G	26	36923	341019	718758	1215032	2588575	6152883	99687272	
G	27	7	11	22	27	32	37	42	
G	27	41910	375942	797712	1307668	2747549	6394877	100037349	
G	28	7	11	22	27	32	37	42	
G	28	44819	391003	818424	1328239	2751828	6383900	100118256	
G	29	7	11	22	27	32	37	42	
G	29	46104	400141	835133	1347301	2782023	6438234	100306617	
G	30	7	11	22	27	32	37	42	
G	30	49706	424418	880165	1405248	2871970	6584792	100737032	
G	31	7	11	22	27	32	37	42	
G	31	52246	432870	888879	1410493	2870888	6574278	100685375	
G	32	7	11	22	27	32	37	42	
G	32	59230	503701	987621	1522118	3015413	6779154	100563664	
G	33	7	11	22	27	32	37	42	
G	33	59289	480656	974782	1527776	3043145	6849097	100776484	
G	34	7	11	22	27	32	37	42	
G	34	62701	492178	982681	1520310	3033214	6866702	100859051	
G	35	7	11	22	27	32	37	42	
G	35	65853	520725	1021744	1568786	3082322	6923938	100782669	
G	36	7	11	22	27	32	37	42	
G	36	67181	527770	1051608	1611811	3172825	7093263	101159148	
G	37	7	11	22	27	32	37	42	
G	37	70291	536014	1051550	1614073	3157647	7084886	101067925	
G	38	7	11	22	27	32	37	42	
G	38	82002	672580	1233298	1825210	3421472	7461177	101533551	
G	39	7	11	22	27	32	37	42	
G	39	75319	582425	1170963	1757321	3354130	7375278	101333707	
G	40	7	11	22	27	32	37	42	
G	40	78489	596122	1146073	1746973	3344717	7435567	101489731	
G	41	7	11	22	27	32	37	42	
G	41	81704	609750	1153742	1757979	3333461	7346842	101121311	
G	42	7	11	22	27	32	37	42	
G	42	84571	632477	1181743	1802283	3389059	7452199	101171645	
G	43	7	11	22	27	32	37	42	
G	43	89372	668921	1238241	1873062	3484487	7617366	101264633	
G	44	7	11	22	27	32	37	42	
G	44	89314	662194	1229000	1870717	3480877	7631243	101320453	
G	45	7	11	22	27	32	37	42	
G	45	94074	702917	1295650	1973083	3644166	7978798	101734968	
G	46	7	11	22	27	32	37	42	
G	46	96207	707252	1291374	1954413	3589599	7780889	101461989	
G	47	7	11	22	27	32	37	42	
G	47	98864	719705	1308439	1978887	3622036	7863172	101499192	
G	48	7	11	22	27	32	37	42	
G	48	102670	740806	1335470	2013134	3668509	7939747	101513922	
G	49	7	11	22	27	32	37	42	
G	49	108640	793071	1427463	2137675	3884386	8314382	101852477	
G	50	7	11	22	27	32	37	42	
G	50	111371	782613	1399299	2092920	3788981	8173510	101391646	
G	51	7	11	22	27	32	37	42	
G	51	118463	826036	1463483	2168427	3891796	8294329	101598224	
G	52	7	11	22	27	32	37	42	
G	52	122579	845487	1517263	2238088	4021601	8548337	101763084	
G	53	7	11	22	27	32	37	42	
G	53	141037	961935	1649048	2368625	4136533	8663928	101754994	
G	54	7	11	22	27	32	37	42	
G	54	134937	893115	1632735	2366258	4177204	8754624	102059898	
G	55	7	11	22	27	32	37	42	
G	55	143281	944011	1645567	2378792	4192492	8835254	101921908	
G	56	7	11	22	27	32	37	42	
G	56	149883	980393	1717883	2461636	4295079	8936618	101879335	
G	57	7	11	22	27	32	37	42	
G	57	150733	941008	1669823	2413433	4249119	8913187	101552331	
G	58	7	11	22	27	32	37	42	
G	58	163788	1055047	1793519	2552243	4426657	9183996	101864115	
G	59	7	11	22	27	32	37	42	
G	59	163729	1030640	1818424	2605854	4538806	9372293	102004237	
G	60	7	11	22	27	32	37	42	
G	60	173798	1076948	1819886	2597293	4507903	9326908	101887510	
G	61	7	11	22	27	32	37	42	
G	61	176971	1070942	1824512	2605214	4519503	9335262	101660725	
G	62	7	11	22	27	32	37	42	
G	62	182875	1113104	1867527	2654706	4587255	9445788	101778526	
G	63	7	11	22	27	32	37	42	
G	63	185479	1132400	1899794	2710604	4702552	9668628	102252488	
G	64	7	11	22	27	32	37	42	
G	64	192802	1174396	1938211	2746692	4724813	9665894	102054290	
G	65	7	11	22	27	32	37	42	
G	65	201164	1274783	2066390	2884866	4895602	9905035	101937536	
G	66	7	11	22	27	32	37	42	
G	66	201825	1233772	2041164	2866036	4895343	9950389	101891366	
G	67	7	11	22	27	32	37	42	
G	67	214561	1378118	2187732	3025362	5076956	10212570	101665991	
G	68	7	11	22	27	32	37	42	
G	68	212215	1319313	2132259	2972086	5037009	10172104	101724006	
G	69	7	11	22	27	32	37	42	
G	69	216486	1336369	2116362	2968239	5055663	10274685	102091194	
G	70	7	11	22	27	32	37	42	
G	70	223135	1407649	2187651	3045488	5143209	10360954	102220008	
G	71	7	11	22	27	32	37	42	
G	71	226901	1442488	2244192	3110967	5236674	10506077	102113647	
G	72	7	11	22	27	32	37	42	
G	72	232890	1508129	2320243	3196782	5341179	10658082	102200948	
G	73	7	11	22	27	32	37	42	
G	73	231798	1504877	2305602	3179341	5319479	10629644	102173621	
G	74	7	11	22	27	32	37	42	
G	74	236569	1510004	2340826	3224934	5380405	10695479	102061614	
G	75	7	11	22	27	32	37	42	
G	75	254504	1939925	3084094	4364114	8194314	24707763	102093729	
G	76	7	11	22	27	32	37	42	
G	76	254168	1758949	2668261	3754180	6471782	14760899	101862675	
G	77	7	11	22	27	32	37	42	
G	77	255598	1688925	2518512	3498688	5900538	12348817	101882232	
G	78	7	11	22	27	32	37	42	
G	78	259255	1681142	2490565	3428461	5707638	11527642	102305554	
G	79	7	11	22	27	32	37	42	
G	79	264990	1712231	2515976	3432416	5664303	11238485	102312344	
G	80	7	11	22	27	32	37	42	
G	80	267612	1694690	2516348	3429815	5651364	11150289	102258284	
G	81	7	11	22	27	32	37	42	
G	81	273252	1713466	2532962	3448322	5685012	11209607	102091845	
G	82	7	11	22	27	32	37	42	
G	82	280799	1789353	2615558	3534345	5773870	11291328	102168437	
G	83	7	11	22	27	32	37	42	
G	83	281144	1785559	2652320	3589232	5878958	11465461	102305854	
G	84	7	11	22	27	32	37	42	
G	84	289943	1831641	2691993	3635030	5944870	11569830	102003661	
G	85	7	11	22	27	32	37	42	
G	85	291657	1865057	2738905	3692417	6027152	11708022	101850072	
G	86	7	11	22	27	32	37	42	
G	86	302751	1912877	2801979	3765021	6123667	11843890	101946180	
G	87	7	11	22	27	32	37	42	
G	87	307101	1959264	2857865	3828696	6217985	12009639	102094089	
G	88	7	11	22	27	32	37	42	
G	88	315946	1996242	2949646	3943450	6390211	12285836	102231259	
G	89	7	11	22	27	32	37	42	
G	89	320590	2042365	2982773	3978526	6441717	12365482	102111996	
G	90	7	11	22	27	32	37	42	
G	90	321442	2023395	2987456	3989197	6474565	12452742	102066964	
G	91	7	11	22	27	32	37	42	
G	91	332607	2118546	3122608	4148503	6686272	12727222	101994259	
G	92	7	11	22	27	32	37	42	
G	92	331906	2098315	3093077	4118147	6670570	12741536	101900383	
G	93	7	11	22	27	32	37	42	
G	93	344865	2161065	3168383	4209050	6803406	12948692	102080259	
G	94	7	11	22	27	32	37	42	
G	94	351253	2192180	3210491	4261963	6894612	13068265	102091990	
G	95	7	11	22	27	32	37	42	
G	95	354677	2214169	3239994	4303988	6976363	13210212	102102821	
G	96	7	11	22	27	32	37	42	
G	96	361127	2251627	3285117	4356501	7069444	13395522	102181419	
G	97	7	11	22	27	32	37	42	
G	97	368513	2292351	3337470	4418864	7164689	13497523	102050542	
G	98	7	11	22	27	32	37	42	
G	98	374914	2369681	3453484	4564502	7396448	13859119	102205408	
G	99	7	11	22	27	32	37	42	
G	99	382934	2415285	3521109	4650455	7535957	14086122	102282238	
G	100	7	11	22	27	32	37	42	
G	100	394318	2453872	3565421	4703533	7637669	14266263	102308981	
G	101	7	11	22	27	32	37	42	
G	101	397544	2483715	3598185	4744253	7700894	14336801	102120967	
G	102	7	11	22	27	32	37	42	
G	102	405114	2515225	3659346	4827803	7852314	14573732	102351906	
G	103	7	11	22	27	32	37	42	
G	103	417885	2602506	3762516	4961939	8073036	14919867	102227723	
G	104	7	11	22	27	32	37	42	
G	104	426162	2645599	3822082	5039487	8223745	15186288	102280457	
G	105	7	11	22	27	32	37	42	
G	105	430970	2711191	3899332	5139025	8374292	15402504	102165921	
G	106	7	11	22	27	32	37	42	
G	106	435483	2733752	3953835	5214284	8517520	15646519	102099593	
G	107	7	11	22	27	32	37	42	
G	107	445896	2837223	4098371	5385151	8766084	15981884	102119226	
G	108	7	11	22	27	32	37	42	
G	108	445899	2876170	4144818	5456520	8920053	16268236	102268253	
G	109	7	11	22	27	32	37	42	
G	109	451981	2906747	4208232	5537789	9045632	16456237	102012514	
G	110	7	11	22	27	32	37	42	
G	110	461098	3005694	4336359	5704653	9316596	16876926	102225738	
G	111	7	11	22	27	32	37	42	
G	111	471195	3116770	4472322	5866028	9539882	17248280	102189720	
G	112	7	11	22	27	32	37	42	
G	112	478071	3124876	4528171	5951436	9689487	17478802	102022369	
G	113	7	11	22	27	32	37	42	
G	113	483654	3198402	4615926	6061086	9874455	17766064	102060688	
G	114	7	11	22	27	32	37	42	
G	114	488026	3273345	4736530	6235853	10177859	18285153	102306697	
G	115	7	11	22	27	32	37	42	
G	115	506514	3514308	5014612	6571955	10665185	18986803	102428894	
G	116	7	11	22	27	32	37	42	
G	116	513348	3584331	5184140	6799189	10990687	19389302	102262726	
G	117	7	11	22	27	32	37	42	
G	117	502706	3404882	4980070	6616512	10948091	19551983	102100160	
G	118	7	11	22	27	32	37	42	
G	118	516343	3557490	5147862	6803548	11184839	19912681	102271104	
G	119	7	11	22	27	32	37	42	
G	119	526887	3662664	5357546	7052511	11485927	20337775	102215545	
G	120	7	11	22	27	32	37	42	
G	120	525798	3646679	5349680	7094081	11649706	20665431	102230866	
G	121	7	11	22	27	32	37	42	
G	121	535792	3708085	5447674	7237566	11882894	21108294	102075188	
G	122	7	11	22	27	32	37	42	
G	122	545344	3776935	5547109	7407436	12166574	21526585	102117424	
G	123	7	11	22	27	32	37	42	
G	123	556554	3865996	5676334	7603787	12458947	21974286	102053157	
G	124	7	11	22	27	32	37	42	
G	124	566169	3970247	5805026	7791491	12750017	22413293	101898733	
G	125	7	11	22	27	32	37	42	
G	125	569845	4008205	5898981	7967818	13045559	22881405	101806304	
G	126	7	11	22	27	32	37	42	
G	126	578248	4070865	5972935	8147522	13314131	23330447	101881540	
G	127	7	11	22	27	32	37	42	
G	127	591373	4173907	6133717	8372008	13635860	23790821	101868189	
G	128	7	11	22	27	32	37	42	
G	128	600218	4250520	6281055	8591748	13984575	24312245	101915635	
G	129	7	11	22	27	32	37	42	
G	129	617693	4435617	6532777	8916570	14425766	24948805	102067266	
G	130	7	11	22	27	32	37	42	
G	130	627198	4511183	6672838	9146212	14803392	25504211	101976007	
G	131	7	11	22	27	32	37	42	
G	131	636722	4552964	6762380	9300121	15105115	25918628	101867604	
G	132	7	11	22	27	32	37	42	
G	132	650015	4686532	6952075	9589519	15492806	26455105	101937485	
G	133	7	11	22	27	32	37	42	
G	133	658110	4756377	7084678	9827254	15880200	27105444	101844437	
G	134	7	11	22	27	32	37	42	
G	134	665509	4829089	7193267	10061403	16226089	27636852	101841197	
G	135	7	11	22	27	32	37	42	
G	135	677243	4951720	7366706	10374741	16572013	28163012	101791533	
G	136	7	11	22	27	32	37	42	
G	136	698843	5185926	7683937	10815527	17108065	28891791	101763583	
G	137	7	11	22	27	32	37	42	
G	137	711828	5338163	7903761	11182242	17613882	29738070	101719252	
G	138	7	11	22	27	32	37	42	
G	138	714607	5367374	7961596	11398068	17895788	30263583	101828912	
G	139	7	11	22	27	32	37	42	
G	139	729687	5493756	8138988	11689434	18326102	30890306	101860590	
G	140	7	11	22	27	32	37	42	
G	140	738272	5572227	8255440	11879934	18689137	31449107	101845659	
G	141	7	11	22	27	32	37	42	
G	141	753046	5707966	8449046	12216037	19189562	32204097	101792829	
G	142	7	11	22	27	32	37	42	
G	142	770217	5920836	8695997	12570260	19743039	33058584	101867905	
G	143	7	11	22	27	32	37	42	
G	143	776928	5969199	8783455	12766178	20116831	33619640	101844510	
G	144	7	11	22	27	32	37	42	
G	144	794268	6130019	9017155	13142601	20705309	34514220	102013177	
G	145	7	11	22	27	32	37	42	
G	145	808698	6259384	9184988	13432949	21175955	35273758	101917615	
G	146	7	11	22	27	32	37	42	
G	146	826747	6457045	9471209	13801722	21734992	36133626	101840051	
G	147	7	11	22	27	32	37	42	
G	147	835315	6619705	9661770	14191453	22226719	36875819	101874993	
G	148	7	11	22	27	32	37	42	
G	148	846081	6728710	9817820	14450708	22713479	37726990	101983948	
G	149	7	11	22	27	32	37	42	
G	149	858640	6878803	10001876	14836718	23076626	38521536	101991447	
G	150	7	11	22	27	32	37	42	
G	150	1512423	11727692	18207063	27282884	39904472	59737242	102192399	
C	0	11	27	32	37	
C	0	629877	2841227	107638123	107638238	
C	1	11	27	32	37	
C	1	410074	2156232	88345424	88527196	
C	2	11	27	32	37	
C	2	403885	1882477	7830808	101848519	
C	3	11	27	32	37	
C	3	321819	1283393	3742473	96937936	
C	4	11	27	32	37	
C	4	170638	736422	2349323	91034895	
C	5	11	27	32	37	42	
C	5	214403	916697	2559376	7632042	96236677	
C	6	11	27	32	37	42	
C	6	143903	753720	2206863	6259688	94377446	
C	7	11	22	27	32	37	42	
C	7	144830	146649	763867	2145688	5947547	97717416	
C	8	11	22	27	32	37	42	
C	8	145459	148418	736193	2060067	5614156	96984561	
C	9	11	22	27	32	37	42	
C	9	131973	137241	694766	1973809	5429444	97696020	
C	10	11	22	27	32	37	42	
C	10	133264	140206	711184	1982499	5455560	97890239	
C	11	11	22	27	32	37	42	
C	11	126306	134887	678341	1879945	5273407	97637099	
C	12	11	22	27	32	37	42	
C	12	134703	145000	722796	1971505	5455737	97464466	
C	13	11	22	27	32	37	42	
C	13	139503	151604	739674	1984135	5431551	97463956	
C	14	7	11	22	27	32	37	42	
C	14	42	172992	186712	783466	2048297	5562928	98084180	
C	15	7	11	22	27	32	37	42	
C	15	185	139586	156317	735865	1995677	5415196	97687302	
C	16	7	11	22	27	32	37	42	
C	16	707	140314	165082	735239	1957122	5412268	97601983	
C	17	7	11	22	27	32	37	42	
C	17	1140	166605	198824	797341	2078127	5619017	98682677	
C	18	7	11	22	27	32	37	42	
C	18	1767	147783	189125	773193	2049465	5519432	98493951	
C	19	7	11	22	27	32	37	42	
C	19	3381	153662	220419	808350	2088671	5580537	98587160	
C	20	7	11	22	27	32	37	42	
C	20	5521	159842	256303	828218	2104992	5548820	98523823	
C	21	7	11	22	27	32	37	42	
C	21	9682	171123	325942	886616	2192553	5629243	98816743	
C	22	7	11	22	27	32	37	42	
C	22	12965	181789	384576	944744	2295452	5769575	99047110	
C	23	7	11	22	27	32	37	42	
C	23	18979	193827	461134	990285	2330805	5741542	99130796	
C	24	7	11	22	27	32	37	42	
C	24	22290	207888	509669	1046002	2437209	5961921	99531954	
C	25	7	11	22	27	32	37	42	
C	25	41762	334179	678152	1191971	2539341	5942398	99517118	
C	26	7	11	22	27	32	37	42	
C	26	48573	366489	752328	1266669	2642748	6061336	99722070	
C	27	7	11	22	27	32	37	42	
C	27	53581	386670	800844	1318354	2710435	6126578	99627366	
C	28	7	11	22	27	32	37	42	
C	28	57338	410278	843856	1368505	2788127	6263010	99449138	
C	29	7	11	22	27	32	37	42	
C	29	61292	426253	871977	1405395	2857020	6387155	100023368	
C	30	7	11	22	27	32	37	42	
C	30	64165	442923	898870	1437744	2893966	6431659	99642089	
C	31	7	11	22	27	32	37	42	
C	31	68162	456532	919645	1463379	2936736	6559024	99974595	
C	32	7	11	22	27	32	37	42	
C	32	73833	501073	982229	1534139	3022888	6621637	99942589	
C	33	7	11	22	27	32	37	42	
C	33	75646	497194	995397	1566592	3072133	6694677	99780782	
C	34	7	11	22	27	32	37	42	
C	34	80758	519629	1024601	1591472	3120483	6813506	100491096	
C	35	7	11	22	27	32	37	42	
C	35	84220	542486	1049737	1618487	3132580	6799729	100238555	
C	36	7	11	22	27	32	37	42	
C	36	86691	545560	1059670	1630828	3156415	6844035	100210022	
C	37	7	11	22	27	32	37	42	
C	37	92804	575907	1099944	1688831	3239364	7029453	100594017	
C	38	7	11	22	27	32	37	42	
C	38	102387	663975	1213142	1822320	3396805	7183851	100363635	
C	39	7	11	22	27	32	37	42	
C	39	103321	643684	1248316	1869160	3488955	7367421	100835648	
C	40	7	11	22	27	32	37	42	
C	40	108146	655057	1204265	1823845	3401646	7251791	100373797	
C	41	7	11	22	27	32	37	42	
C	41	114909	683518	1241787	1877399	3463578	7302820	100567946	
C	42	7	11	22	27	32	37	42	
C	42	117192	719880	1292735	1952720	3604480	7584703	100992507	
C	43	7	11	22	27	32	37	42	
C	43	122613	791621	1379949	2050935	3684952	7655680	101005972	
C	44	7	11	22	27	32	37	42	
C	44	124450	769739	1384226	2083394	3823611	8014705	101433001	
C	45	7	11	22	27	32	37	42	
C	45	128801	788918	1391061	2087418	3738055	7754590	100897506	
C	46	7	11	22	27	32	37	42	
C	46	133227	807613	1413874	2115009	3768299	7779379	100712569	
C	47	7	11	22	27	32	37	42	
C	47	137475	828566	1444189	2153564	3820719	7880103	100967508	
C	48	7	11	22	27	32	37	42	
C	48	142418	859216	1488795	2211076	3905294	8001544	101183156	
C	49	7	11	22	27	32	37	42	
C	49	150412	900114	1552903	2293252	4027476	8201524	101221935	
C	50	7	11	22	27	32	37	42	
C	50	153727	920070	1587133	2342888	4114166	8403211	101515712	
C	51	7	11	22	27	32	37	42	
C	51	160181	944378	1618473	2367172	4127916	8388056	101294300	
C	52	7	11	22	27	32	37	42	
C	52	166309	963417	1656813	2410174	4186866	8451623	101027174	
C	53	7	11	22	27	32	37	42	
C	53	175869	1037567	1758758	2520852	4320443	8652084	101073339	
C	54	7	11	22	27	32	37	42	
C	54	181273	1029939	1809269	2612977	4506090	8978453	101425923	
C	55	7	11	22	27	32	37	42	
C	55	185121	1052882	1784744	2557553	4389788	8797053	101156580	
C	56	7	11	22	27	32	37	42	
C	56	187923	1075995	1845418	2624551	4478365	8891437	101078658	
C	57	7	11	22	27	32	37	42	
C	57	190061	1083594	1868928	2672890	4583749	9112895	101446479	
C	58	7	11	22	27	32	37	42	
C	58	199310	1144917	1918633	2719300	4622900	9160971	101433154	
C	59	7	11	22	27	32	37	42	
C	59	200309	1131399	1939983	2747404	4667340	9221426	101762181	
C	60	7	11	22	27	32	37	42	
C	60	208575	1193881	1991196	2831316	4809963	9519528	101819515	
C	61	7	11	22	27	32	37	42	
C	61	212966	1204206	2008592	2836554	4800197	9430348	101544993	
C	62	7	11	22	27	32	37	42	
C	62	216938	1227008	2029117	2858439	4827555	9481612	101368793	
C	63	7	11	22	27	32	37	42	
C	63	220945	1246668	2043663	2880387	4868776	9549292	101395304	
C	64	7	11	22	27	32	37	42	
C	64	228363	1301515	2115638	2970331	4997916	9747705	101341134	
C	65	7	11	22	27	32	37	42	
C	65	236758	1386904	2218992	3091941	5158564	9990309	101433379	
C	66	7	11	22	27	32	37	42	
C	66	239455	1376944	2236245	3114083	5198129	10059628	101533933	
C	67	7	11	22	27	32	37	42	
C	67	250061	1476576	2324729	3219762	5338951	10300209	101587385	
C	68	7	11	22	27	32	37	42	
C	68	252514	1478569	2357392	3264004	5402529	10365996	101849102	
C	69	7	11	22	27	32	37	42	
C	69	257785	1511897	2356394	3266569	5420493	10458212	101682876	
C	70	7	11	22	27	32	37	42	
C	70	263444	1572796	2421100	3339477	5506093	10532246	101523642	
C	71	7	11	22	27	32	37	42	
C	71	270637	1628491	2496602	3424336	5605703	10659907	101583387	
C	72	7	11	22	27	32	37	42	
C	72	275560	1704530	2584273	3519893	5722502	10821219	101538332	
C	73	7	11	22	27	32	37	42	
C	73	279967	1740564	2621563	3565893	5786513	10911353	101602159	
C	74	7	11	22	27	32	37	42	
C	74	285849	1738239	2659486	3623077	5876748	11062188	101979308	
C	75	7	11	22	27	32	37	42	
C	75	302067	2055786	3141076	4454689	7981977	20825869	101842108	
C	76	7	11	22	27	32	37	42	
C	76	305854	1910773	2858980	3997496	6723635	14178801	101784273	
C	77	7	11	22	27	32	37	42	
C	77	308069	1849965	2726989	3765542	6205898	12250886	101833697	
C	78	7	11	22	27	32	37	42	
C	78	315124	1861203	2730157	3730378	6078994	11649070	101830851	
C	79	7	11	22	27	32	37	42	
C	79	323492	1894201	2763366	3752390	6067624	11470085	102059754	
C	80	7	11	22	27	32	37	42	
C	80	333455	1907507	2795747	3780322	6085433	11417795	101806692	
C	81	7	11	22	27	32	37	42	
C	81	340250	1916694	2795485	3783180	6100457	11449849	101704422	
C	82	7	11	22	27	32	37	42	
C	82	350385	1996340	2889910	3886165	6217027	11580710	101501956	
C	83	7	11	22	27	32	37	42	
C	83	357105	2034837	2975777	3994434	6379988	11839992	101949472	
C	84	7	11	22	27	32	37	42	
C	84	363473	2075428	3017765	4053701	6485856	12034930	102208738	
C	85	7	11	22	27	32	37	42	
C	85	375643	2130063	3085439	4134490	6589534	12168025	102127413	
C	86	7	11	22	27	32	37	42	
C	86	378262	2148007	3111242	4164940	6638741	12245958	101918959	
C	87	7	11	22	27	32	37	42	
C	87	392932	2235714	3220829	4289176	6797800	12475902	102187678	
C	88	7	11	22	27	32	37	42	
C	88	401282	2269399	3303939	4395928	6963712	12753195	102145689	
C	89	7	11	22	27	32	37	42	
C	89	410541	2336967	3373729	4483978	7099638	12966503	102276623	
C	90	7	11	22	27	32	37	42	
C	90	418359	2343230	3410115	4521613	7152192	13044019	102284159	
C	91	7	11	22	27	32	37	42	
C	91	429228	2407685	3479689	4611115	7282061	13250715	102242962	
C	92	7	11	22	27	32	37	42	
C	92	440759	2466474	3571240	4717063	7430492	13449376	102214871	
C	93	7	11	22	27	32	37	42	
C	93	443530	2486609	3596379	4758819	7521448	13606032	102458657	
C	94	7	11	22	27	32	37	42	
C	94	456293	2552014	3685398	4863750	7676866	13822496	102361918	
C	95	7	11	22	27	32	37	42	
C	95	468303	2597058	3741363	4936367	7793666	13997802	102342157	
C	96	7	11	22	27	32	37	42	
C	96	474009	2629283	3779386	4980833	7861515	14099286	102170439	
C	97	7	11	22	27	32	37	42	
C	97	480017	2675921	3842437	5062154	7994569	14280757	102299162	
C	98	7	11	22	27	32	37	42	
C	98	496151	2778249	3986768	5236734	8249230	14670169	102356415	
C	99	7	11	22	27	32	37	42	
C	99	505985	2840657	4076442	5349099	8426914	14943220	102415698	
C	100	7	11	22	27	32	37	42	
C	100	510284	2868362	4113643	5400026	8526238	15108026	102374554	
C	101	7	11	22	27	32	37	42	
C	101	521544	2915964	4165489	5455926	8605105	15188293	102305990	
C	102	7	11	22	27	32	37	42	
C	102	534718	2973015	4252592	5566528	8776879	15425970	102139149	
C	103	7	11	22	27	32	37	42	
C	103	542552	3045074	4346909	5698473	9009694	15818567	102413998	
C	104	7	11	22	27	32	37	42	
C	104	546888	3098791	4416900	5791206	9172144	16089664	102418200	
C	105	7	11	22	27	32	37	42	
C	105	559003	3177640	4514212	5905218	9336065	16319238	102319664	
C	106	7	11	22	27	32	37	42	
C	106	564560	3219749	4590196	6011467	9511938	16603750	102140753	
C	107	7	11	22	27	32	37	42	
C	107	568467	3273302	4656527	6091230	9655704	16817109	102118441	
C	108	7	11	22	27	32	37	42	
C	108	580614	3387884	4814499	6290647	9958316	17280637	102451944	
C	109	7	11	22	27	32	37	42	
C	109	587724	3444324	4922280	6424363	10165391	17601988	102419407	
C	110	7	11	22	27	32	37	42	
C	110	597480	3545090	5047809	6583384	10405262	17941536	102365570	
C	111	7	11	22	27	32	37	42	
C	111	604331	3618223	5136495	6687979	10554182	18189598	102294312	
C	112	7	11	22	27	32	37	42	
C	112	613219	3657372	5243082	6830149	10772859	18514989	102257882	
C	113	7	11	22	27	32	37	42	
C	113	621845	3750020	5359326	6973321	11014461	18897507	102220333	
C	114	7	11	22	27	32	37	42	
C	114	629391	3836762	5478864	7141930	11293110	19341540	102349833	
C	115	7	11	22	27	32	37	42	
C	115	644712	4023194	5719036	7443900	11758957	20009788	102192401	
C	116	7	11	22	27	32	37	42	
C	116	658780	4109745	5909024	7694222	12110842	20449498	102361008	
C	117	7	11	22	27	32	37	42	
C	117	656633	4076014	5865958	7682614	12236056	20735034	102360724	
C	118	7	11	22	27	32	37	42	
C	118	669718	4197279	6002262	7842845	12469841	21138734	102418016	
C	119	7	11	22	27	32	37	42	
C	119	684567	4316597	6232146	8123151	12833631	21620942	102628355	
C	120	7	11	22	27	32	37	42	
C	120	690677	4351687	6307735	8236453	13050530	21955547	102628593	
C	121	7	11	22	27	32	37	42	
C	121	706052	4429373	6419061	8387760	13274914	22332520	102329922	
C	122	7	11	22	27	32	37	42	
C	122	720728	4542657	6579868	8625586	13636491	22845016	102393451	
C	123	7	11	22	27	32	37	42	
C	123	735549	4657642	6747918	8883435	14034159	23444160	102722432	
C	124	7	11	22	27	32	37	42	
C	124	753023	4814407	6971263	9183947	14463084	24024793	102751392	
C	125	7	11	22	27	32	37	42	
C	125	764694	4880851	7088907	9383499	14781200	24479478	102739745	
C	126	7	11	22	27	32	37	42	
C	126	778091	4980688	7208913	9618349	15085334	24922866	102578225	
C	127	7	11	22	27	32	37	42	
C	127	794913	5088473	7385143	9863618	15430381	25386422	102558334	
C	128	7	11	22	27	32	37	42	
C	128	809961	5203428	7587291	10149818	15852975	25980668	102799974	
C	129	7	11	22	27	32	37	42	
C	129	828818	5404274	7875650	10516133	16331297	26603205	102697473	
C	130	7	11	22	27	32	37	42	
C	130	845339	5507867	8050479	10779658	16724185	27130496	102625570	
C	131	7	11	22	27	32	37	42	
C	131	856812	5559283	8163048	10968520	17058113	27563244	102608498	
C	132	7	11	22	27	32	37	42	
C	132	876420	5719178	8398110	11314326	17528450	28217613	102655555	
C	133	7	11	22	27	32	37	42	
C	133	889785	5844700	8608982	11656329	18020533	28972697	102864985	
C	134	7	11	22	27	32	37	42	
C	134	896863	5933662	8752690	11938291	18400531	29523003	102910796	
C	135	7	11	22	27	32	37	42	
C	135	913521	6063282	8942104	12275098	18747526	30054356	102728638	
C	136	7	11	22	27	32	37	42	
C	136	931601	6262284	9212692	12669712	19230881	30760096	102564639	
C	137	7	11	22	27	32	37	42	
C	137	944692	6437088	9457680	13065158	19741326	31645994	102659990	
C	138	7	11	22	27	32	37	42	
C	138	957716	6567453	9654745	13452887	20198435	32355045	102637012	
C	139	7	11	22	27	32	37	42	
C	139	970899	6677446	9831965	13762113	20622320	32971330	102619247	
C	140	7	11	22	27	32	37	42	
C	140	984991	6787258	9979417	13972160	20994942	33579051	102438420	
C	141	7	11	22	27	32	37	42	
C	141	1000548	6914551	10149177	14273868	21400944	34205227	102337027	
C	142	7	11	22	27	32	37	42	
C	142	1014122	7108429	10398542	14666146	21996092	35199611	102306422	
C	143	7	11	22	27	32	37	42	
C	143	1027868	7252498	10599576	15000468	22529756	35971799	102441848	
C	144	7	11	22	27	32	37	42	
C	144	1052543	7462652	10885900	15441790	23146442	36895791	102398983	
C	145	7	11	22	27	32	37	42	
C	145	1066050	7589215	11061490	15729730	23566132	37637673	102223883	
C	146	7	11	22	27	32	37	42	
C	146	1089105	7773868	11336718	16097512	24104121	38469388	102112650	
C	147	7	11	22	27	32	37	42	
C	147	1102238	7970841	11560001	16514678	24580238	39212143	102008739	
C	148	7	11	22	27	32	37	42	
C	148	1113703	8102085	11746079	16825360	25101851	40175383	101947338	
C	149	7	11	22	27	32	37	42	
C	149	1139476	8365623	12064094	17362447	25598262	41168123	102041071	
C	150	7	11	22	27	32	37	42	
C	150	1754535	14188591	22304725	33272150	47990512	68260097	101095369	
N	0	2	
N	0	8290986	
N	1	2	
N	1	268119	
N	2	2	
N	2	25574	
N	3	2	
N	3	37981	
N	4	2	
N	4	711	
N	5	2	
N	5	730	
N	6	2	
N	6	149	
N	7	2	
N	7	540	
N	8	
N	8	
N	9	2	
N	9	1677	
N	10	2	
N	10	24	
N	11	2	
N	11	317	
N	12	
N	12	
N	13	2	
N	13	1012	
N	14	2	
N	14	3311	
N	15	2	
N	15	23	
N	16	2	
N	16	25	
N	17	2	
N	17	1075	
N	18	2	
N	18	224	
N	19	2	
N	19	325	
N	20	2	
N	20	718	
N	21	
N	21	
N	22	2	
N	22	75	
N	23	2	
N	23	20	
N	24	2	
N	24	1854	
N	25	2	
N	25	3996	
N	26	2	
N	26	264	
N	27	2	
N	27	4547	
N	28	2	
N	28	4133	
N	29	2	
N	29	5035	
N	30	2	
N	30	1695	
N	31	2	
N	31	2270	
N	32	2	
N	32	1974	
N	33	2	
N	33	5598	
N	34	2	
N	34	2572	
N	35	2	
N	35	543	
N	36	2	
N	36	3215	
N	37	2	
N	37	8516	
N	38	2	
N	38	3060	
N	39	2	
N	39	4096	
N	40	2	
N	40	3422	
N	41	2	
N	41	541	
N	42	2	
N	42	4458	
N	43	2	
N	43	3005	
N	44	2	
N	44	1558	
N	45	2	
N	45	268	
N	46	2	
N	46	1166	
N	47	2	
N	47	3872	
N	48	2	
N	48	1223	
N	49	2	
N	49	5841	
N	50	2	
N	50	2883	
N	51	2	
N	51	140	
N	52	2	
N	52	11221	
N	53	2	
N	53	5936	
N	54	2	
N	54	8890	
N	55	2	
N	55	238	
N	56	2	
N	56	3623	
N	57	2	
N	57	1467	
N	58	2	
N	58	216	
N	59	2	
N	59	10725	
N	60	2	
N	60	20873	
N	61	2	
N	61	3000	
N	62	2	
N	62	8949	
N	63	2	
N	63	9903	
N	64	2	
N	64	4861	
N	65	2	
N	65	3223	
N	66	2	
N	66	3891	
N	67	2	
N	67	2691	
N	68	2	
N	68	3063	
N	69	2	
N	69	9245	
N	70	2	
N	70	9152	
N	71	2	
N	71	3314	
N	72	2	
N	72	4799	
N	73	2	
N	73	3359	
N	74	2	
N	74	6893	
N	75	2	
N	75	1919	
N	76	2	
N	76	15703	
N	77	2	
N	77	5415	
N	78	2	
N	78	5535	
N	79	2	
N	79	1	
N	80	2	
N	80	4450	
N	81	2	
N	81	6339	
N	82	2	
N	82	4220	
N	83	2	
N	83	12645	
N	84	2	
N	84	5132	
N	85	2	
N	85	5234	
N	86	2	
N	86	8294	
N	87	2	
N	87	926	
N	88	2	
N	88	12186	
N	89	2	
N	89	1120	
N	90	2	
N	90	3016	
N	91	2	
N	91	7475	
N	92	2	
N	92	6046	
N	93	2	
N	93	9740	
N	94	2	
N	94	3576	
N	95	2	
N	95	4701	
N	96	2	
N	96	1553	
N	97	2	
N	97	15685	
N	98	2	
N	98	461	
N	99	2	
N	99	3160	
N	100	2	
N	100	6866	
N	101	2	
N	101	10679	
N	102	2	
N	102	10549	
N	103	2	
N	103	7011	
N	104	2	
N	104	5095	
N	105	2	
N	105	4816	
N	106	2	
N	106	6895	
N	107	2	
N	107	4472	
N	108	2	
N	108	7728	
N	109	2	
N	109	13412	
N	110	2	
N	110	3877	
N	111	2	
N	111	10046	
N	112	2	
N	112	13861	
N	113	2	
N	113	13735	
N	114	2	
N	114	8754	
N	115	2	
N	115	12460	
N	116	2	
N	116	4837	
N	117	2	
N	117	20547	
N	118	2	
N	118	12640	
N	119	2	
N	119	11272	
N	120	2	
N	120	8741	
N	121	2	
N	121	8164	
N	122	2	
N	122	3448	
N	123	2	
N	123	5058	
N	124	2	
N	124	12422	
N	125	2	
N	125	1910	
N	126	2	
N	126	8590	
N	127	2	
N	127	13341	
N	128	2	
N	128	7103	
N	129	2	
N	129	14987	
N	130	2	
N	130	6533	
N	131	2	
N	131	19959	
N	132	2	
N	132	15855	
N	133	2	
N	133	20548	
N	134	2	
N	134	23065	
N	135	2	
N	135	10167	
N	136	2	
N	136	26484	
N	137	2	
N	137	17809	
N	138	2	
N	138	6021	
N	139	2	
N	139	19751	
N	140	2	
N	140	19982	
N	141	2	
N	141	29667	
N	142	2	
N	142	32214	
N	143	2	
N	143	14938	
N	144	2	
N	144	9413	
N	145	2	
N	145	20208	
N	146	2	
N	146	14369	
N	147	2	
N	147	31220	
N	148	2	
N	148	33595	
N	149	2	
N	149	15148	
N	150	2	
N	150	545698	
