.	0	2	15	21	27	32	37	
.	0	589	218698	296248	478252	9104447	9233591	
.	1	2	15	21	27	32	37	
.	1	47	232270	245356	390481	7160150	9233591	
.	2	2	15	21	27	32	37	
.	2	74	171524	198790	276844	3725368	9233591	
.	3	15	21	27	32	37	
.	3	164533	195943	271806	2658740	9233591	
.	4	2	15	21	27	32	37	
.	4	3	137407	179568	234531	2360961	9233591	
.	5	2	15	21	27	32	37	
.	5	1976	147750	219956	229687	368623	9233591	
.	6	2	15	21	27	32	37	
.	6	180	195243	252514	257420	435542	9233591	
.	7	2	15	21	27	32	37	
.	7	1903	184609	232575	235445	406362	9233591	
.	8	2	15	21	27	32	37	
.	8	1099	191760	241915	244509	434243	9233591	
.	9	2	15	21	27	32	37	
.	9	41	197060	257775	260894	456364	9233591	
.	10	15	21	27	32	37	
.	10	173942	220091	222606	411817	9233591	
.	11	2	15	21	27	32	37	
.	11	45	199214	247300	249677	440027	9233591	
.	12	15	21	27	32	37	
.	12	185707	235507	238531	412399	9233591	
.	13	2	15	21	27	32	37	
.	13	22	205476	258439	263532	456902	9233591	
.	14	15	21	27	32	37	
.	14	201729	249552	255838	422144	9233591	
.	15	2	15	21	27	32	37	
.	15	604	204366	259865	262719	450065	9233591	
.	16	2	15	21	27	32	37	
.	16	124	189255	220964	222627	393467	9233591	
.	17	15	21	27	32	37	
.	17	169453	199669	201797	362033	9233591	
.	18	2	15	21	27	32	37	
.	18	67	179862	207292	209014	397069	9233591	
.	19	15	21	27	32	37	
.	19	199944	236066	238148	431387	9233591	
.	20	15	21	27	32	37	
.	20	207793	237869	239231	433941	9233591	
.	21	2	15	21	27	32	37	
.	21	1143	183314	211807	213115	402041	9233591	
.	22	15	21	27	32	37	
.	22	196565	244311	248055	429573	9233591	
.	23	2	15	21	27	32	37	
.	23	195	169001	216031	218951	368776	9233591	
.	24	2	15	21	27	32	37	
.	24	413	182982	228714	231270	395008	9233591	
.	25	2	15	21	27	32	37	
.	25	249	207625	263834	266924	445166	9233591	
.	26	2	15	21	27	32	37	
.	26	94	205230	261818	265199	451910	9233591	
.	27	2	15	21	27	32	37	
.	27	126	208941	262760	265891	459489	9233591	
.	28	2	15	21	27	32	37	
.	28	127	203254	244502	246509	428921	9233591	
.	29	2	15	21	27	32	37	
.	29	655	207784	264965	267955	462293	9233591	
.	30	2	15	21	27	32	37	
.	30	1442	217674	264376	266070	477841	9233591	
.	31	2	15	21	27	32	37	
.	31	153	218734	255977	257731	439449	9233591	
.	32	2	15	21	27	32	37	
.	32	217	191602	239455	241957	424055	9233591	
.	33	2	15	21	27	32	37	
.	33	597	208289	258884	260896	459065	9233591	
.	34	2	15	21	27	32	37	
.	34	1433	213535	246626	248008	450117	9233591	
.	35	2	15	21	27	32	37	
.	35	590	205676	240412	241926	437987	9233591	
.	36	2	15	21	27	32	37	
.	36	640	236090	274929	276548	491778	9233591	
.	37	2	15	21	27	32	37	
.	37	561	231843	260168	260886	463193	9233591	
.	38	2	15	21	27	32	37	
.	38	230	234941	268263	269435	477116	9233591	
.	39	2	15	21	27	32	37	
.	39	492	228002	266333	268015	467383	9233591	
.	40	2	15	21	27	32	37	
.	40	331	257038	295227	296590	522452	9233591	
.	41	2	15	21	27	32	37	
.	41	567	268331	324584	326385	543016	9233591	
.	42	2	15	21	27	32	37	
.	42	596	257394	305255	306957	527495	9233591	
.	43	2	15	21	27	32	37	
.	43	336	302451	392300	396151	616652	9233591	
.	44	2	15	21	27	32	37	
.	44	126	367847	435737	438389	681243	9233591	
.	45	2	15	21	27	32	37	
.	45	393	444040	491911	493710	781607	9233591	
.	46	2	15	21	27	32	37	
.	46	295	457116	482850	483227	799037	9233591	
.	47	2	15	21	27	32	37	
.	47	512	413914	436146	436372	749745	9233591	
.	48	2	15	21	27	32	37	
.	48	481	395634	412945	413145	703147	9233591	
.	49	2	15	21	27	32	37	
.	49	2028	317011	332797	332977	563135	9233591	
.	50	2	15	21	27	32	37	
.	50	408	359471	393719	393968	639760	9233591	
A	0	15	21	27	32	
A	0	111250	127837	225820	3038681	
A	1	15	21	27	32	37	
A	1	49447	54310	87711	1056613	1620035	
A	2	15	21	27	32	37	
A	2	53041	63265	78048	839618	2276931	
A	3	15	21	27	32	37	
A	3	39919	51237	70473	719042	2269959	
A	4	15	21	27	32	37	
A	4	45138	63684	81469	921691	2972908	
A	5	15	21	27	32	37	
A	5	23497	47325	51299	71515	2304469	
A	6	15	21	27	32	37	
A	6	40413	58006	59556	100789	2078940	
A	7	15	21	27	32	37	
A	7	25289	35343	35926	65866	1482672	
A	8	15	21	27	32	37	
A	8	44811	64705	65758	118084	2068367	
A	9	15	21	27	32	37	
A	9	58079	86786	88447	155512	2648796	
A	10	15	21	27	32	37	
A	10	44967	72038	73519	133373	3075640	
A	11	15	21	27	32	37	
A	11	25384	38941	39744	67198	1519067	
A	12	15	21	27	32	37	
A	12	24843	31798	32221	63008	1554499	
A	13	15	21	27	32	37	
A	13	48328	70567	74038	120770	2216582	
A	14	15	21	27	32	37	
A	14	29852	46709	51170	80518	1555838	
A	15	15	21	27	32	37	
A	15	33443	48763	49357	86369	1462098	
A	16	15	21	27	32	37	
A	16	27304	33224	33563	64358	1580422	
A	17	15	21	27	32	37	
A	17	18701	28848	29794	53440	1565645	
A	18	15	21	27	32	37	
A	18	25513	36564	37503	74265	2079702	
A	19	15	21	27	32	37	
A	19	35208	55373	56680	93978	2049183	
A	20	15	21	27	32	37	
A	20	30025	35855	36170	76800	1595757	
A	21	15	21	27	32	37	
A	21	46176	56439	56948	120578	3177503	
A	22	15	21	27	32	37	
A	22	50310	76438	79239	136641	3074207	
A	23	15	21	27	32	37	
A	23	38345	45019	45297	92085	2304005	
A	24	15	21	27	32	37	
A	24	59556	69902	70443	141338	3083165	
A	25	15	21	27	32	37	
A	25	41565	58213	59098	106911	1945124	
A	26	15	21	27	32	37	
A	26	50935	80382	82029	138167	2676179	
A	27	15	21	27	32	37	
A	27	60941	93793	95670	167046	2845577	
A	28	15	21	27	32	37	
A	28	56542	83875	85203	146055	2740640	
A	29	15	21	27	32	37	
A	29	35904	56847	57659	106130	1846890	
A	30	15	21	27	32	37	
A	30	45871	58940	59317	125145	2173084	
A	31	15	21	27	32	37	
A	31	46408	59359	59900	112997	2194452	
A	32	15	21	27	32	37	
A	32	34884	49814	50574	95323	2249884	
A	33	15	21	27	32	37	
A	33	48312	62432	63019	124436	2178748	
A	34	15	21	27	32	37	
A	34	38489	49146	49599	96656	2158303	
A	35	15	21	27	32	37	
A	35	36345	49230	49765	93932	1740354	
A	36	15	21	27	32	37	
A	36	49334	62383	62976	129944	2271261	
A	37	15	21	27	32	37	
A	37	69242	83430	83766	158806	2793360	
A	38	15	21	27	32	37	
A	38	41384	53153	53605	99510	1659950	
A	39	15	21	27	32	37	
A	39	30122	34853	34988	72403	1504579	
A	40	15	21	27	32	37	
A	40	67848	86461	87219	156637	2831954	
A	41	15	21	27	32	37	
A	41	58674	82135	83005	132164	2123330	
A	42	15	21	27	32	37	
A	42	66286	86584	87488	157161	3002107	
A	43	15	21	27	32	37	
A	43	64972	88325	89635	145227	1851169	
A	44	15	21	27	32	37	
A	44	48874	62928	63619	110429	1522698	
A	45	15	21	27	32	37	
A	45	66131	80746	81338	144457	2206803	
A	46	15	21	27	32	37	
A	46	28391	32268	32367	56063	1205799	
A	47	15	21	27	32	37	
A	47	42887	48625	48673	76562	1617120	
A	48	15	21	27	32	37	
A	48	49237	55978	56051	89951	1701696	
A	49	15	21	27	32	37	
A	49	25808	29106	29127	48204	1037206	
A	50	15	21	27	32	37	
A	50	57348	74450	74502	111441	1712815	
T	0	15	21	27	32	37	
T	0	34259	57037	88375	2168123	2229445	
T	1	15	21	27	32	37	
T	1	86633	89423	131142	2942774	3663036	
T	2	15	21	27	32	37	
T	2	22335	28726	33651	507283	1750574	
T	3	15	21	27	32	37	
T	3	48450	53410	66740	651179	3015354	
T	4	15	21	27	32	37	
T	4	33475	36819	44714	456007	2477671	
T	5	15	21	27	32	37	
T	5	33212	55615	58123	90483	2537375	
T	6	15	21	27	32	37	
T	6	55320	68187	68998	119982	2747673	
T	7	15	21	27	32	37	
T	7	42144	59871	60818	94989	2427492	
T	8	15	21	27	32	37	
T	8	44705	57140	57581	97140	2488936	
T	9	15	21	27	32	37	
T	9	58838	77805	78334	132484	3108436	
T	10	15	21	27	32	37	
T	10	50706	56058	56197	106611	2375077	
T	11	15	21	27	32	37	
T	11	61339	77173	77753	132892	3019046	
T	12	15	21	27	32	37	
T	12	65646	96919	98946	150967	3617615	
T	13	15	21	27	32	37	
T	13	39457	48617	49043	87970	2282918	
T	14	15	21	27	32	37	
T	14	50179	55361	55571	99988	2744663	
T	15	15	21	27	32	37	
T	15	51138	69111	70134	108762	2996142	
T	16	15	21	27	32	37	
T	16	39133	42573	42681	72503	2306307	
T	17	15	21	27	32	37	
T	17	32251	35561	35640	65390	2041123	
T	18	15	21	27	32	37	
T	18	48119	53785	53978	101769	2465381	
T	19	15	21	27	32	37	
T	19	50865	55243	55463	104365	2648629	
T	20	15	21	27	32	37	
T	20	51427	58536	58728	101318	2654071	
T	21	15	21	27	32	37	
T	21	30477	31011	31017	65252	1528047	
T	22	15	21	27	32	37	
T	22	38834	40690	40759	79526	1957211	
T	23	15	21	27	32	37	
T	23	27159	27706	27711	54081	1557203	
T	24	15	21	27	32	37	
T	24	21859	22188	22233	45323	1510399	
T	25	15	21	27	32	37	
T	25	40889	48066	48327	84199	2078765	
T	26	15	21	27	32	37	
T	26	31100	34991	35081	65145	1666634	
T	27	15	21	27	32	37	
T	27	48241	50115	50162	95748	2593870	
T	28	15	21	27	32	37	
T	28	26476	27606	27632	54895	1599002	
T	29	15	21	27	32	37	
T	29	51063	68042	68712	112011	2811677	
T	30	15	21	27	32	37	
T	30	54290	72850	73413	119455	3001325	
T	31	15	21	27	32	37	
T	31	34385	35419	35453	66915	1755430	
T	32	15	21	27	32	37	
T	32	55886	75311	76303	123765	3398833	
T	33	15	21	27	32	37	
T	33	51553	67360	67956	114344	2826792	
T	34	15	21	27	32	37	
T	34	48567	56000	56224	99984	2249500	
T	35	15	21	27	32	37	
T	35	47029	57062	57530	102937	2588764	
T	36	15	21	27	32	37	
T	36	58610	67477	67805	113719	2538069	
T	37	15	21	27	32	37	
T	37	46806	48339	48371	91514	2450540	
T	38	15	21	27	32	37	
T	38	49694	55705	55841	99597	2431174	
T	39	15	21	27	32	37	
T	39	55339	71289	71771	119041	2632275	
T	40	15	21	27	32	37	
T	40	55109	60064	60191	111170	2268194	
T	41	15	21	27	32	37	
T	41	69227	79028	79254	136935	2721013	
T	42	15	21	27	32	37	
T	42	86145	99719	99936	169809	2951169	
T	43	15	21	27	32	37	
T	43	82214	124861	126714	174583	2548381	
T	44	15	21	27	32	37	
T	44	104992	141101	142726	195014	2309929	
T	45	15	21	27	32	37	
T	45	171209	191905	192882	287930	3197318	
T	46	15	21	27	32	37	
T	46	217761	231834	232009	367286	3743639	
T	47	15	21	27	32	37	
T	47	114352	119725	119763	203476	2137372	
T	48	15	21	27	32	37	
T	48	174954	182189	182281	306123	3149168	
T	49	15	21	27	32	37	
T	49	122076	127135	127206	209334	2896639	
T	50	15	21	27	32	37	
T	50	101160	105297	105325	171385	2454291	
G	0	15	21	27	32	37	
G	0	29973	47020	65340	1108112	1168728	
G	1	15	21	27	32	37	
G	1	58849	62265	103663	1668702	1849398	
G	2	15	21	27	32	37	
G	2	36732	45384	66493	891166	1635607	
G	3	15	21	27	32	37	
G	3	30852	44069	51925	522701	1516205	
G	4	15	21	27	32	37	
G	4	32361	52283	57407	510309	2056576	
G	5	15	21	27	32	37	
G	5	27386	41436	43526	69321	1682286	
G	6	15	21	27	32	37	
G	6	41072	62099	64355	94814	1945827	
G	7	15	21	27	32	37	
G	7	47587	58904	59610	102932	2096552	
G	8	15	21	27	32	37	
G	8	49479	64975	65897	114187	2315862	
G	9	15	21	27	32	37	
G	9	24988	34956	35634	58487	1162500	
G	10	15	21	27	32	37	
G	10	30642	42037	42827	73039	1426189	
G	11	15	21	27	32	37	
G	11	57379	71334	72116	121741	2357026	
G	12	15	21	27	32	37	
G	12	43447	47078	47233	86684	1677754	
G	13	15	21	27	32	37	
G	13	52451	67240	68107	110269	2108767	
G	14	15	21	27	32	37	
G	14	70239	93871	95369	138912	2819776	
G	15	15	21	27	32	37	
G	15	45928	57397	58263	98679	1803682	
G	16	15	21	27	32	37	
G	16	93229	114961	116159	195508	3789006	
G	17	15	21	27	32	37	
G	17	80073	95484	96530	166783	3602772	
G	18	15	21	27	32	37	
G	18	67652	77061	77584	142027	2798062	
G	19	15	21	27	32	37	
G	19	69087	78163	78610	141301	2644925	
G	20	15	21	27	32	37	
G	20	75788	91777	92596	157401	2879509	
G	21	15	21	27	32	37	
G	21	57279	74804	75595	116916	2197820	
G	22	15	21	27	32	37	
G	22	56178	75277	76128	112669	2043612	
G	23	15	21	27	32	37	
G	23	72576	112238	114869	161675	3633344	
G	24	15	21	27	32	37	
G	24	76617	111450	113400	158740	3321536	
G	25	15	21	27	32	37	
G	25	62782	92427	94251	134717	2563405	
G	26	15	21	27	32	37	
G	26	52996	74510	76093	112130	2072439	
G	27	15	21	27	32	37	
G	27	48543	67015	68207	99452	1900559	
G	28	15	21	27	32	37	
G	28	55460	67800	68444	104280	2058282	
G	29	15	21	27	32	37	
G	29	27563	38936	40092	60776	1190085	
G	30	15	21	27	32	37	
G	30	40747	50540	51111	82574	1526918	
G	31	15	21	27	32	37	
G	31	76968	99541	100673	145135	2765750	
G	32	15	21	27	32	37	
G	32	34601	43428	43936	73446	1332493	
G	33	15	21	27	32	37	
G	33	57569	75928	76732	121463	2251832	
G	34	15	21	27	32	37	
G	34	54262	64290	64777	112532	1967856	
G	35	15	21	27	32	37	
G	35	45169	53627	54042	94910	1947585	
G	36	15	21	27	32	37	
G	36	57127	71909	72564	111563	1905204	
G	37	15	21	27	32	37	
G	37	66837	78570	78894	120691	2263621	
G	38	15	21	27	32	37	
G	38	62879	76176	76702	123619	2259634	
G	39	15	21	27	32	37	
G	39	57529	72149	73134	118704	2194051	
G	40	15	21	27	32	37	
G	40	53336	66317	66754	102591	1593338	
G	41	15	21	27	32	37	
G	41	58043	76509	77072	115392	1883476	
G	42	15	21	27	32	37	
G	42	55537	68760	69331	107698	1761695	
G	43	15	21	27	32	37	
G	43	64425	80662	81164	123951	1864613	
G	44	15	21	27	32	37	
G	44	115356	128602	128812	196052	2618084	
G	45	15	21	27	32	37	
G	45	110502	121349	121548	184589	2247269	
G	46	15	21	27	32	37	
G	46	102743	107694	107766	174803	2485681	
G	47	15	21	27	32	37	
G	47	86330	89398	89433	152299	2344353	
G	48	15	21	27	32	37	
G	48	84910	87084	87112	147498	2091636	
G	49	15	21	27	32	37	
G	49	101461	107546	107624	181537	3002127	
G	50	15	21	27	32	37	
G	50	109155	112472	112489	188696	2766246	
C	0	15	21	27	32	37	
C	0	42627	63765	98128	2788942	2796148	
C	1	15	21	27	32	37	
C	1	37294	39311	67918	1492014	2101075	
C	2	15	21	27	32	37	
C	2	59342	61341	98578	1487227	3570405	
C	3	15	21	27	32	37	
C	3	45312	47227	82668	765818	2432073	
C	4	15	21	27	32	37	
C	4	26430	26779	50938	472951	1726433	
C	5	15	21	27	32	37	
C	5	61679	73604	74763	135328	2707485	
C	6	15	21	27	32	37	
C	6	58258	64042	64331	119777	2460971	
C	7	15	21	27	32	37	
C	7	67686	76554	77188	140672	3224972	
C	8	15	21	27	32	37	
C	8	51666	53996	54174	103733	2359327	
C	9	15	21	27	32	37	
C	9	55114	58187	58438	109840	2313818	
C	10	15	21	27	32	37	
C	10	47627	49958	50063	98794	2356685	
C	11	15	21	27	32	37	
C	11	55067	59807	60019	118151	2338407	
C	12	15	21	27	32	37	
C	12	51771	59712	60131	111740	2383723	
C	13	15	21	27	32	37	
C	13	65218	71993	72322	137871	2625302	
C	14	15	21	27	32	37	
C	14	51459	53611	53728	102726	2113314	
C	15	15	21	27	32	37	
C	15	73253	83990	84361	155651	2971065	
C	16	15	21	27	32	37	
C	16	29465	30082	30100	60974	1557732	
C	17	15	21	27	32	37	
C	17	38428	39776	39833	76420	2024051	
C	18	15	21	27	32	37	
C	18	38511	39815	39882	78941	1890379	
C	19	15	21	27	32	37	
C	19	44784	47287	47395	91743	1890854	
C	20	15	21	27	32	37	
C	20	50553	51701	51737	98422	2104254	
C	21	15	21	27	32	37	
C	21	48239	48410	48412	98152	2329078	
C	22	15	21	27	32	37	
C	22	51243	51906	51929	100737	2158561	
C	23	15	21	27	32	37	
C	23	30726	30873	30879	60740	1738844	
C	24	15	21	27	32	37	
C	24	24537	24761	24781	49194	1318078	
C	25	15	21	27	32	37	
C	25	62140	64879	64999	119090	2646048	
C	26	15	21	27	32	37	
C	26	70105	71841	71902	136374	2818245	
C	27	15	21	27	32	37	
C	27	51090	51711	51726	97117	1893459	
C	28	15	21	27	32	37	
C	28	64649	65094	65103	123564	2835540	
C	29	15	21	27	32	37	
C	29	92599	100485	100837	182721	3384284	
C	30	15	21	27	32	37	
C	30	75324	80604	80787	149225	2530822	
C	31	15	21	27	32	37	
C	31	60820	61505	61552	114249	2517806	
C	32	15	21	27	32	37	
C	32	66014	70685	70927	131304	2252164	
C	33	15	21	27	32	37	
C	33	50258	52567	52592	98225	1975622	
C	34	15	21	27	32	37	
C	34	70784	75757	75975	139512	2856499	
C	35	15	21	27	32	37	
C	35	76543	79903	79999	145618	2956298	
C	36	15	21	27	32	37	
C	36	70379	72520	72563	135912	2518417	
C	37	15	21	27	32	37	
C	37	48397	49268	49294	91621	1725509	
C	38	15	21	27	32	37	
C	38	80754	82999	83057	154160	2882603	
C	39	15	21	27	32	37	
C	39	84520	87550	87630	156743	2902194	
C	40	15	21	27	32	37	
C	40	80414	82054	82095	151723	2539774	
C	41	15	21	27	32	37	
C	41	81820	86345	86487	157958	2505205	
C	42	15	21	27	32	37	
C	42	48830	49596	49606	92231	1518024	
C	43	15	21	27	32	37	
C	43	90504	98116	98302	172555	2969092	
C	44	15	21	27	32	37	
C	44	98499	102980	103106	179622	2782754	
C	45	15	21	27	32	37	
C	45	95805	97518	97549	164238	1581808	
C	46	15	21	27	32	37	
C	46	107926	110759	110790	200590	1798177	
C	47	15	21	27	32	37	
C	47	169833	177886	177991	316896	3134234	
C	48	15	21	27	32	37	
C	48	86052	87213	87220	159094	2290610	
C	49	15	21	27	32	37	
C	49	65638	66982	66992	122032	2295591	
C	50	15	21	27	32	37	
C	50	91400	101092	101244	167830	2299831	
N	0	2	
N	0	589	
N	1	2	
N	1	47	
N	2	2	
N	2	74	
N	3	
N	3	
N	4	2	
N	4	3	
N	5	2	
N	5	1976	
N	6	2	
N	6	180	
N	7	2	
N	7	1903	
N	8	2	
N	8	1099	
N	9	2	
N	9	41	
N	10	
N	10	
N	11	2	
N	11	45	
N	12	
N	12	
N	13	2	
N	13	22	
N	14	
N	14	
N	15	2	
N	15	604	
N	16	2	
N	16	124	
N	17	
N	17	
N	18	2	
N	18	67	
N	19	
N	19	
N	20	
N	20	
N	21	2	
N	21	1143	
N	22	
N	22	
N	23	2	
N	23	195	
N	24	2	
N	24	413	
N	25	2	
N	25	249	
N	26	2	
N	26	94	
N	27	2	
N	27	126	
N	28	2	
N	28	127	
N	29	2	
N	29	655	
N	30	2	
N	30	1442	
N	31	2	
N	31	153	
N	32	2	
N	32	217	
N	33	2	
N	33	597	
N	34	2	
N	34	1433	
N	35	2	
N	35	590	
N	36	2	
N	36	640	
N	37	2	
N	37	561	
N	38	2	
N	38	230	
N	39	2	
N	39	492	
N	40	2	
N	40	331	
N	41	2	
N	41	567	
N	42	2	
N	42	596	
N	43	2	
N	43	336	
N	44	2	
N	44	126	
N	45	2	
N	45	393	
N	46	2	
N	46	295	
N	47	2	
N	47	512	
N	48	2	
N	48	481	
N	49	2	
N	49	2028	
N	50	2	
N	50	408	
