.	0	2	14	21	27	32	
.	0	152730	4109194	5804847	5881309	79996872	
.	1	2	14	21	27	32	
.	1	170391	5692243	7192499	7269201	79996872	
.	2	2	14	21	27	32	
.	2	179346	5107081	6887920	6939133	79996872	
.	3	2	14	21	27	32	
.	3	207401	4849303	7068332	7119037	79996872	
.	4	2	14	21	27	32	
.	4	207760	4692882	6912258	6957650	79996872	
.	5	2	14	21	27	32	36	
.	5	234330	4870504	7122844	7171061	12233590	79996872	
.	6	2	14	21	27	32	36	
.	6	222587	5023834	7339656	7375943	12819410	79996872	
.	7	2	14	21	27	32	36	
.	7	240548	5407645	7507366	7532390	13128788	79996872	
.	8	2	14	21	27	32	36	
.	8	258917	5496353	7551677	7573389	13143920	79996872	
.	9	2	14	21	27	32	36	
.	9	248408	5680218	7869299	7901434	13461077	79996872	
.	10	2	14	21	27	32	36	
.	10	273655	5154124	7399872	7428644	12526027	79996872	
.	11	2	14	21	27	32	36	
.	11	281616	5485996	7738218	7765540	13114803	79996872	
.	12	2	14	21	27	32	36	
.	12	277757	5560749	7761550	7798966	13159579	79996872	
.	13	2	14	21	27	32	36	
.	13	246746	5615624	7889895	7943376	13331673	79996872	
.	14	2	14	21	27	32	36	
.	14	255346	5651000	7929637	7987915	13381302	79996872	
.	15	2	14	21	27	32	36	
.	15	266980	5673884	7878007	7955165	13252352	79996872	
.	16	2	14	21	27	32	36	
.	16	280684	5721235	7888652	7998926	13197520	79996872	
.	17	2	14	21	27	32	36	
.	17	289349	5808088	7941648	8088273	13274864	79996872	
.	18	2	14	21	27	32	36	
.	18	283430	5948280	8048928	8249124	13376313	79996872	
.	19	2	14	21	27	32	36	
.	19	265121	6195562	8174803	8436768	13538147	79996872	
.	20	2	14	21	27	32	36	
.	20	267930	6291950	8194953	8497462	13568801	79996872	
.	21	2	14	21	27	32	36	
.	21	281107	6404014	8233880	8588591	13640594	79996872	
.	22	2	14	21	27	32	36	
.	22	274487	6423115	8195268	8576160	13590942	79996872	
.	23	2	14	21	27	32	36	
.	23	288852	6631096	8337141	8779676	13752201	79996872	
.	24	2	14	21	27	32	36	
.	24	254584	6849705	8415203	8939108	13840628	79996872	
.	25	2	14	21	27	32	36	
.	25	291552	7090995	8566975	9120984	13998001	79996872	
.	26	2	14	21	27	32	36	
.	26	290629	7107224	8544635	9098509	13935363	79996872	
.	27	2	14	21	27	32	36	
.	27	276926	7235609	8579156	9164284	13938690	79996872	
.	28	2	14	21	27	32	36	
.	28	302073	7271235	8598030	9188637	13929796	79996872	
.	29	2	14	21	27	32	36	
.	29	286275	7380633	8684847	9271253	14042478	79996872	
.	30	2	14	21	27	32	36	
.	30	288844	7386637	8622686	9214329	13952211	79996872	
.	31	2	14	21	27	32	36	
.	31	284644	7522726	8739130	9335296	14109719	79996872	
.	32	2	14	21	27	32	36	
.	32	284355	7656787	8809172	9399883	14193777	79996872	
.	33	2	14	21	27	32	36	
.	33	270675	7648756	8754895	9333043	14084386	79996872	
.	34	2	14	21	27	32	36	
.	34	245331	7734192	8775639	9345934	14081994	79996872	
.	35	2	14	21	27	32	36	
.	35	130888	7715978	8750443	9311877	14068553	79898504	
.	36	2	14	21	27	32	36	
.	36	139788	7778833	8788005	9364967	14116877	79897458	
.	37	2	14	21	27	32	36	
.	37	136555	7748471	8711997	9264975	13943149	79896230	
.	38	2	14	21	27	32	36	
.	38	132381	7897243	8861514	9441622	14167728	79895096	
.	39	2	14	21	27	32	36	
.	39	105627	7945840	8901092	9498588	14242660	79893900	
.	40	2	14	21	27	32	36	
.	40	126425	8023423	8968372	9583528	14340584	79892498	
.	41	2	14	21	27	32	36	
.	41	121558	8122334	9098434	9754312	14503668	79890918	
.	42	2	14	21	27	32	36	
.	42	125092	8118832	9107557	9795342	14490870	79889257	
.	43	2	14	21	27	32	36	
.	43	126508	8119300	9133374	9845739	14492868	79887442	
.	44	2	14	21	27	32	36	
.	44	133835	8129654	9165000	9907828	14489098	79885471	
.	45	2	14	21	27	32	36	
.	45	132483	8194170	9277783	10075183	14635334	79883308	
.	46	2	14	21	27	32	36	
.	46	112631	8148493	9263066	10078266	14577749	79880797	
.	47	2	14	21	27	32	36	
.	47	105235	8204405	9411001	10310997	14762106	79878010	
.	48	2	14	21	27	32	36	
.	48	135584	8315969	9584390	10511652	14969144	79874925	
.	49	2	14	21	27	32	36	
.	49	116135	8243035	9521451	10478114	14877470	79871515	
.	50	2	14	21	27	32	36	
.	50	145743	8369809	9715928	10739012	15119744	79867669	
.	51	2	14	21	27	32	36	
.	51	139300	8434849	9798250	10884672	15279289	79863457	
.	52	2	14	21	27	32	36	
.	52	142351	8588952	9940582	11057930	15495235	79859098	
.	53	2	14	21	27	32	36	
.	53	123868	8609555	9937429	11100762	15690244	79854405	
.	54	2	14	21	27	32	36	
.	54	142942	8732407	10037773	11230268	15953853	79849234	
.	55	2	14	21	27	32	36	
.	55	134638	8812840	10104001	11312782	16170961	79844161	
.	56	2	14	21	27	32	36	
.	56	120016	8866658	10133792	11365336	16429792	79838404	
.	57	2	14	21	27	32	36	
.	57	132442	8931195	10177503	11418454	16750064	79832585	
.	58	2	14	21	27	32	36	
.	58	128850	9008347	10272048	11533272	16929514	79825929	
.	59	2	14	21	27	32	36	
.	59	129394	9041585	10302786	11580471	17165294	79818346	
.	60	2	14	21	27	32	36	
.	60	143062	9010890	10266842	11581222	17396161	79810075	
.	61	2	14	21	27	32	36	
.	61	139449	8990855	10243715	11612783	17601236	79800778	
.	62	2	14	21	27	32	36	
.	62	116126	9009177	10275974	11747519	18032652	79790609	
.	63	2	14	21	27	32	36	
.	63	116706	9040890	10324027	11849882	18250076	79779003	
.	64	2	14	21	27	32	36	
.	64	140794	9044694	10315502	11942383	18519826	79766424	
.	65	2	14	21	27	32	36	
.	65	120378	9091536	10369674	12049638	18813639	79751601	
.	66	2	14	21	27	32	36	
.	66	139352	9199789	10485219	12267300	19218233	79734911	
.	67	2	14	21	27	32	36	
.	67	111779	9175251	10436069	12287079	19286446	79718846	
.	68	2	14	21	27	32	36	
.	68	125704	9223591	10477272	12429046	19517892	79700024	
.	69	2	14	21	27	32	36	
.	69	129731	9288557	10549334	12553313	19694762	79677533	
.	70	2	14	21	27	32	36	
.	70	113539	9311078	10563046	12684372	19931887	79644446	
.	71	2	14	21	27	32	36	
.	71	110874	9391183	10640403	12831395	20178478	79540029	
.	72	2	14	21	27	32	36	
.	72	118067	9367907	10604364	12894634	20276706	79149496	
.	73	2	14	21	27	32	36	
.	73	118229	9192731	10392918	12692369	19925229	77433161	
.	74	2	14	21	27	32	36	
.	74	117163	8521117	9616976	11846821	18582288	71873107	
.	75	2	14	21	27	32	36	
.	75	93309	4901460	5817852	7682151	13257021	36740396	
A	0	14	21	27	32	
A	0	743758	916784	922861	10508919	
A	1	14	21	27	32	
A	1	1495523	2020530	2052800	18374515	
A	2	14	21	27	32	
A	2	1477111	2165297	2190505	21675828	
A	3	14	21	27	32	
A	3	1746585	2749245	2774098	26772943	
A	4	14	21	27	32	
A	4	1624373	2575969	2597409	25713182	
A	5	14	21	27	32	36	
A	5	1637113	2699574	2725750	4716638	26037529	
A	6	14	21	27	32	36	
A	6	923936	1613495	1631893	2560491	13411153	
A	7	14	21	27	32	36	
A	7	1272678	2000221	2013310	3445065	17524028	
A	8	14	21	27	32	36	
A	8	1332765	2059072	2070734	3535142	18190387	
A	9	14	21	27	32	36	
A	9	2074275	3051830	3066003	5451339	27040798	
A	10	14	21	27	32	36	
A	10	1180671	1919008	1931318	3378315	17737531	
A	11	14	21	27	32	36	
A	11	1282628	2049028	2061127	3472357	17767189	
A	12	14	21	27	32	36	
A	12	1510746	2344872	2358679	4010508	20558515	
A	13	14	21	27	32	36	
A	13	1550969	2403617	2420646	4091068	20643920	
A	14	14	21	27	32	36	
A	14	1566561	2422778	2439890	4135078	20671628	
A	15	14	21	27	32	36	
A	15	1583758	2407136	2425723	4116618	20690756	
A	16	14	21	27	32	36	
A	16	1638272	2456242	2479909	4197712	21189375	
A	17	14	21	27	32	36	
A	17	1685617	2520906	2551077	4297549	21614812	
A	18	14	21	27	32	36	
A	18	1719741	2537448	2575741	4298703	21515461	
A	19	14	21	27	32	36	
A	19	1844006	2634965	2682178	4455866	21819057	
A	20	14	21	27	32	36	
A	20	1858804	2629555	2683470	4445408	21734303	
A	21	14	21	27	32	36	
A	21	1893611	2636539	2699234	4453019	21681848	
A	22	14	21	27	32	36	
A	22	1909666	2624954	2692360	4430577	21693011	
A	23	14	21	27	32	36	
A	23	1990305	2676090	2751054	4493104	21604494	
A	24	14	21	27	32	36	
A	24	2087808	2725746	2816187	4554951	21623486	
A	25	14	21	27	32	36	
A	25	2172381	2793064	2884840	4607310	21661239	
A	26	14	21	27	32	36	
A	26	2150977	2763731	2855587	4560855	21640116	
A	27	14	21	27	32	36	
A	27	2236855	2813612	2909189	4598499	21617366	
A	28	14	21	27	32	36	
A	28	2212025	2781438	2881395	4552850	21541034	
A	29	14	21	27	32	36	
A	29	2258351	2832560	2925783	4611152	21842120	
A	30	14	21	27	32	36	
A	30	2242688	2783129	2880283	4552224	21646882	
A	31	14	21	27	32	36	
A	31	2281217	2818381	2911937	4578154	21774020	
A	32	14	21	27	32	36	
A	32	2351397	2866776	2952861	4620089	21784755	
A	33	14	21	27	32	36	
A	33	2345494	2834176	2922048	4579006	21732639	
A	34	14	21	27	32	36	
A	34	2437314	2902025	2987237	4662205	21911462	
A	35	14	21	27	32	36	
A	35	2450456	2919407	2997418	4649798	21979616	
A	36	14	21	27	32	36	
A	36	2518783	2972030	3059040	4735560	22025387	
A	37	14	21	27	32	36	
A	37	2489369	2920816	3001132	4639446	21986979	
A	38	14	21	27	32	36	
A	38	2603794	3037757	3127294	4806580	22082910	
A	39	14	21	27	32	36	
A	39	2600509	3020640	3117771	4809315	21783694	
A	40	14	21	27	32	36	
A	40	2623500	3035004	3139134	4854345	21868057	
A	41	14	21	27	32	36	
A	41	2660775	3078243	3192706	4907928	21999191	
A	42	14	21	27	32	36	
A	42	2625982	3038393	3169211	4857742	21795557	
A	43	14	21	27	32	36	
A	43	2627428	3040766	3179935	4848305	21753534	
A	44	14	21	27	32	36	
A	44	2623530	3039331	3184909	4832888	21855867	
A	45	14	21	27	32	36	
A	45	2660810	3076567	3245630	4891957	21672218	
A	46	14	21	27	32	36	
A	46	2690367	3105245	3282899	4931977	21842998	
A	47	14	21	27	32	36	
A	47	2734345	3166172	3375050	5013059	22007622	
A	48	14	21	27	32	36	
A	48	2746393	3178665	3392367	5005473	21702984	
A	49	14	21	27	32	36	
A	49	2742199	3163761	3390372	4996857	21784045	
A	50	14	21	27	32	36	
A	50	2785084	3215313	3458329	5060883	21798413	
A	51	14	21	27	32	36	
A	51	2833733	3254580	3528247	5146739	21803217	
A	52	14	21	27	32	36	
A	52	2886438	3309008	3583626	5212883	21976292	
A	53	14	21	27	32	36	
A	53	2927929	3345029	3648064	5330000	22091306	
A	54	14	21	27	32	36	
A	54	2975500	3377119	3682596	5403139	21936710	
A	55	14	21	27	32	36	
A	55	3011355	3414932	3720338	5467284	22034617	
A	56	14	21	27	32	36	
A	56	2994934	3394436	3689693	5459112	21979187	
A	57	14	21	27	32	36	
A	57	3053087	3446806	3741060	5595693	21995888	
A	58	14	21	27	32	36	
A	58	3137556	3537281	3823502	5684063	22174532	
A	59	14	21	27	32	36	
A	59	3213976	3614861	3900075	5821842	22293649	
A	60	14	21	27	32	36	
A	60	3221023	3623387	3922047	5908134	22140343	
A	61	14	21	27	32	36	
A	61	3276929	3683733	4012229	6082721	22378274	
A	62	14	21	27	32	36	
A	62	3302363	3715616	4072951	6234561	22521299	
A	63	14	21	27	32	36	
A	63	3295913	3712764	4081874	6255564	22308307	
A	64	14	21	27	32	36	
A	64	3305296	3716649	4130925	6379140	22399772	
A	65	14	21	27	32	36	
A	65	3334424	3749153	4173146	6471413	22501630	
A	66	14	21	27	32	36	
A	66	3369769	3787577	4239932	6586617	22402340	
A	67	14	21	27	32	36	
A	67	3374339	3783181	4271128	6647876	22487160	
A	68	14	21	27	32	36	
A	68	3383643	3787271	4309674	6717847	22512109	
A	69	14	21	27	32	36	
A	69	3337391	3744376	4286973	6698681	22284718	
A	70	14	21	27	32	36	
A	70	3291912	3696153	4296721	6762676	22268630	
A	71	14	21	27	32	36	
A	71	3280312	3680726	4314639	6826877	22167769	
A	72	14	21	27	32	36	
A	72	3217555	3614988	4285071	6799435	21690479	
A	73	14	21	27	32	36	
A	73	3037064	3405859	4049207	6408175	20287089	
A	74	14	21	27	32	36	
A	74	2515271	2808117	3366703	5292941	16199536	
A	75	
A	75	
T	0	14	21	27	32	
T	0	551154	730314	731345	11796535	
T	1	14	21	27	32	
T	1	1469942	1646543	1650243	23134378	
T	2	14	21	27	32	
T	2	1155214	1274976	1276643	18653742	
T	3	14	21	27	32	
T	3	888273	949106	949672	15108758	
T	4	14	21	27	32	
T	4	934017	991124	991720	15839140	
T	5	14	21	27	32	36	
T	5	1020940	1079474	1080153	2241471	16420452	
T	6	14	21	27	32	36	
T	6	1776185	2152491	2155360	4358728	28751389	
T	7	14	21	27	32	36	
T	7	1264821	1371161	1372432	2854569	18575261	
T	8	14	21	27	32	36	
T	8	1437011	1563424	1564868	3189739	21362578	
T	9	14	21	27	32	36	
T	9	1018537	1067832	1072272	2205481	16200979	
T	10	14	21	27	32	36	
T	10	940060	1005131	1008330	2117564	14499926	
T	11	14	21	27	32	36	
T	11	1295879	1427048	1430674	2929094	19585689	
T	12	14	21	27	32	36	
T	12	1399165	1520399	1528564	3076857	21476641	
T	13	14	21	27	32	36	
T	13	1381526	1504472	1519409	3022548	20668771	
T	14	14	21	27	32	36	
T	14	1334769	1450536	1468053	2952427	20074721	
T	15	14	21	27	32	36	
T	15	1297971	1401392	1427250	2829014	19625869	
T	16	14	21	27	32	36	
T	16	1290836	1387877	1430303	2768944	19449627	
T	17	14	21	27	32	36	
T	17	1314858	1406323	1468473	2815343	19604996	
T	18	14	21	27	32	36	
T	18	1336623	1426725	1516170	2833449	19408473	
T	19	14	21	27	32	36	
T	19	1371372	1448783	1569904	2861872	19372305	
T	20	14	21	27	32	36	
T	20	1393492	1469086	1613759	2905878	19636042	
T	21	14	21	27	32	36	
T	21	1385680	1457548	1625947	2887516	19433394	
T	22	14	21	27	32	36	
T	22	1388071	1455754	1639988	2885704	19484141	
T	23	14	21	27	32	36	
T	23	1433921	1499452	1717339	2961152	19822254	
T	24	14	21	27	32	36	
T	24	1454425	1510478	1770581	2965814	19608782	
T	25	14	21	27	32	36	
T	25	1501175	1555428	1838644	3026219	19480410	
T	26	14	21	27	32	36	
T	26	1523074	1577843	1865441	3059632	19871415	
T	27	14	21	27	32	36	
T	27	1513716	1561568	1869691	3032438	19662739	
T	28	14	21	27	32	36	
T	28	1507244	1555752	1864294	3013530	19645731	
T	29	14	21	27	32	36	
T	29	1588183	1638498	1947521	3123911	19955014	
T	30	14	21	27	32	36	
T	30	1558671	1605279	1918950	3076132	19851148	
T	31	14	21	27	32	36	
T	31	1611905	1659950	1973955	3135545	19691297	
T	32	14	21	27	32	36	
T	32	1695782	1740164	2065082	3255018	20038463	
T	33	14	21	27	32	36	
T	33	1644183	1685669	2002954	3160275	19683137	
T	34	14	21	27	32	36	
T	34	1626752	1662804	1979994	3129914	19632030	
T	35	14	21	27	32	36	
T	35	1727739	1768316	2083612	3267557	19944981	
T	36	14	21	27	32	36	
T	36	1643656	1681430	2007673	3175995	19694224	
T	37	14	21	27	32	36	
T	37	1670686	1709394	2018010	3161394	19651708	
T	38	14	21	27	32	36	
T	38	1641629	1685048	2009976	3186443	19934840	
T	39	14	21	27	32	36	
T	39	1605320	1651023	1972623	3129526	19743464	
T	40	14	21	27	32	36	
T	40	1598465	1649697	1972952	3117514	19694412	
T	41	14	21	27	32	36	
T	41	1652373	1725141	2058312	3206902	19876110	
T	42	14	21	27	32	36	
T	42	1638948	1725519	2068150	3189698	19737469	
T	43	14	21	27	32	36	
T	43	1626760	1731022	2074923	3169051	19638375	
T	44	14	21	27	32	36	
T	44	1662576	1786392	2140527	3227252	19908079	
T	45	14	21	27	32	36	
T	45	1636393	1782232	2149030	3213107	19709222	
T	46	14	21	27	32	36	
T	46	1636732	1796149	2164815	3202167	19857755	
T	47	14	21	27	32	36	
T	47	1643330	1844561	2233847	3257458	19949891	
T	48	14	21	27	32	36	
T	48	1636326	1857110	2249311	3277148	19768072	
T	49	14	21	27	32	36	
T	49	1619303	1855873	2247808	3234015	19641565	
T	50	14	21	27	32	36	
T	50	1673971	1941114	2360021	3361306	19937277	
T	51	14	21	27	32	36	
T	51	1639785	1929871	2360796	3353089	19589644	
T	52	14	21	27	32	36	
T	52	1693426	1997755	2448101	3467985	19723906	
T	53	14	21	27	32	36	
T	53	1676447	2000618	2457607	3530631	19819360	
T	54	14	21	27	32	36	
T	54	1675366	2009923	2483022	3598149	19714099	
T	55	14	21	27	32	36	
T	55	1706658	2043197	2523982	3684343	19649019	
T	56	14	21	27	32	36	
T	56	1807950	2155750	2661608	3919741	20032099	
T	57	14	21	27	32	36	
T	57	1827526	2180480	2693983	4028668	19894161	
T	58	14	21	27	32	36	
T	58	1838348	2203916	2738131	4116176	19783358	
T	59	14	21	27	32	36	
T	59	1861837	2231021	2782343	4250840	20144784	
T	60	14	21	27	32	36	
T	60	1804453	2170492	2724312	4245960	19858779	
T	61	14	21	27	32	36	
T	61	1767363	2129937	2690981	4247624	19727467	
T	62	14	21	27	32	36	
T	62	1791784	2162115	2759384	4425240	19964630	
T	63	14	21	27	32	36	
T	63	1778706	2152666	2761922	4458680	19823661	
T	64	14	21	27	32	36	
T	64	1771070	2141934	2769867	4503770	19787684	
T	65	14	21	27	32	36	
T	65	1796296	2168528	2815493	4618834	19868069	
T	66	14	21	27	32	36	
T	66	1804695	2179407	2852646	4713407	19791187	
T	67	14	21	27	32	36	
T	67	1799030	2163046	2842021	4690658	19694903	
T	68	14	21	27	32	36	
T	68	1846150	2214833	2927216	4831605	20041060	
T	69	14	21	27	32	36	
T	69	1854328	2218538	2935743	4828702	19865496	
T	70	14	21	27	32	36	
T	70	1866082	2225508	2960739	4862721	19810459	
T	71	14	21	27	32	36	
T	71	1886086	2248315	3001712	4926731	19988949	
T	72	14	21	27	32	36	
T	72	1851446	2209234	2979713	4880042	19804200	
T	73	14	21	27	32	36	
T	73	1843295	2202230	2986199	4889446	19753729	
T	74	14	21	27	32	36	
T	74	1850939	2208241	3007810	4927466	19876746	
T	75	14	21	27	32	36	
T	75	1685981	2094520	2860643	5049750	13860332	
G	0	14	21	27	32	
G	0	1370206	2280893	2340164	27097862	
G	1	14	21	27	32	
G	1	1650169	2203515	2236923	20207967	
G	2	14	21	27	32	
G	2	1205747	1985726	2006515	18814622	
G	3	14	21	27	32	
G	3	1099752	2118904	2141764	20398178	
G	4	14	21	27	32	
G	4	1045366	2131458	2152454	20754760	
G	5	14	21	27	32	36	
G	5	935999	1930791	1949233	2803107	17912943	
G	6	14	21	27	32	36	
G	6	825269	1832017	1843572	2729546	15868341	
G	7	14	21	27	32	36	
G	7	1123436	2209974	2217575	3287595	18413187	
G	8	14	21	27	32	36	
G	8	1093159	2129654	2135832	3162377	17277269	
G	9	14	21	27	32	36	
G	9	1344930	2403695	2412922	3446025	19339663	
G	10	14	21	27	32	36	
G	10	1349690	2604621	2613699	3786428	22396341	
G	11	14	21	27	32	36	
G	11	1217087	2383824	2391462	3462491	19244534	
G	12	14	21	27	32	36	
G	12	1177750	2281782	2291105	3293148	18029305	
G	13	14	21	27	32	36	
G	13	1232914	2386150	2397428	3423451	18762004	
G	14	14	21	27	32	36	
G	14	1249477	2408737	2421192	3438914	18730042	
G	15	14	21	27	32	36	
G	15	1299860	2440929	2456602	3492795	19279888	
G	16	14	21	27	32	36	
G	16	1322744	2439789	2457978	3475312	19284845	
G	17	14	21	27	32	36	
G	17	1329961	2403251	2422719	3415214	18853548	
G	18	14	21	27	32	36	
G	18	1410828	2469971	2492288	3492260	19182129	
G	19	14	21	27	32	36	
G	19	1520317	2507334	2533390	3505313	19142588	
G	20	14	21	27	32	36	
G	20	1548419	2481239	2509352	3467039	18795357	
G	21	14	21	27	32	36	
G	21	1602362	2499649	2531617	3507309	18950837	
G	22	14	21	27	32	36	
G	22	1613080	2490013	2523944	3514338	19098658	
G	23	14	21	27	32	36	
G	23	1660807	2511020	2548735	3504615	18770739	
G	24	14	21	27	32	36	
G	24	1770891	2543631	2587198	3538280	18961175	
G	25	14	21	27	32	36	
G	25	1807671	2510397	2558090	3499737	18868964	
G	26	14	21	27	32	36	
G	26	1833396	2505801	2551451	3483092	18672283	
G	27	14	21	27	32	36	
G	27	1886112	2515325	2563805	3491521	18852459	
G	28	14	21	27	32	36	
G	28	1926576	2545133	2593666	3525028	18921835	
G	29	14	21	27	32	36	
G	29	1909297	2497826	2544601	3460195	18501405	
G	30	14	21	27	32	36	
G	30	1965114	2526725	2571601	3494609	18661316	
G	31	14	21	27	32	36	
G	31	1975961	2518723	2564612	3499816	18743303	
G	32	14	21	27	32	36	
G	32	1935775	2441747	2486136	3403854	18369542	
G	33	14	21	27	32	36	
G	33	2015677	2508199	2551986	3488122	18817667	
G	34	14	21	27	32	36	
G	34	2059818	2525112	2567893	3494415	18926019	
G	35	14	21	27	32	36	
G	35	1993044	2439304	2480226	3391813	18438554	
G	36	14	21	27	32	36	
G	36	2076525	2521338	2562289	3475952	18631908	
G	37	14	21	27	32	36	
G	37	2054626	2473846	2515466	3426564	18696084	
G	38	14	21	27	32	36	
G	38	2112329	2529304	2570446	3464086	18418953	
G	39	14	21	27	32	36	
G	39	2216002	2634861	2677779	3594159	18811913	
G	40	14	21	27	32	36	
G	40	2262454	2672829	2716421	3642627	18840907	
G	41	14	21	27	32	36	
G	41	2252600	2657143	2703811	3621115	18568935	
G	42	14	21	27	32	36	
G	42	2286724	2689015	2738875	3669980	18791478	
G	43	14	21	27	32	36	
G	43	2291813	2695317	2750576	3691342	18922543	
G	44	14	21	27	32	36	
G	44	2265053	2658236	2716182	3639102	18621200	
G	45	14	21	27	32	36	
G	45	2296554	2707824	2771546	3699740	18816936	
G	46	14	21	27	32	36	
G	46	2273706	2698121	2764994	3695977	18854985	
G	47	14	21	27	32	36	
G	47	2250145	2689981	2764952	3682441	18528807	
G	48	14	21	27	32	36	
G	48	2287726	2762305	2842826	3775801	18824282	
G	49	14	21	27	32	36	
G	49	2265725	2736039	2823218	3760884	18935379	
G	50	14	21	27	32	36	
G	50	2244640	2726759	2817093	3732793	18579349	
G	51	14	21	27	32	36	
G	51	2311277	2790849	2889917	3808476	18797486	
G	52	14	21	27	32	36	
G	52	2359549	2805054	2908711	3830134	18780892	
G	53	14	21	27	32	36	
G	53	2376938	2786495	2893461	3829585	18558480	
G	54	14	21	27	32	36	
G	54	2416765	2808962	2919565	3877389	18720085	
G	55	14	21	27	32	36	
G	55	2427606	2800127	2915755	3894588	18742735	
G	56	14	21	27	32	36	
G	56	2370986	2709905	2824686	3814745	18260249	
G	57	14	21	27	32	36	
G	57	2348817	2679597	2798462	3835120	18472483	
G	58	14	21	27	32	36	
G	58	2322542	2656314	2779757	3814953	18458715	
G	59	14	21	27	32	36	
G	59	2270263	2600331	2724505	3767433	18122352	
G	60	14	21	27	32	36	
G	60	2271391	2600437	2733947	3826951	18385650	
G	61	14	21	27	32	36	
G	61	2256221	2584553	2725445	3851925	18413432	
G	62	14	21	27	32	36	
G	62	2231891	2557676	2710453	3873260	18045018	
G	63	14	21	27	32	36	
G	63	2261233	2590177	2752899	3949113	18228547	
G	64	14	21	27	32	36	
G	64	2262705	2589813	2772401	4022217	18334861	
G	65	14	21	27	32	36	
G	65	2250532	2576945	2762428	4026445	18107414	
G	66	14	21	27	32	36	
G	66	2273069	2600254	2804270	4107595	18115347	
G	67	14	21	27	32	36	
G	67	2298317	2626459	2848601	4194413	18337016	
G	68	14	21	27	32	36	
G	68	2283993	2607466	2840848	4187940	18032972	
G	69	14	21	27	32	36	
G	69	2356344	2685970	2932171	4313032	18278238	
G	70	14	21	27	32	36	
G	70	2428418	2756916	3024204	4452665	18432767	
G	71	14	21	27	32	36	
G	71	2495868	2817907	3092676	4537210	18303241	
G	72	14	21	27	32	36	
G	72	2552301	2866924	3166886	4655153	18414998	
G	73	14	21	27	32	36	
G	73	2569330	2873973	3186512	4680903	18281511	
G	74	14	21	27	32	36	
G	74	2413412	2687107	2992008	4389844	16789851	
G	75	14	21	27	32	36	
G	75	1487576	1667424	2008490	3282004	9147949	
C	0	14	21	27	32	
C	0	1291346	1724126	1734209	30440826	
C	1	14	21	27	32	
C	1	906218	1151520	1158844	18109621	
C	2	14	21	27	32	
C	2	1089663	1282575	1286124	20673334	
C	3	14	21	27	32	
C	3	907292	1043676	1046102	17509592	
C	4	14	21	27	32	
C	4	881366	1005947	1008307	17482030	
C	5	14	21	27	32	36	
C	5	1042122	1178675	1181595	2238044	19391618	
C	6	14	21	27	32	36	
C	6	1275857	1519066	1522531	2948058	21743402	
C	7	14	21	27	32	36	
C	7	1506162	1685462	1688525	3301011	25243848	
C	8	14	21	27	32	36	
C	8	1374501	1540610	1543038	2997745	22907721	
C	9	14	21	27	32	36	
C	9	994068	1097534	1101829	2109824	17167024	
C	10	14	21	27	32	36	
C	10	1410048	1597457	1601642	2970065	25089419	
C	11	14	21	27	32	36	
C	11	1408786	1596702	1600661	2969245	23117844	
C	12	14	21	27	32	36	
C	12	1195331	1336740	1342861	2501309	19654654	
C	13	14	21	27	32	36	
C	13	1203469	1348910	1359147	2547860	19675431	
C	14	14	21	27	32	36	
C	14	1244847	1392240	1403434	2599537	20265135	
C	15	14	21	27	32	36	
C	15	1225315	1361570	1378610	2546945	20133379	
C	16	14	21	27	32	36	
C	16	1188699	1324060	1350052	2474868	19792341	
C	17	14	21	27	32	36	
C	17	1188303	1321819	1356655	2457409	19634167	
C	18	14	21	27	32	36	
C	18	1197658	1331354	1381495	2468471	19607379	
C	19	14	21	27	32	36	
C	19	1194746	1318600	1386175	2449975	19397801	
C	20	14	21	27	32	36	
C	20	1223305	1347143	1422951	2482546	19563240	
C	21	14	21	27	32	36	
C	21	1241254	1359037	1450686	2511643	19649686	
C	22	14	21	27	32	36	
C	22	1237811	1350060	1445381	2485836	19446575	
C	23	14	21	27	32	36	
C	23	1257211	1361727	1473696	2504478	19510533	
C	24	14	21	27	32	36	
C	24	1281997	1380764	1510558	2526999	19548845	
C	25	14	21	27	32	36	
C	25	1318216	1416534	1547858	2573183	19694707	
C	26	14	21	27	32	36	
C	26	1309148	1406631	1535401	2541155	19522429	
C	27	14	21	27	32	36	
C	27	1322000	1411725	1544673	2539306	19587382	
C	28	14	21	27	32	36	
C	28	1323317	1413634	1547209	2536315	19586199	
C	29	14	21	27	32	36	
C	29	1338527	1429688	1567073	2560945	19412058	
C	30	14	21	27	32	36	
C	30	1331320	1418709	1554651	2540402	19548682	
C	31	14	21	27	32	36	
C	31	1368999	1457432	1600148	2611560	19503608	
C	32	14	21	27	32	36	
C	32	1389478	1476130	1611449	2630461	19519757	
C	33	14	21	27	32	36	
C	33	1372727	1456176	1585380	2586308	19492754	
C	34	14	21	27	32	36	
C	34	1364977	1440367	1565479	2550129	19282030	
C	35	14	21	27	32	36	
C	35	1413851	1492528	1619733	2628497	19404465	
C	36	14	21	27	32	36	
C	36	1400081	1473419	1596177	2589582	19406151	
C	37	14	21	27	32	36	
C	37	1397235	1471386	1593812	2579190	19424904	
C	38	14	21	27	32	36	
C	38	1407110	1477024	1601525	2578238	19326012	
C	39	14	21	27	32	36	
C	39	1418382	1488941	1624788	2604033	19449202	
C	40	14	21	27	32	36	
C	40	1412579	1484417	1628596	2599673	19362697	
C	41	14	21	27	32	36	
C	41	1435028	1516349	1677925	2646165	19325124	
C	42	14	21	27	32	36	
C	42	1442086	1529538	1694014	2648358	19439661	
C	43	14	21	27	32	36	
C	43	1446791	1539761	1713797	2657662	19446482	
C	44	14	21	27	32	36	
C	44	1444660	1547206	1732375	2656021	19366490	
C	45	14	21	27	32	36	
C	45	1467930	1578677	1776494	2698047	19552449	
C	46	14	21	27	32	36	
C	46	1435057	1550920	1752927	2634997	19212428	
C	47	14	21	27	32	36	
C	47	1471350	1605052	1831913	2703913	19286455	
C	48	14	21	27	32	36	
C	48	1509940	1650726	1891564	2775138	19444003	
C	49	14	21	27	32	36	
C	49	1499673	1649643	1900581	2769579	19394391	
C	50	14	21	27	32	36	
C	50	1520371	1686999	1957826	2819019	19406887	
C	51	14	21	27	32	36	
C	51	1510754	1683650	1966412	2831685	19533810	
C	52	14	21	27	32	36	
C	52	1507188	1686414	1975141	2841882	19235657	
C	53	14	21	27	32	36	
C	53	1504373	1681419	1977762	2876160	19261391	
C	54	14	21	27	32	36	
C	54	1521834	1698827	2002143	2932234	19335398	
C	55	14	21	27	32	36	
C	55	1532583	1711107	2018069	2990108	19283152	
C	56	14	21	27	32	36	
C	56	1572772	1753685	2069333	3116178	19446853	
C	57	14	21	27	32	36	
C	57	1569323	1738178	2052507	3158141	19337611	
C	58	14	21	27	32	36	
C	58	1581051	1745687	2063032	3185472	19280474	
C	59	14	21	27	32	36	
C	59	1566115	1727179	2044154	3195785	19128167	
C	60	14	21	27	32	36	
C	60	1570961	1729464	2057854	3272054	19282241	
C	61	14	21	27	32	36	
C	61	1550893	1706043	2044679	3279517	19142156	
C	62	14	21	27	32	36	
C	62	1567013	1724441	2088605	3383465	19143536	
C	63	14	21	27	32	36	
C	63	1588332	1751714	2136481	3470013	19301782	
C	64	14	21	27	32	36	
C	64	1564829	1726312	2128396	3473905	19103313	
C	65	14	21	27	32	36	
C	65	1589906	1754670	2178193	3576569	19154110	
C	66	14	21	27	32	36	
C	66	1612904	1778629	2231100	3671262	19286685	
C	67	14	21	27	32	36	
C	67	1591786	1751604	2213550	3641720	19087988	
C	68	14	21	27	32	36	
C	68	1584101	1741998	2225604	3654796	18988179	
C	69	14	21	27	32	36	
C	69	1610763	1770719	2268695	3724616	19119350	
C	70	14	21	27	32	36	
C	70	1611127	1770930	2289169	3740286	19019051	
C	71	14	21	27	32	36	
C	71	1618043	1782581	2311494	3776786	18969196	
C	72	14	21	27	32	36	
C	72	1628538	1795151	2344897	3824009	19121752	
C	73	14	21	27	32	36	
C	73	1624813	1792627	2352222	3828476	18992603	
C	74	14	21	27	32	36	
C	74	1624332	1796348	2363137	3854874	18889811	
C	75	14	21	27	32	36	
C	75	1634594	1962599	2719709	4831958	13638806	
N	0	2	
N	0	152730	
N	1	2	
N	1	170391	
N	2	2	
N	2	179346	
N	3	2	
N	3	207401	
N	4	2	
N	4	207760	
N	5	2	
N	5	234330	
N	6	2	
N	6	222587	
N	7	2	
N	7	240548	
N	8	2	
N	8	258917	
N	9	2	
N	9	248408	
N	10	2	
N	10	273655	
N	11	2	
N	11	281616	
N	12	2	
N	12	277757	
N	13	2	
N	13	246746	
N	14	2	
N	14	255346	
N	15	2	
N	15	266980	
N	16	2	
N	16	280684	
N	17	2	
N	17	289349	
N	18	2	
N	18	283430	
N	19	2	
N	19	265121	
N	20	2	
N	20	267930	
N	21	2	
N	21	281107	
N	22	2	
N	22	274487	
N	23	2	
N	23	288852	
N	24	2	
N	24	254584	
N	25	2	
N	25	291552	
N	26	2	
N	26	290629	
N	27	2	
N	27	276926	
N	28	2	
N	28	302073	
N	29	2	
N	29	286275	
N	30	2	
N	30	288844	
N	31	2	
N	31	284644	
N	32	2	
N	32	284355	
N	33	2	
N	33	270675	
N	34	2	
N	34	245331	
N	35	2	
N	35	130888	
N	36	2	
N	36	139788	
N	37	2	
N	37	136555	
N	38	2	
N	38	132381	
N	39	2	
N	39	105627	
N	40	2	
N	40	126425	
N	41	2	
N	41	121558	
N	42	2	
N	42	125092	
N	43	2	
N	43	126508	
N	44	2	
N	44	133835	
N	45	2	
N	45	132483	
N	46	2	
N	46	112631	
N	47	2	
N	47	105235	
N	48	2	
N	48	135584	
N	49	2	
N	49	116135	
N	50	2	
N	50	145743	
N	51	2	
N	51	139300	
N	52	2	
N	52	142351	
N	53	2	
N	53	123868	
N	54	2	
N	54	142942	
N	55	2	
N	55	134638	
N	56	2	
N	56	120016	
N	57	2	
N	57	132442	
N	58	2	
N	58	128850	
N	59	2	
N	59	129394	
N	60	2	
N	60	143062	
N	61	2	
N	61	139449	
N	62	2	
N	62	116126	
N	63	2	
N	63	116706	
N	64	2	
N	64	140794	
N	65	2	
N	65	120378	
N	66	2	
N	66	139352	
N	67	2	
N	67	111779	
N	68	2	
N	68	125704	
N	69	2	
N	69	129731	
N	70	2	
N	70	113539	
N	71	2	
N	71	110874	
N	72	2	
N	72	118067	
N	73	2	
N	73	118229	
N	74	2	
N	74	117163	
N	75	2	
N	75	93309	
