.	0	2	14	21	27	32	
.	0	54730	2499661	4235547	4372693	79996872	
.	1	2	14	21	27	32	
.	1	40034	2519471	3635322	3666129	79996872	
.	2	2	14	21	27	32	
.	2	41646	2252283	3384304	3409082	79996872	
.	3	2	14	21	27	32	
.	3	39513	2071226	3253076	3280710	79996872	
.	4	2	14	21	27	32	
.	4	38797	1769105	2973582	3006829	79996872	
.	5	2	14	21	27	32	36	
.	5	39131	2114333	3956178	4005995	7971551	79996872	
.	6	2	14	21	27	32	36	
.	6	38826	2108030	3849990	3881848	8089379	79996872	
.	7	2	14	21	27	32	36	
.	7	39779	2487246	3799297	3813212	8375046	79996872	
.	8	2	14	21	27	32	36	
.	8	38814	2525567	3804215	3814444	8367101	79996872	
.	9	2	14	21	27	32	36	
.	9	38855	2596309	4010479	4022517	8506326	79996872	
.	10	2	14	21	27	32	36	
.	10	39823	2244934	3637832	3651269	7628446	79996872	
.	11	2	14	21	27	32	36	
.	11	39006	2265204	3661602	3679951	7828342	79996872	
.	12	2	14	21	27	32	36	
.	12	39544	2325437	3761558	3781100	8030328	79996872	
.	13	2	14	21	27	32	36	
.	13	38801	2338883	3802701	3821676	8172743	79996872	
.	14	2	14	21	27	32	36	
.	14	38827	2373550	3834998	3855844	8247271	79996872	
.	15	2	14	21	27	32	36	
.	15	38789	2336875	3778412	3799010	8156183	79996872	
.	16	2	14	21	27	32	36	
.	16	40101	2361591	3836447	3855192	8255825	79996872	
.	17	2	14	21	27	32	36	
.	17	38788	2356086	3834950	3859773	8282256	79996872	
.	18	2	14	21	27	32	36	
.	18	38811	2396199	3882458	3906828	8414653	79996872	
.	19	2	14	21	27	32	36	
.	19	38798	2410041	3869554	3902464	8414514	79996872	
.	20	2	14	21	27	32	36	
.	20	39648	2446949	3906248	3941809	8489929	79996872	
.	21	2	14	21	27	32	36	
.	21	39367	2513519	3941369	3998069	8625820	79996872	
.	22	2	14	21	27	32	36	
.	22	39215	2547110	3982876	4044665	8684798	79996872	
.	23	2	14	21	27	32	36	
.	23	42759	2593609	3978083	4057805	8695550	79996872	
.	24	2	14	21	27	32	36	
.	24	45028	2678218	3998296	4116181	8724717	79996872	
.	25	2	14	21	27	32	36	
.	25	45465	2888428	4249598	4380757	9007254	79996872	
.	26	2	14	21	27	32	36	
.	26	42885	3009771	4292204	4475032	9092009	79996872	
.	27	2	14	21	27	32	36	
.	27	42445	3108771	4351541	4565011	9206588	79996872	
.	28	2	14	21	27	32	36	
.	28	46602	3172923	4321525	4567849	9158554	79996872	
.	29	2	14	21	27	32	36	
.	29	44803	3251547	4387446	4669559	9285410	79996872	
.	30	2	14	21	27	32	36	
.	30	50402	3373266	4446711	4774863	9408060	79996872	
.	31	2	14	21	27	32	36	
.	31	46080	3445335	4430915	4799595	9370818	79996872	
.	32	2	14	21	27	32	36	
.	32	48485	3538461	4516129	4910534	9508045	79996872	
.	33	2	14	21	27	32	36	
.	33	42923	3573282	4481420	4897459	9436820	79996872	
.	34	2	14	21	27	32	36	
.	34	47163	3644841	4574397	4998079	9583644	79996872	
.	35	2	14	21	27	32	36	
.	35	10092	3687137	4564039	5018063	9591607	79957031	
.	36	2	14	21	27	32	36	
.	36	12215	3719041	4545057	5017329	9568888	79955883	
.	37	2	14	21	27	32	36	
.	37	5526	3791585	4591951	5068735	9630073	79954634	
.	38	2	14	21	27	32	36	
.	38	13294	3872613	4680554	5161608	9773422	79953420	
.	39	2	14	21	27	32	36	
.	39	10125	3922040	4653688	5147430	9751016	79952161	
.	40	2	14	21	27	32	36	
.	40	18689	4039939	4740970	5232438	9884326	79950772	
.	41	2	14	21	27	32	36	
.	41	7334	4170120	4917769	5382347	10083439	79949205	
.	42	2	14	21	27	32	36	
.	42	11719	4252472	4900108	5395101	10106037	79947591	
.	43	2	14	21	27	32	36	
.	43	11677	4511254	5147216	5616680	10277975	79945870	
.	44	2	14	21	27	32	36	
.	44	4341	4356748	4922394	5436507	10114048	79943987	
.	45	2	14	21	27	32	36	
.	45	5135	4329146	4926054	5415017	10046115	79941818	
.	46	2	14	21	27	32	36	
.	46	7389	4333778	4902632	5413962	10029695	79939371	
.	47	2	14	21	27	32	36	
.	47	6162	4426233	5007925	5505014	10148530	79936718	
.	48	2	14	21	27	32	36	
.	48	7168	4442762	4989465	5499234	10107759	79933762	
.	49	2	14	21	27	32	36	
.	49	8893	4488515	5061054	5589288	10235633	79930488	
.	50	2	14	21	27	32	36	
.	50	9987	4592795	5159477	5712338	10367775	79926855	
.	51	2	14	21	27	32	36	
.	51	12772	4639284	5213387	5806777	10414802	79922771	
.	52	2	14	21	27	32	36	
.	52	7410	4584300	5184657	5803900	10324999	79918413	
.	53	2	14	21	27	32	36	
.	53	8001	4646291	5281588	5936615	10400152	79913710	
.	54	2	14	21	27	32	36	
.	54	5006	4701069	5373963	6076553	10437196	79908735	
.	55	2	14	21	27	32	36	
.	55	4582	4721101	5394670	6107128	10494193	79903684	
.	56	2	14	21	27	32	36	
.	56	13958	4813069	5527395	6297744	10670084	79898053	
.	57	2	14	21	27	32	36	
.	57	5818	4763099	5495436	6290539	10650114	79892253	
.	58	2	14	21	27	32	36	
.	58	10531	4887443	5658479	6517161	10863321	79885526	
.	59	2	14	21	27	32	36	
.	59	7231	4896514	5689493	6603973	10956599	79878110	
.	60	2	14	21	27	32	36	
.	60	12215	4911680	5722281	6675066	11062456	79870011	
.	61	2	14	21	27	32	36	
.	61	12758	4984980	5818312	6815204	11302149	79860799	
.	62	2	14	21	27	32	36	
.	62	4501	5060443	5891787	6932613	11560992	79850683	
.	63	2	14	21	27	32	36	
.	63	13825	5029240	5873817	6928646	11605687	79839073	
.	64	2	14	21	27	32	36	
.	64	3823	5120785	5986966	7085928	11923445	79826664	
.	65	2	14	21	27	32	36	
.	65	8689	5193703	6078241	7213011	12184600	79812568	
.	66	2	14	21	27	32	36	
.	66	8472	5160151	6045709	7203554	12291312	79796508	
.	67	2	14	21	27	32	36	
.	67	5224	5147306	6029389	7218461	12629114	79780770	
.	68	2	14	21	27	32	36	
.	68	8138	5231544	6116184	7338763	12831091	79763026	
.	69	2	14	21	27	32	36	
.	69	7622	5276818	6158892	7390689	13143020	79735927	
.	70	2	14	21	27	32	36	
.	70	18140	5305256	6182503	7446129	13381114	79708551	
.	71	2	14	21	27	32	36	
.	71	10128	5349565	6250742	7496452	13503473	79614656	
.	72	2	14	21	27	32	36	
.	72	13698	5395396	6318206	7562684	13686944	79261746	
.	73	2	14	21	27	32	36	
.	73	12351	5475126	6412923	7724917	14068839	77745971	
.	74	2	14	21	27	32	36	
.	74	7417	5029660	5795066	7114229	13175930	71663716	
.	75	2	14	21	27	32	36	
.	75	7931	3712953	4298877	5668216	11404320	44674959	
A	0	14	21	27	32	
A	0	630830	858461	862275	12493895	
A	1	14	21	27	32	
A	1	785548	1182495	1193491	19189108	
A	2	14	21	27	32	
A	2	828584	1369298	1382147	24111640	
A	3	14	21	27	32	
A	3	1022330	1634037	1648045	28930863	
A	4	14	21	27	32	
A	4	819182	1390556	1405581	27546492	
A	5	14	21	27	32	36	
A	5	681032	1650074	1676856	3067023	25023314	
A	6	14	21	27	32	36	
A	6	389761	1056123	1073445	1977331	17119851	
A	7	14	21	27	32	36	
A	7	469316	1009199	1017270	1988225	16642268	
A	8	14	21	27	32	36	
A	8	435862	971390	977966	1931477	16263856	
A	9	14	21	27	32	36	
A	9	1040601	1917646	1924965	3816371	27767320	
A	10	14	21	27	32	36	
A	10	488558	1151335	1160300	2195682	19230831	
A	11	14	21	27	32	36	
A	11	387140	1063121	1076911	1995236	17885154	
A	12	14	21	27	32	36	
A	12	495532	1267636	1282356	2394649	20502989	
A	13	14	21	27	32	36	
A	13	506558	1297078	1311046	2436492	20588412	
A	14	14	21	27	32	36	
A	14	524245	1301411	1314285	2452501	20586519	
A	15	14	21	27	32	36	
A	15	508638	1282070	1295009	2415369	20406317	
A	16	14	21	27	32	36	
A	16	525382	1314703	1326811	2471335	20701357	
A	17	14	21	27	32	36	
A	17	513345	1300078	1312365	2455552	20639139	
A	18	14	21	27	32	36	
A	18	533852	1322071	1333573	2502457	20824693	
A	19	14	21	27	32	36	
A	19	547636	1331880	1342501	2524944	20903694	
A	20	14	21	27	32	36	
A	20	550145	1323078	1333068	2507633	20670832	
A	21	14	21	27	32	36	
A	21	594985	1360197	1369711	2589286	21192689	
A	22	14	21	27	32	36	
A	22	597117	1362493	1371804	2596852	21169635	
A	23	14	21	27	32	36	
A	23	586057	1323851	1333109	2519387	20766500	
A	24	14	21	27	32	36	
A	24	627881	1333839	1343073	2538108	20847285	
A	25	14	21	27	32	36	
A	25	694362	1415500	1424864	2633407	21003185	
A	26	14	21	27	32	36	
A	26	736085	1418007	1428105	2637238	20861541	
A	27	14	21	27	32	36	
A	27	798220	1461693	1471814	2721932	21283946	
A	28	14	21	27	32	36	
A	28	807205	1421534	1431885	2647855	20887463	
A	29	14	21	27	32	36	
A	29	832613	1441470	1452697	2678422	20910063	
A	30	14	21	27	32	36	
A	30	876681	1459967	1471994	2713158	20907755	
A	31	14	21	27	32	36	
A	31	927030	1469201	1481155	2734989	21176365	
A	32	14	21	27	32	36	
A	32	936988	1476477	1489428	2728970	20822479	
A	33	14	21	27	32	36	
A	33	972763	1476955	1489353	2728974	20985709	
A	34	14	21	27	32	36	
A	34	993567	1509760	1523025	2779338	20941823	
A	35	14	21	27	32	36	
A	35	1024128	1517292	1530942	2782530	20978874	
A	36	14	21	27	32	36	
A	36	1055374	1528027	1541458	2809991	21308062	
A	37	14	21	27	32	36	
A	37	1088232	1550427	1564011	2838733	21397837	
A	38	14	21	27	32	36	
A	38	1119755	1592940	1606610	2898100	21355938	
A	39	14	21	27	32	36	
A	39	1122560	1538073	1550895	2813233	20845078	
A	40	14	21	27	32	36	
A	40	1172562	1575665	1588208	2867235	21098610	
A	41	14	21	27	32	36	
A	41	1285235	1727510	1740436	3074205	21278160	
A	42	14	21	27	32	36	
A	42	1213656	1568635	1579640	2847444	20932262	
A	43	14	21	27	32	36	
A	43	1274811	1636117	1647760	2944854	21136872	
A	44	14	21	27	32	36	
A	44	1273552	1604945	1615596	2890556	20943340	
A	45	14	21	27	32	36	
A	45	1276887	1626087	1637130	2918977	20972971	
A	46	14	21	27	32	36	
A	46	1314367	1642037	1653640	2958037	21161576	
A	47	14	21	27	32	36	
A	47	1313108	1651312	1663042	2948188	20857413	
A	48	14	21	27	32	36	
A	48	1403749	1715414	1727273	3034283	21157141	
A	49	14	21	27	32	36	
A	49	1360738	1681354	1695502	2993979	20970928	
A	50	14	21	27	32	36	
A	50	1363249	1670302	1685261	2977883	20736644	
A	51	14	21	27	32	36	
A	51	1406911	1706701	1724789	3036506	20985879	
A	52	14	21	27	32	36	
A	52	1392963	1692976	1714270	3008020	20976864	
A	53	14	21	27	32	36	
A	53	1390005	1686908	1711536	2987742	20732916	
A	54	14	21	27	32	36	
A	54	1387250	1689309	1718964	2979016	20653904	
A	55	14	21	27	32	36	
A	55	1397422	1691388	1719983	2985728	20612826	
A	56	14	21	27	32	36	
A	56	1436653	1732173	1768656	3052382	20740465	
A	57	14	21	27	32	36	
A	57	1445406	1747229	1784356	3077301	20784849	
A	58	14	21	27	32	36	
A	58	1504860	1797498	1842298	3159108	20993722	
A	59	14	21	27	32	36	
A	59	1475752	1769006	1817905	3107312	20842755	
A	60	14	21	27	32	36	
A	60	1497076	1781571	1833406	3140007	20767240	
A	61	14	21	27	32	36	
A	61	1506443	1789241	1843495	3159459	20852094	
A	62	14	21	27	32	36	
A	62	1545091	1821175	1880630	3225789	20783402	
A	63	14	21	27	32	36	
A	63	1540946	1813817	1871561	3222302	20678053	
A	64	14	21	27	32	36	
A	64	1597216	1864344	1928064	3333985	20943173	
A	65	14	21	27	32	36	
A	65	1687938	1960550	2027741	3472672	21056777	
A	66	14	21	27	32	36	
A	66	1675872	1941630	2012997	3499869	21291145	
A	67	14	21	27	32	36	
A	67	1672368	1929368	2003373	3550524	21314246	
A	68	14	21	27	32	36	
A	68	1684707	1943022	2020673	3561466	21144049	
A	69	14	21	27	32	36	
A	69	1706400	1959201	2038680	3640810	21119069	
A	70	14	21	27	32	36	
A	70	1725252	1971626	2058741	3710401	21301993	
A	71	14	21	27	32	36	
A	71	1745389	2020838	2104691	3764729	21029373	
A	72	14	21	27	32	36	
A	72	1771878	2079630	2173868	3870059	20825424	
A	73	14	21	27	32	36	
A	73	1831153	2162678	2275324	3941755	19626000	
A	74	14	21	27	32	36	
A	74	1368911	1547078	1642681	2925565	14665878	
A	75	
A	75	
T	0	14	21	27	32	
T	0	280068	516798	518726	12984524	
T	1	14	21	27	32	
T	1	834059	1041287	1044305	28015537	
T	2	14	21	27	32	
T	2	512025	615219	616607	20027743	
T	3	14	21	27	32	
T	3	408394	451925	452546	18003428	
T	4	14	21	27	32	
T	4	427912	462278	462831	19459457	
T	5	14	21	27	32	36	
T	5	664413	816794	818759	2023818	20772227	
T	6	14	21	27	32	36	
T	6	1014526	1578697	1585696	3528521	33738125	
T	7	14	21	27	32	36	
T	7	797211	1035056	1036528	2463230	23423104	
T	8	14	21	27	32	36	
T	8	893515	1207149	1208503	2739006	26346541	
T	9	14	21	27	32	36	
T	9	676412	718853	719999	1764907	19489597	
T	10	14	21	27	32	36	
T	10	518778	595174	595439	1470407	15948723	
T	11	14	21	27	32	36	
T	11	696210	923301	924574	2151023	22363278	
T	12	14	21	27	32	36	
T	12	802965	997780	999178	2323262	24329169	
T	13	14	21	27	32	36	
T	13	770550	974185	975911	2273465	23560731	
T	14	14	21	27	32	36	
T	14	745463	927475	930211	2185198	22408445	
T	15	14	21	27	32	36	
T	15	722237	903778	906406	2127398	22203542	
T	16	14	21	27	32	36	
T	16	716998	900359	902594	2104002	21880432	
T	17	14	21	27	32	36	
T	17	725053	923567	927953	2145526	22300507	
T	18	14	21	27	32	36	
T	18	721333	916385	921177	2144514	21941642	
T	19	14	21	27	32	36	
T	19	731206	917949	927308	2153908	22233980	
T	20	14	21	27	32	36	
T	20	725598	923411	933499	2143348	22135157	
T	21	14	21	27	32	36	
T	21	735545	921062	939288	2156077	21975927	
T	22	14	21	27	32	36	
T	22	758502	938804	959926	2200200	22149175	
T	23	14	21	27	32	36	
T	23	756294	951272	977396	2201813	22041386	
T	24	14	21	27	32	36	
T	24	770707	946625	987550	2195314	22114808	
T	25	14	21	27	32	36	
T	25	821732	1015109	1058842	2258725	21988012	
T	26	14	21	27	32	36	
T	26	842359	1023083	1083328	2278114	21865941	
T	27	14	21	27	32	36	
T	27	863688	1026551	1102578	2305602	21810576	
T	28	14	21	27	32	36	
T	28	873722	1026115	1111240	2294096	21832752	
T	29	14	21	27	32	36	
T	29	911508	1072294	1170784	2385510	22438087	
T	30	14	21	27	32	36	
T	30	914196	1059588	1172217	2374326	21886090	
T	31	14	21	27	32	36	
T	31	929411	1056525	1184402	2356478	21992567	
T	32	14	21	27	32	36	
T	32	958269	1087758	1222669	2416832	22017286	
T	33	14	21	27	32	36	
T	33	944197	1051806	1194461	2342112	21546281	
T	34	14	21	27	32	36	
T	34	982138	1096825	1248958	2442593	22090409	
T	35	14	21	27	32	36	
T	35	976178	1081095	1235267	2399361	21581034	
T	36	14	21	27	32	36	
T	36	986270	1082904	1245534	2406601	21771774	
T	37	14	21	27	32	36	
T	37	1006238	1100425	1263545	2429690	21747807	
T	38	14	21	27	32	36	
T	38	1016012	1109621	1276295	2445566	21762050	
T	39	14	21	27	32	36	
T	39	1017622	1101403	1270065	2426826	21618274	
T	40	14	21	27	32	36	
T	40	1040095	1123405	1289324	2460593	21720461	
T	41	14	21	27	32	36	
T	41	1065898	1167858	1303096	2472347	21802165	
T	42	14	21	27	32	36	
T	42	1170127	1271653	1440407	2679943	21879919	
T	43	14	21	27	32	36	
T	43	1084254	1178099	1306618	2462293	21603493	
T	44	14	21	27	32	36	
T	44	1188280	1253882	1430747	2648080	22028531	
T	45	14	21	27	32	36	
T	45	1072150	1140633	1298473	2451919	21376714	
T	46	14	21	27	32	36	
T	46	1082892	1143428	1325241	2484965	21520565	
T	47	14	21	27	32	36	
T	47	1163914	1231690	1411691	2602786	21904399	
T	48	14	21	27	32	36	
T	48	1116194	1176933	1363470	2527143	21499953	
T	49	14	21	27	32	36	
T	49	1163092	1239406	1421510	2602270	21910012	
T	50	14	21	27	32	36	
T	50	1164233	1242382	1429603	2595029	21721688	
T	51	14	21	27	32	36	
T	51	1127085	1208741	1398455	2524150	21465564	
T	52	14	21	27	32	36	
T	52	1135057	1226186	1434861	2539324	21528762	
T	53	14	21	27	32	36	
T	53	1153804	1259377	1474909	2572162	21583689	
T	54	14	21	27	32	36	
T	54	1229548	1351363	1612102	2709213	21924544	
T	55	14	21	27	32	36	
T	55	1173072	1295195	1532506	2610530	21806131	
T	56	14	21	27	32	36	
T	56	1284914	1423315	1687524	2784760	22009380	
T	57	14	21	27	32	36	
T	57	1218451	1363166	1654671	2743969	22001533	
T	58	14	21	27	32	36	
T	58	1197792	1352256	1651103	2700771	21539318	
T	59	14	21	27	32	36	
T	59	1298123	1465892	1789565	2878348	21836658	
T	60	14	21	27	32	36	
T	60	1190857	1365847	1706250	2768807	21295123	
T	61	14	21	27	32	36	
T	61	1209154	1389224	1733425	2847941	21429296	
T	62	14	21	27	32	36	
T	62	1341094	1538360	1932372	3131560	21943149	
T	63	14	21	27	32	36	
T	63	1288067	1484369	1882176	3093038	21766607	
T	64	14	21	27	32	36	
T	64	1258595	1468199	1877474	3115567	21365782	
T	65	14	21	27	32	36	
T	65	1276853	1488422	1909464	3196920	21486712	
T	66	14	21	27	32	36	
T	66	1264448	1483518	1917762	3237380	21272459	
T	67	14	21	27	32	36	
T	67	1259344	1481545	1923990	3350718	21400632	
T	68	14	21	27	32	36	
T	68	1283111	1501262	1951204	3413419	21353453	
T	69	14	21	27	32	36	
T	69	1282454	1503004	1958894	3498127	21283971	
T	70	14	21	27	32	36	
T	70	1292013	1514164	1986918	3598691	21319934	
T	71	14	21	27	32	36	
T	71	1306239	1526777	2001207	3649270	21370776	
T	72	14	21	27	32	36	
T	72	1293373	1509751	1998451	3684576	21096521	
T	73	14	21	27	32	36	
T	73	1328522	1545735	2042328	3809986	21215302	
T	74	14	21	27	32	36	
T	74	1381846	1595574	2106007	3952725	21347300	
T	75	14	21	27	32	36	
T	75	1526836	1718985	2049817	3734062	17915896	
G	0	14	21	27	32	
G	0	1063910	1982962	2101875	28466236	
G	1	14	21	27	32	
G	1	623109	939238	952118	17892009	
G	2	14	21	27	32	
G	2	476969	827476	835938	16864841	
G	3	14	21	27	32	
G	3	322566	784660	796523	18553178	
G	4	14	21	27	32	
G	4	236746	791161	808025	19754765	
G	5	14	21	27	32	36	
G	5	301609	937301	956550	1581613	19089444	
G	6	14	21	27	32	36	
G	6	291025	665552	671654	1237376	14382826	
G	7	14	21	27	32	36	
G	7	494083	914943	918288	1802384	18768587	
G	8	14	21	27	32	36	
G	8	494649	797942	799340	1632537	16857725	
G	9	14	21	27	32	36	
G	9	401991	861645	864025	1598909	18290547	
G	10	14	21	27	32	36	
G	10	527702	1103040	1106236	2085220	23596681	
G	11	14	21	27	32	36	
G	11	508976	882423	884272	1766566	19347603	
G	12	14	21	27	32	36	
G	12	451306	847952	850076	1662677	18119095	
G	13	14	21	27	32	36	
G	13	466577	861711	863485	1710986	18338427	
G	14	14	21	27	32	36	
G	14	478450	910735	913003	1775385	18960738	
G	15	14	21	27	32	36	
G	15	485354	901314	903344	1777745	19194132	
G	16	14	21	27	32	36	
G	16	498702	933431	935481	1836770	19533319	
G	17	14	21	27	32	36	
G	17	493226	916817	919175	1800482	19105747	
G	18	14	21	27	32	36	
G	18	506043	938940	941258	1845434	19251783	
G	19	14	21	27	32	36	
G	19	512638	936168	938931	1843253	19320837	
G	20	14	21	27	32	36	
G	20	531898	952289	955431	1881644	19389009	
G	21	14	21	27	32	36	
G	21	545960	961185	966235	1894161	19221789	
G	22	14	21	27	32	36	
G	22	552254	983975	989069	1911648	19229433	
G	23	14	21	27	32	36	
G	23	582939	969253	977718	1919373	19003467	
G	24	14	21	27	32	36	
G	24	609464	991151	1002879	1949148	19253454	
G	25	14	21	27	32	36	
G	25	649183	1029948	1043999	1981902	19016524	
G	26	14	21	27	32	36	
G	26	683657	1042037	1061289	1993513	18965690	
G	27	14	21	27	32	36	
G	27	707591	1067886	1088581	2027582	19162798	
G	28	14	21	27	32	36	
G	28	748760	1079757	1106943	2066635	19483659	
G	29	14	21	27	32	36	
G	29	751363	1065372	1097027	2032772	18874260	
G	30	14	21	27	32	36	
G	30	785435	1079901	1118078	2056774	18944422	
G	31	14	21	27	32	36	
G	31	807815	1081272	1124121	2058224	19050273	
G	32	14	21	27	32	36	
G	32	829528	1092709	1139919	2074952	18887349	
G	33	14	21	27	32	36	
G	33	872262	1131494	1179982	2140689	19690680	
G	34	14	21	27	32	36	
G	34	864240	1123058	1170641	2114209	19272707	
G	35	14	21	27	32	36	
G	35	903189	1144634	1199825	2156329	19507168	
G	36	14	21	27	32	36	
G	36	890301	1113098	1168650	2093705	19045775	
G	37	14	21	27	32	36	
G	37	908278	1118750	1176183	2101599	18954142	
G	38	14	21	27	32	36	
G	38	919846	1127350	1184199	2110839	18892353	
G	39	14	21	27	32	36	
G	39	958674	1159642	1216183	2155063	19349197	
G	40	14	21	27	32	36	
G	40	998522	1182404	1245123	2216403	19361564	
G	41	14	21	27	32	36	
G	41	999178	1172573	1233775	2179770	18983764	
G	42	14	21	27	32	36	
G	42	1033001	1194732	1258722	2230282	19321063	
G	43	14	21	27	32	36	
G	43	1048874	1199213	1266837	2223734	19171163	
G	44	14	21	27	32	36	
G	44	1050197	1191686	1256293	2207561	19164921	
G	45	14	21	27	32	36	
G	45	1057952	1208146	1267488	2219641	19353378	
G	46	14	21	27	32	36	
G	46	1093673	1242783	1299709	2257491	19554011	
G	47	14	21	27	32	36	
G	47	1074216	1215305	1274693	2210456	19181852	
G	48	14	21	27	32	36	
G	48	1064899	1204387	1259612	2187561	19321885	
G	49	14	21	27	32	36	
G	49	1094490	1227582	1299731	2250685	19266721	
G	50	14	21	27	32	36	
G	50	1170383	1302576	1383453	2348191	19366174	
G	51	14	21	27	32	36	
G	51	1119000	1250544	1335229	2274939	19218853	
G	52	14	21	27	32	36	
G	52	1121711	1252377	1347449	2276362	19219324	
G	53	14	21	27	32	36	
G	53	1199822	1337421	1447933	2396313	19628864	
G	54	14	21	27	32	36	
G	54	1162154	1300503	1417515	2322877	19319589	
G	55	14	21	27	32	36	
G	55	1157546	1294443	1421683	2332596	19297347	
G	56	14	21	27	32	36	
G	56	1167341	1306171	1449581	2348378	19143629	
G	57	14	21	27	32	36	
G	57	1162414	1303721	1444707	2343133	19221660	
G	58	14	21	27	32	36	
G	58	1177238	1326367	1476051	2366136	19207592	
G	59	14	21	27	32	36	
G	59	1182700	1330518	1504467	2411168	19165926	
G	60	14	21	27	32	36	
G	60	1267193	1424250	1606593	2552159	19788502	
G	61	14	21	27	32	36	
G	61	1218175	1371038	1556953	2499427	19262791	
G	62	14	21	27	32	36	
G	62	1222582	1370153	1553610	2521576	19188754	
G	63	14	21	27	32	36	
G	63	1228696	1378498	1551942	2536058	19364145	
G	64	14	21	27	32	36	
G	64	1311224	1465820	1656467	2707542	19714466	
G	65	14	21	27	32	36	
G	65	1234806	1384696	1564943	2607140	19122897	
G	66	14	21	27	32	36	
G	66	1245234	1391604	1580700	2664711	19255969	
G	67	14	21	27	32	36	
G	67	1257384	1401579	1600264	2789266	19433387	
G	68	14	21	27	32	36	
G	68	1270687	1414227	1610428	2796901	19289821	
G	69	14	21	27	32	36	
G	69	1292258	1434403	1625349	2882569	19458161	
G	70	14	21	27	32	36	
G	70	1290155	1428909	1618870	2905680	19281864	
G	71	14	21	27	32	36	
G	71	1295775	1434882	1607395	2897744	19271011	
G	72	14	21	27	32	36	
G	72	1321619	1464379	1619216	2908883	19419057	
G	73	14	21	27	32	36	
G	73	1300912	1436948	1625847	3004786	19095773	
G	74	14	21	27	32	36	
G	74	1251107	1375529	1564818	2891566	17705557	
G	75	14	21	27	32	36	
G	75	933220	1081862	1446122	2863135	11581954	
C	0	14	21	27	32	
C	0	470123	822596	835087	25997487	
C	1	14	21	27	32	
C	1	236721	432268	436181	14860184	
C	2	14	21	27	32	
C	2	393059	530665	532744	18951002	
C	3	14	21	27	32	
C	3	278423	342941	344083	14469890	
C	4	14	21	27	32	
C	4	246468	290790	291595	13197361	
C	5	14	21	27	32	36	
C	5	428148	512878	514699	1259966	15072756	
C	6	14	21	27	32	36	
C	6	373892	510792	512227	1307325	14717244	
C	7	14	21	27	32	36	
C	7	686857	800320	801347	2081428	21123134	
C	8	14	21	27	32	36	
C	8	662727	788920	789821	2025267	20489936	
C	9	14	21	27	32	36	
C	9	438450	473480	474673	1287284	14410553	
C	10	14	21	27	32	36	
C	10	670073	748460	749471	1837314	21180814	
C	11	14	21	27	32	36	
C	11	633872	753751	755188	1876511	20361831	
C	12	14	21	27	32	36	
C	12	536090	608646	609946	1610196	17006075	
C	13	14	21	27	32	36	
C	13	556397	630926	632433	1712999	17470501	
C	14	14	21	27	32	36	
C	14	586565	656550	659518	1795360	18002343	
C	15	14	21	27	32	36	
C	15	581857	652461	655462	1796882	18154092	
C	16	14	21	27	32	36	
C	16	580408	647853	650205	1803617	17841663	
C	17	14	21	27	32	36	
C	17	585674	655700	661492	1841908	17912691	
C	18	14	21	27	32	36	
C	18	596160	666251	672009	1883437	17939943	
C	19	14	21	27	32	36	
C	19	579763	644759	654926	1853611	17499563	
C	20	14	21	27	32	36	
C	20	599660	667822	680163	1917656	17762226	
C	21	14	21	27	32	36	
C	21	597662	659558	683468	1946929	17567100	
C	22	14	21	27	32	36	
C	22	600022	658389	684651	1936883	17409414	
C	23	14	21	27	32	36	
C	23	625560	690948	726823	2012218	18142760	
C	24	14	21	27	32	36	
C	24	625138	681653	737651	1997119	17736297	
C	25	14	21	27	32	36	
C	25	677686	743576	807587	2087755	17943686	
C	26	14	21	27	32	36	
C	26	704785	766192	859425	2140259	18260815	
C	27	14	21	27	32	36	
C	27	696827	752966	859593	2109027	17697107	
C	28	14	21	27	32	36	
C	28	696634	747517	871179	2103366	17746396	
C	29	14	21	27	32	36	
C	29	711260	763507	904248	2143903	17729659	
C	30	14	21	27	32	36	
C	30	746552	796853	962172	2213400	18208203	
C	31	14	21	27	32	36	
C	31	734999	777837	963837	2175047	17731587	
C	32	14	21	27	32	36	
C	32	765191	810700	1010033	2238806	18221273	
C	33	14	21	27	32	36	
C	33	741137	778242	990740	2182122	17731279	
C	34	14	21	27	32	36	
C	34	757733	797591	1008292	2200341	17644770	
C	35	14	21	27	32	36	
C	35	773550	810926	1041937	2243295	17879863	
C	36	14	21	27	32	36	
C	36	774881	808813	1049472	2246376	17818057	
C	37	14	21	27	32	36	
C	37	783311	816823	1059470	2254525	17849322	
C	38	14	21	27	32	36	
C	38	803706	837349	1081210	2305623	17929785	
C	39	14	21	27	32	36	
C	39	813059	844445	1100162	2345769	18129487	
C	40	14	21	27	32	36	
C	40	810071	840807	1091094	2321406	17751448	
C	41	14	21	27	32	36	
C	41	812475	842494	1097706	2349783	17877782	
C	42	14	21	27	32	36	
C	42	823969	853369	1104613	2336649	17802628	
C	43	14	21	27	32	36	
C	43	1091638	1122110	1383788	2635417	18022665	
C	44	14	21	27	32	36	
C	44	840378	867540	1129530	2363510	17802854	
C	45	14	21	27	32	36	
C	45	917022	946053	1206791	2450443	18233620	
C	46	14	21	27	32	36	
C	46	835457	866995	1127983	2321813	17695830	
C	47	14	21	27	32	36	
C	47	868833	903456	1149426	2380938	17986892	
C	48	14	21	27	32	36	
C	48	850752	885563	1141711	2351604	17947615	
C	49	14	21	27	32	36	
C	49	861302	903819	1163652	2379806	17773934	
C	50	14	21	27	32	36	
C	50	884943	934230	1204034	2436685	18092362	
C	51	14	21	27	32	36	
C	51	973516	1034629	1335532	2566435	18239703	
C	52	14	21	27	32	36	
C	52	927159	1005708	1299910	2493883	18186053	
C	53	14	21	27	32	36	
C	53	894659	989881	1294236	2435934	17960240	
C	54	14	21	27	32	36	
C	54	917111	1027782	1322966	2421084	18005692	
C	55	14	21	27	32	36	
C	55	988479	1109062	1428374	2560757	18182798	
C	56	14	21	27	32	36	
C	56	910203	1051778	1378025	2470606	17990621	
C	57	14	21	27	32	36	
C	57	931010	1075502	1400987	2479893	17878393	
C	58	14	21	27	32	36	
C	58	997022	1171827	1537178	2626775	18134363	
C	59	14	21	27	32	36	
C	59	932708	1116846	1484805	2552540	18025540	
C	60	14	21	27	32	36	
C	60	944339	1138398	1516602	2589268	18006931	
C	61	14	21	27	32	36	
C	61	1038450	1256051	1668573	2782564	18303860	
C	62	14	21	27	32	36	
C	62	947175	1157598	1561500	2677566	17930877	
C	63	14	21	27	32	36	
C	63	957706	1183308	1609142	2740464	18016443	
C	64	14	21	27	32	36	
C	64	949927	1184780	1620100	2762528	17799420	
C	65	14	21	27	32	36	
C	65	985417	1235884	1702174	2899179	18137493	
C	66	14	21	27	32	36	
C	66	966125	1220485	1683623	2880880	17968463	
C	67	14	21	27	32	36	
C	67	952986	1211673	1685610	2933382	17627281	
C	68	14	21	27	32	36	
C	68	984901	1249535	1748320	3051167	17967565	
C	69	14	21	27	32	36	
C	69	988084	1254662	1760144	3113892	17867104	
C	70	14	21	27	32	36	
C	70	979696	1249664	1763460	3148202	17786620	
C	71	14	21	27	32	36	
C	71	992034	1258117	1773031	3181602	17933368	
C	72	14	21	27	32	36	
C	72	994828	1250748	1757451	3209728	17907046	
C	73	14	21	27	32	36	
C	73	1002188	1255211	1769067	3299961	17796545	
C	74	14	21	27	32	36	
C	74	1020379	1269468	1793306	3398657	17937564	
C	75	14	21	27	32	36	
C	75	1244966	1490099	2164346	4799192	15169178	
N	0	2	
N	0	54730	
N	1	2	
N	1	40034	
N	2	2	
N	2	41646	
N	3	2	
N	3	39513	
N	4	2	
N	4	38797	
N	5	2	
N	5	39131	
N	6	2	
N	6	38826	
N	7	2	
N	7	39779	
N	8	2	
N	8	38814	
N	9	2	
N	9	38855	
N	10	2	
N	10	39823	
N	11	2	
N	11	39006	
N	12	2	
N	12	39544	
N	13	2	
N	13	38801	
N	14	2	
N	14	38827	
N	15	2	
N	15	38789	
N	16	2	
N	16	40101	
N	17	2	
N	17	38788	
N	18	2	
N	18	38811	
N	19	2	
N	19	38798	
N	20	2	
N	20	39648	
N	21	2	
N	21	39367	
N	22	2	
N	22	39215	
N	23	2	
N	23	42759	
N	24	2	
N	24	45028	
N	25	2	
N	25	45465	
N	26	2	
N	26	42885	
N	27	2	
N	27	42445	
N	28	2	
N	28	46602	
N	29	2	
N	29	44803	
N	30	2	
N	30	50402	
N	31	2	
N	31	46080	
N	32	2	
N	32	48485	
N	33	2	
N	33	42923	
N	34	2	
N	34	47163	
N	35	2	
N	35	10092	
N	36	2	
N	36	12215	
N	37	2	
N	37	5526	
N	38	2	
N	38	13294	
N	39	2	
N	39	10125	
N	40	2	
N	40	18689	
N	41	2	
N	41	7334	
N	42	2	
N	42	11719	
N	43	2	
N	43	11677	
N	44	2	
N	44	4341	
N	45	2	
N	45	5135	
N	46	2	
N	46	7389	
N	47	2	
N	47	6162	
N	48	2	
N	48	7168	
N	49	2	
N	49	8893	
N	50	2	
N	50	9987	
N	51	2	
N	51	12772	
N	52	2	
N	52	7410	
N	53	2	
N	53	8001	
N	54	2	
N	54	5006	
N	55	2	
N	55	4582	
N	56	2	
N	56	13958	
N	57	2	
N	57	5818	
N	58	2	
N	58	10531	
N	59	2	
N	59	7231	
N	60	2	
N	60	12215	
N	61	2	
N	61	12758	
N	62	2	
N	62	4501	
N	63	2	
N	63	13825	
N	64	2	
N	64	3823	
N	65	2	
N	65	8689	
N	66	2	
N	66	8472	
N	67	2	
N	67	5224	
N	68	2	
N	68	8138	
N	69	2	
N	69	7622	
N	70	2	
N	70	18140	
N	71	2	
N	71	10128	
N	72	2	
N	72	13698	
N	73	2	
N	73	12351	
N	74	2	
N	74	7417	
N	75	2	
N	75	7931	
